0.0748086012726   0.294981170066   -0.952570093212
0.619193769574   0.735041978446   0.276246928749
0.781666648193   -0.610491113145   -0.127663040362
0.599397643981   -0.284279332986   0.748269821139
0.573958658631   0.804229705373   -0.154227232284
-0.557937203072   0.521919382503   0.645217975258
0.906428255129   0.180052785958   0.382058650697
-0.102720130688   0.971398221791   -0.214088928842
-0.409678401988   0.154811139682   0.898997840918
-0.654155653766   -0.575662860127   0.490604374336
-0.756252336908   0.508746262467   -0.411411768607
-0.0127586663871   -0.640148039048   -0.768145627166
0.7141292012   -0.138679065692   -0.686139636468
-0.281634819467   0.840431247327   -0.462987199586
0.640859822782   0.523873491652   0.561119641687
-0.0124957693905   -0.516228970369   -0.856359449004
-0.991935605159   -0.101625870121   0.0757359738873
-0.126125377962   0.850399807546   -0.510796002686
-0.769928181279   0.348519534471   -0.534550960867
0.635254557662   0.339165791386   -0.693843075142
-0.0605164658653   -0.873785271131   -0.482531923621
0.597900852171   0.782135374535   0.175438954838
0.758060775748   -0.622865760519   0.193344523184
0.260496509085   0.0173925350261   -0.965318117762
-0.876565403183   0.457809818987   -0.148469739617
0.458394197838   0.888161595836   0.0323069508208
0.146655560179   -0.0397385118232   -0.988389092082
0.835259863378   -0.457718379977   0.304688111455
-0.373788016102   -0.879056128991   -0.295876394973
0.403266015985   0.133244912531   -0.905329947387
0.675256426028   0.245667018547   -0.695468529199
0.563877550861   0.435883475674   0.701461120284
0.475469101776   -0.865825220026   0.155807001203
0.260151553101   0.194071161949   -0.945863390516
0.367297097721   0.886060984524   0.282822866313
0.892980409318   -0.420989686101   0.15922836673
-0.0468795951528   -0.91643289112   -0.397433088246
-0.964867539889   -0.0614270219898   0.255455184794
-0.258520664604   0.395445921769   -0.881356675206
-0.587554072797   -0.564845496415   -0.57942193324
-0.728200265176   0.681332972153   0.0742277229588
0.352852072882   0.465548006373   -0.811640602992
0.680386231374   -0.687847256342   -0.252865039299
-0.37327916255   -0.0283431984148   -0.927286002218
0.630664128489   0.725301878563   -0.276043369764
0.875103542224   -0.389147763104   0.287676569881
0.157882592202   0.791505671741   0.590416682251
-0.457456967886   -0.471256607457   0.75408907462
-0.34898680821   -0.528812559048   -0.773670139716
-0.861872524282   -0.143031166817   0.48653657335
-0.367945593239   0.836599882089   -0.405853024757
0.693096651679   -0.697998285146   0.180042843139
-0.676081525666   -0.716097980328   -0.173543807792
0.25006159658   -0.00144100797435   -0.968228857973
0.03491212006   0.900119038141   -0.434242859526
0.95838577577   -0.153339764577   -0.24079788496
-0.283333458446   -0.407765415129   -0.868014698925
0.457594264089   0.231566391977   0.858478011122
0.758983482587   0.401235793392   -0.512790319001
-0.463197109914   0.886220539261   0.00784813097062
0.79205693116   -0.418398848242   -0.444508966828
-0.397701273366   0.198752265426   -0.895729442494
0.463119331235   0.886250495502   -0.00897464530614
-0.534663640849   -0.084702981333   0.840809250726
-0.531029314686   0.807657776484   -0.256313836981
-0.65737558374   -0.583536049476   -0.476805013465
0.986159228972   -0.132532200115   -0.0996252530567
-0.0292369592775   -0.730460267144   0.682329098263
-0.163202865557   -0.669972397981   -0.724224972379
-0.37433501078   0.596866947957   -0.70966410797
0.737765904439   -0.271927856204   -0.617864638305
-0.561760420421   -0.754854348505   -0.338555966706
-0.0998407483666   0.790699423924   -0.604008481705
0.638253561888   0.516590206962   0.570759974778
0.763324449827   -0.328525461839   -0.556243476564
0.825619362299   -0.378053950683   0.418841114231
0.232103317953   0.904174619977   0.358603271575
-0.514276888837   -0.198855392088   0.834251649471
-0.0137991978219   -0.548532726047   0.836015209547
-0.54068084448   0.70741190222   0.455228102175
-0.84111462153   -0.44573562686   -0.306342854325
0.830611957696   -0.043471777582   0.555152213619
-0.145700854081   0.945250595628   0.292014678716
-0.537452357751   -0.323437035634   0.778802572625
0.711100505536   0.685260136354   0.157335998904
0.613061078382   -0.713880950896   0.338422963348
0.344226938517   -0.144196163165   -0.92774742324
-0.869773780633   0.428539603724   -0.244637238711
0.336775192388   0.877879717768   0.340455093844
0.360660561076   0.213731160976   -0.907878268554
0.828352890149   -0.511530104827   -0.228404118258
-0.202360896002   -0.653407214537   0.729458072654
-0.522380663071   -0.558028640704   -0.644765444951
-0.264863759789   0.467804429178   -0.843211838622
0.891530358123   -0.214417080761   -0.398997413555
-0.367451778192   -0.85742890756   -0.360270536103
0.989247087729   0.0764449151691   -0.124685100814
0.146251794987   -0.512498910218   0.84614140632
0.000782229739304   -0.855278341811   -0.518168260458
0.0487084894251   -0.393394261161   -0.918078666751
-0.792295115797   0.544477017742   -0.275342017561
0.60819070409   0.740800737335   -0.285163698639
-0.300211564203   -0.942745984991   0.145268800857
-0.940763805866   0.267470570113   -0.208381754708
0.157595933612   -0.1992222425   -0.967199059037
-0.555867681005   -0.787524763081   -0.266112511446
-0.192757868948   0.433515057481   -0.880289213211
0.808613334773   -0.438029042955   -0.392778604758
0.925796966672   -0.307284222942   0.220173528906
-0.358819278888   -0.531061273207   0.767608395732
-0.118948314819   -0.789652031233   -0.601914419142
0.00368508792929   0.055660607975   0.998442946215
0.739177692755   0.672309215319   -0.0402076799854
-0.673500377624   0.738174922167   -0.0386655612062
-0.580199142566   0.801680466532   -0.143796330089
0.729752869214   0.590086095021   0.345339181583
0.361703891103   0.0954297125841   -0.927396067016
-0.260311715013   0.911819056224   0.317527667665
0.901644785483   0.347200745932   -0.25785329712
-0.345361393092   0.219174931802   -0.912517318976
-0.740029084101   -0.162543287415   -0.652638210957
-0.552325657722   0.700580048281   0.451800800986
0.383788121893   0.694814562071   -0.608226439599
0.672526188228   -0.735185010765   0.0849207047401
-0.204037045433   -0.294488963202   -0.933619373537
0.711391179478   0.610556508849   -0.34805651734
0.0463256117054   0.263353999711   0.963586326458
-0.940172355916   0.337438414111   -0.0470240135954
-0.337535003922   -0.903758810479   0.263230191294
-0.260327729877   -0.962083675185   0.0813908778633
0.0255298057267   0.0774089982218   0.996672501885
-0.965182729889   0.261539383147   0.00441010054111
0.842347604037   -0.414492759224   0.344450673572
-0.527269800366   -0.501568962336   0.685868160541
-0.111521619407   -0.759357839607   -0.641044928092
0.1185331071   0.439379920578   0.89044662272
0.992138062287   -0.0161476590231   -0.124102048608
-0.0401493198189   0.898156188255   -0.437839575207
0.772070052358   0.548478269999   0.321059841137
0.263132258517   0.183972946702   -0.947056159586
-0.578506049043   0.815674899835   -0.00228232333985
0.877123504862   0.441239590258   0.18963644483
0.244903321253   -0.0712681113581   -0.966924619369
-0.413130391593   0.894554906248   -0.170571976742
0.509489664558   -0.36164604029   -0.78078961523
-0.859649670197   -0.174149799481   -0.480285635711
0.0377190434341   0.915906102656   -0.399616422184
0.0781133904908   -0.99252534223   0.0937642962807
-0.942945621457   -0.104088418629   -0.316258052991
0.323653909602   -0.0637106438378   -0.944028124931
0.652728357194   0.622047518634   -0.432437945
-0.210467406889   0.697228043911   0.68525653986
0.727769992753   -0.356272282595   0.586021243901
0.544166832766   0.824307863174   0.156201808014
0.82386800274   -0.560198489209   0.0861345850969
0.158505432647   0.0818180872286   -0.983962310469
-0.868141556883   0.456830473047   -0.194000402343
0.496238448648   0.805887061768   -0.322944957784
0.00881131639368   -0.376632397134   -0.926320893715
-0.204599832648   0.860517354981   0.466528445281
0.710858221317   0.458274468704   -0.533540158301
-0.672918641194   0.222473353707   -0.705468715978
0.853170308698   -0.292932462288   0.431614407654
-0.454993879123   -0.822570213784   0.341114076749
0.255109769153   -0.487410315785   -0.835074960557
-0.155820747559   0.796337243213   0.584437241885
0.713350532083   0.499981776838   -0.491069487147
-0.683264892268   0.340389802877   -0.645975130396
-0.516810403197   -0.852261844842   0.0809737918964
-0.836067110229   0.522796012408   0.166361403585
-0.184116252243   0.018277779868   -0.982734515738
0.40882119125   -0.627335789125   0.662808449906
-0.722068305549   0.221800602944   0.655302872461
-0.558106258437   -0.746494675276   -0.362302503548
-0.36344958827   -0.299100533755   0.882294320221
-0.205074865687   0.949515848369   0.237410937322
-0.908762178048   -0.0946494817955   -0.406439145932
-0.66881320247   0.732550949345   -0.126720191035
0.716795206541   0.680631566948   0.151477067417
0.197214431728   0.0104774370536   -0.98030438703
0.209608991875   -0.774754962567   0.596505505845
-0.587453206725   -0.587463804569   -0.556583334487
0.781641094386   -0.233754200601   -0.578269983025
-0.295313775888   -0.895758260348   0.332275356879
-0.865403907574   0.103439880318   -0.490281824989
0.404803471485   -0.432339369221   -0.805739920381
0.286026567595   -0.951650378046   -0.112028391917
-0.781944659284   -0.1642321689   -0.601323826666
0.553851381191   0.259594592902   -0.791112694177
-0.847962531137   0.102964300513   0.519959516317
0.272276982224   0.926253004698   0.260615840346
-0.454779936606   0.362565475615   -0.813462651357
0.811754377531   0.222086327191   0.540122665543
-0.465752612956   0.804157063885   0.369331720989
-0.352319931431   -0.551370184068   0.756215304022
0.68031726803   0.702403633593   -0.209278642807
0.7311152344   -0.630375890051   0.260953542362
0.0513705056262   -0.330538005014   -0.942393600569
0.622779916712   -0.781847252293   0.0293265992372
-0.532556562559   -0.396151997654   0.747961965898
-0.573174216985   -0.481433763707   -0.663093393231
0.790476665776   -0.459193038654   0.40532504748
-0.603295011935   -0.697981734033   0.385819423475
0.10574388605   -0.549511830818   -0.828767143626
0.856207693454   0.397999105007   -0.329401120344
0.438487393842   -0.896993388229   0.055961298364
-0.27319808036   -0.192352732983   -0.942530230285
-0.286196627762   -0.877924033013   -0.383850078177
0.0176185682095   0.395717613944   -0.918203221552
0.958008912439   -0.269549554393   -0.0977852821983
0.652867400858   -0.212278048687   -0.727119100934
-0.648399708374   0.339635247546   -0.681341116333
0.391589038506   0.916289216716   0.084095756442
0.935296459384   -0.248498761466   0.251930344765
-0.312677711059   -0.247005927555   0.91718085499
-0.165690018017   -0.936609009834   -0.308723793426
0.869845492871   -0.378720366129   -0.316132413415
-0.354529616398   -0.925503270547   0.133238310198
-0.343041644161   -0.00381844034421   -0.939312434648
0.104700319822   -0.30613084406   0.946214430953
-0.225832347065   0.919269626614   0.322402085297
-0.968523409138   -0.247441427211   0.0271135768865
0.451191556627   -0.332064409434   0.828347395249
-0.866039925792   0.0611222087354   0.496224669413
-0.215408974193   -0.94127429774   -0.260003212
0.902470884562   0.172953730037   -0.394503878034
0.345555058523   -0.837483630077   0.423335411799
-0.257173101328   -0.518370694214   -0.815569628746
0.0151549794271   -0.0417517221026   0.999013073138
0.965662197877   0.259773242749   -0.00379235327667
-0.259358528278   0.96476663295   0.0442549178803
0.553033217103   0.214339605372   0.805116634004
0.716706395985   0.370359905118   -0.590902261492
-0.42483667772   0.90382081977   0.0512027637304
0.876011346169   -0.37618767479   0.30180615421
-0.16251877033   -0.819428178712   -0.549659084545
0.454083440211   0.432458429527   -0.778965940243
-0.472036671999   0.749495334979   -0.464153124661
0.858837672021   0.509776300073   -0.0502590986913
0.198945302547   -0.422356326729   -0.884327936835
0.839713736413   0.540856746505   0.0485264941925
0.310829761365   -0.40545373652   -0.859646512813
-0.445270367674   0.736940463879   -0.508579445484
-0.368723081081   0.885334912947   0.283240854035
0.546710481249   -0.0398829370363   0.836371329629
0.751765215456   0.463240157208   -0.469316116897
0.396616934221   -0.914836305507   -0.0759574987458
-0.659614171874   -0.226463790546   -0.716675167586
0.638438839477   0.334348150433   -0.693258366376
0.0578876869015   0.677833683996   0.732932815848
0.980127233441   -0.178118819424   0.0873171943767
0.189735663417   0.713312822686   -0.674674139878
0.125889303963   -0.145822925972   0.981268341183
0.808660159434   0.588048630825   -0.0163570880452
-0.574648266066   0.795571795658   0.191950223396
0.4513830962   -0.716193294116   0.532278560463
-0.818803035914   -0.0953205859453   0.566105621128
-0.354703945343   -0.6913618093   -0.629447344739
-0.0957033494498   0.216714129523   0.971532734893
-0.644743367411   0.730110270608   -0.226373547333
-0.758384374235   -0.648053993751   0.0698509992692
0.341176336173   0.649518174905   0.679503383438
0.549649162533   -0.724263824232   0.416326447676
0.762551313527   0.231447733576   -0.604108798861
0.810145164124   0.555166170655   -0.188295873577
0.361406568876   -0.220085686464   0.906061577702
0.461573509876   -0.802092771177   -0.378942055474
0.911942114191   0.268340741584   0.310410738815
0.361172297675   -0.165949486482   -0.917613938063
-0.194720701923   0.948922554449   -0.248253567749
0.345792001029   -0.277843971067   0.896231342772
0.795088467646   0.593966416268   -0.122630440603
-0.498259190222   0.754987830424   0.426299372825
-0.521009519444   0.0323796307394   -0.852936480731
-0.822053835188   0.249919016657   0.511632658424
0.229731523089   0.967725190654   -0.103592387137
-0.713203358873   -0.366117740444   -0.597744735672
-0.318257246237   0.928925508679   -0.189234575441
0.624542467819   0.0552738587085   -0.779032416806
0.213796537795   -0.527137029523   -0.822446103117
-0.963571042555   0.0246946679054   -0.266310006057
0.160691898912   0.849421406301   -0.502654342607
-0.316960310681   0.477646394989   -0.819383965432
-0.199792435562   0.810917471926   0.549996214911
0.927156483095   0.338033689266   -0.161598517246
0.269819510478   -0.345324425789   -0.898859540039
-0.039159269755   0.92877410883   -0.368571846944
0.962114329671   0.134646558519   0.237078723046
-0.50273315238   -0.856360034338   0.11792738904
-0.167685761514   0.230438272809   0.958529961874
-0.848021734912   0.462110045349   -0.259448343807
-0.679706781496   -0.70722592418   -0.194499828681
-0.653036015813   0.704235087163   -0.2785622086
0.333980019223   -0.0623252290561   -0.940517364318
-0.204655015915   0.971196897452   -0.122036514378
0.609897080702   0.224037904794   0.760152989974
0.765599030441   0.0811394084023   -0.638180633513
-0.0673452190589   0.750760226109   -0.657132942686
0.940092367259   -0.172867976074   -0.293841800753
-0.334201978587   -0.637554504134   -0.69414212649
-0.888769693429   -0.458349591295   -0.00202094069483
-0.434896870688   0.84188450907   0.319523371998
-0.144752008299   0.284861590158   -0.947576239965
0.524810931505   0.0773107646459   -0.847700732478
-0.305001256046   0.946822602264   -0.102475331922
0.794699767197   0.312329962559   0.520482732187
-0.639488431132   0.10158948602   -0.762059133387
0.190461013685   0.981265875723   -0.0290152271661
0.744834980861   -0.163697457132   -0.646857011877
-0.0581569056594   0.843070389122   0.534649505106
0.864765047353   -0.225043367259   0.448928608722
0.498797741776   0.488454503345   -0.715969979092
0.234061795923   0.695480535457   0.679354031776
0.86159277756   -0.472109963627   0.186467337357
0.450414210862   0.541681647321   -0.709723912242
-0.75988141177   -0.573823148484   -0.30546232879
0.0561489601988   0.410204228379   -0.910263580117
0.647632252374   -0.708843766484   -0.27948699505
0.902866913915   -0.232360966512   -0.361717731109
0.256765653953   0.966262759289   0.0201910614336
0.344822758395   -0.1111065311   0.93206899103
0.877827042281   -0.21525418226   0.427884705101
-0.276465018788   0.501792511808   0.819616598465
-0.391135241606   -0.83777676747   0.380976784937
-0.867893682351   0.377701883978   -0.322648172123
0.485978204548   0.511061466494   -0.708972046113
-0.102887029498   -0.772112339174   -0.627101901493
0.395225968497   0.734579570366   -0.551533578875
0.879404295919   -0.476059894106   -0.00388092041513
-0.265413862006   -0.483487158076   -0.834143662585
0.408512963075   0.812837234675   0.415226190076
-0.391234865046   0.56694163745   -0.72492238212
-0.82465292055   0.133689227882   0.549613274018
-0.547938243203   -0.680706700672   -0.486211959227
-0.496495241242   0.732424691834   -0.465882545515
0.673243014861   -0.0138729395381   -0.739291136488
0.890470392861   0.414550306233   -0.187644672292
0.228241189966   -0.0501577248986   0.972311761646
0.393660308693   -0.908643079672   -0.139281424191
-0.0449334782817   0.99828587885   -0.0375004882478
0.99849163626   0.0460649625963   0.0298742621683
0.0315505126521   -0.0361015693608   -0.998849959624
0.151689307743   -0.907636872686   -0.391389398498
-0.62174219776   0.220206823894   -0.751628627871
0.768392473571   0.357357331044   -0.530913123315
0.666123128331   -0.652740872676   0.360845300705
-0.742723270852   -0.624731981888   0.240981521577
0.0681331111713   -0.428531567033   -0.900954258116
0.288068183995   -0.88858982993   0.35696615458
-0.659730375525   -0.454346953026   -0.598602270197
0.694098374137   -0.0630631462998   -0.717112603849
-0.933739933009   0.149977995109   0.325017443359
0.350674327622   0.565437803711   0.746530378539
-0.0718140198798   0.811040499061   -0.580565289551
-0.258740443799   0.396263962095   0.880924659144
0.948487173701   0.276837476496   0.154055486538
-0.182826322142   0.875406125151   -0.447480336976
0.74075793241   0.497085057869   0.451867381889
0.6188400641   -0.24322982669   -0.746911123543
-0.261370734086   0.832913979143   -0.487790572594
0.362602501801   0.308030230943   -0.879566258171
-0.573635026002   0.817593019348   0.0498448759381
0.734480961381   0.486476136659   0.473158203807
0.999952100295   -0.00753448527041   -0.00624729126955
0.00766778356691   0.999737398389   0.0215948919425
0.00608294432554   -0.0216417604308   0.999747284064
0.722003716845   -0.656659730236   0.217964748408
-0.462333291996   -0.692260870463   -0.554096394445
0.514741255365   0.299287296609   -0.803410576302
0.863124311649   -0.16226499169   -0.478211768061
0.191529996825   0.981404772549   0.0126859266386
0.467260829684   -0.102541430116   0.878152932098
