0.057954855988   0.318808870792   -0.946045526691
0.585880612053   0.756425433881   0.290799710109
0.808322425204   -0.571122987528   -0.142945409261
0.582839787757   -0.365579586634   0.725706102802
0.611816517812   0.785172748218   -0.0958347744217
-0.534769417917   0.499855300355   0.681297547602
0.915101934637   0.198181583347   0.351158809153
-0.106681013035   0.958843433087   -0.263131967431
-0.388854228061   0.203330594965   0.898581692708
-0.578864579549   -0.628859973181   0.519086633111
-0.815416269035   0.443703649795   -0.37178404935
0.00347947363217   -0.638484303087   -0.76962697976
0.705464340613   -0.303136644786   -0.640646734723
-0.119964563124   0.839801493528   -0.529473280782
0.698518838484   0.450379424548   0.556084351719
0.0369614633567   -0.57959786539   -0.814063980693
-0.997054633982   -0.076169251747   0.00896113521219
-0.0672004991241   0.811335047637   -0.58070606454
-0.783949789617   0.30517946314   -0.540636867627
0.616412451443   0.278994916713   -0.736340631878
-0.0738811008693   -0.910509380361   -0.406834427265
-0.964259587988   -0.263973139861   0.0228391857537
-0.183910419129   0.604757205888   -0.774884300823
0.190736479756   -0.751389980875   -0.631690344973
-0.821969063062   -0.546573977877   -0.160074189289
-0.554231083358   0.832353896881   0.0038596096628
0.131128813038   0.0918905710855   -0.987097440649
0.799923148973   -0.447113061568   -0.400265993949
-0.528699618315   -0.840625325203   -0.117583060944
-0.283900808964   0.305677890601   -0.908824162238
0.527987717186   0.308281455555   -0.791322636263
0.539591552402   0.59775533299   0.592899248151
0.655797169159   -0.740034530304   0.149261404522
0.269335665492   0.220702871357   -0.937415885223
0.350507598596   0.884162115036   0.308871781911
0.896996500897   -0.411761577748   0.160778358213
-0.199730402931   0.902856055099   0.380734434896
0.830054993334   -0.0505797735142   0.555383106111
0.520688461738   0.426957410384   -0.739317858253
-0.610048347364   -0.493472009834   -0.619940633762
-0.726914122723   0.659914202355   0.190023955638
0.315336125531   0.566567402027   -0.761291341666
0.656339929279   0.731687023439   0.183989121865
0.298959970003   -0.0283211351426   -0.953845296492
-0.692705445027   0.681052136796   -0.237333422416
0.808340982183   0.0129957957   0.58857112214
0.259067050869   0.88989943372   -0.375450743797
-0.528648389458   0.455971607842   0.715975399832
-0.293553246184   -0.520561845706   -0.801774192931
-0.862768980952   -0.216899819577   0.456710141965
-0.411650552242   0.825814648128   -0.385452967009
0.632398000443   -0.714214204976   0.299951393473
-0.678613367205   -0.697517718322   -0.230115037487
0.373572840135   -0.0580267355442   -0.925784116885
0.0765186159858   0.914335630277   -0.397662239361
0.967013410628   -0.16523967569   -0.193857971835
-0.242960830328   -0.36971097466   -0.896818727582
0.451574997862   0.242916504471   0.858528737528
0.751608911054   0.414944189041   -0.512742981234
-0.480795243455   0.876819760177   0.0048002118764
0.852377669467   -0.40419401669   -0.331782316386
-0.302870854857   0.135628720868   -0.943331381516
0.426288111343   0.904561798302   -0.00681169435708
-0.525035153977   -0.198566402116   0.82759257551
-0.439960045599   0.895719268025   -0.0642039809194
-0.728541862466   -0.397817014267   -0.557645387136
-0.712512063467   0.133421702681   0.688857901651
0.2226234217   0.974015903734   0.0416152782574
-0.665406170338   0.183007290914   -0.723700877399
-0.445220548405   0.730224006201   0.518219609863
0.581854201717   -0.203966843399   0.787301222365
0.680605870693   0.652050939392   -0.334073676328
-0.00874216078476   0.710147898357   -0.703998250767
0.782334069957   0.443339282738   0.437497066694
0.622797701994   -0.546937147066   -0.559448638885
0.822712903417   -0.362914516649   0.437534606811
0.214008332351   0.910797420553   0.353055933809
-0.526634514855   -0.196827620823   0.826991520782
0.00092074922423   -0.610624846957   0.791919470969
-0.491963520043   0.68918121544   0.5319785214
-0.870615326747   -0.39008530934   -0.299770586066
0.828975864445   0.0257985146114   0.558689048408
-0.209936326177   0.940243601433   0.268083399179
-0.518387649465   -0.339523793876   0.784855297666
-0.877088068228   -0.475923531307   -0.064910037127
-0.273587016325   0.606064178266   -0.746884433042
0.394799525164   -0.63732488118   -0.661778158267
-0.856244205813   0.453680562671   -0.247021875682
0.37799783363   0.876199182621   0.298986003261
0.352084503752   0.162631299044   -0.921730743107
0.884386157333   -0.44147527306   -0.1515279116
-0.210079799539   -0.666388899256   0.715396612219
-0.416806432943   -0.600853907556   -0.682090154769
-0.299864826696   0.464323998557   -0.833357252368
0.891151502058   -0.175442312361   -0.418412470432
-0.340485074696   -0.868114750132   -0.361174050165
0.996175637506   0.0552292290345   -0.0677039991455
0.0865668255422   -0.518835038561   0.850480092346
0.0118441528021   -0.853088468461   -0.521631844333
0.0947925287631   -0.415110516244   -0.904819117721
-0.81156580679   0.494151979437   -0.311728668024
0.576520006366   0.763869806002   -0.290047585298
-0.371005552169   0.241555965768   0.896663591132
0.238314926908   -0.908472169432   0.343342850488
0.897530431725   0.34107042201   0.279481826524
-0.623894526078   -0.626138916458   -0.467659788337
-0.294930495335   0.74279804072   -0.601054967224
0.723720680409   -0.2370677709   -0.648095092366
0.893188658557   -0.321466803561   0.314440955401
-0.442881354554   -0.507711248249   0.738975909073
-0.077911013431   -0.799304937186   -0.595853582163
-0.0293761520842   -0.121338554214   0.99217639407
0.816959713159   0.569019108763   0.0937767611827
-0.57594606411   0.813322942701   0.0824131185678
-0.603147251727   0.404705811222   -0.68733296087
0.744498553585   -0.0235998298951   -0.667206828306
-0.28624342166   -0.914142360025   -0.28706871854
-0.293142785893   0.931321301439   0.216120199344
0.846465988213   0.357911202093   -0.394201600978
-0.444480188396   0.0673810425963   -0.893250892651
-0.721648672577   -0.0831222455532   -0.687250962649
-0.64271380242   0.449271329669   0.620543504129
0.257181184279   0.889520075452   -0.377639873188
0.669930351718   -0.739083128085   0.0703523533943
-0.219976418993   -0.288109001866   -0.931989043997
0.709086524293   0.608891889275   -0.355593824807
0.0565245536574   -0.952097051756   0.300526502778
0.274903652485   0.304214410097   0.91207542152
-0.959808812569   0.0310611771789   0.278930540795
-0.224275917982   -0.971658498786   0.0746998952473
-0.0137743775286   0.0798055980131   0.996715271805
-0.974428334531   0.222510287993   -0.0312824647456
0.823696064641   -0.294251166001   0.484707173871
-0.562824119686   -0.528211755868   0.635784044518
0.0689478309678   -0.79649770387   -0.600697598076
0.109506945157   0.385525405734   0.916175960444
0.993769131655   -0.0617182058014   -0.0928104306787
0.0207639575333   0.920630775396   -0.389881819865
0.779392485039   0.541766568697   0.314700396103
0.262644122299   0.173505864973   -0.949164780132
-0.568828110493   0.82242610602   -0.00706263765612
-0.162947376201   -0.3557137129   0.92028034155
0.0689401344977   0.926361982268   0.370271165045
-0.984223252339   0.123778965349   -0.126425303213
0.466287645204   -0.455893913304   -0.758113825057
-0.870427623357   -0.0834798467251   -0.485166845206
0.15789738575   0.886110520761   -0.435748276611
0.0870477165871   0.981015819496   -0.173293557109
0.912897820103   -0.148189169916   -0.380338717422
-0.398798526938   -0.125091693642   -0.908466731969
0.640742032375   0.575138882341   -0.508591106851
-0.144772246802   0.741064116502   0.6556408863
0.753983185823   -0.346466796754   0.558095076348
0.499487698348   0.831205338283   0.244151028687
0.830899385605   -0.539409907795   0.136539966211
0.245190232676   0.134664906276   -0.960076618202
-0.842103942998   0.493799163483   -0.216848646136
0.539066002214   0.758454214003   -0.366271825995
-0.0163949518208   -0.425334681638   -0.904887625151
-0.219746277996   0.8533037668   0.472846967709
0.710075386159   0.472266115974   -0.522262062258
-0.668957785871   0.220991848871   -0.709688722931
0.87750151488   -0.359403377781   0.317522130604
-0.463139294577   -0.806926267606   0.366567855201
0.124471222385   -0.468720823826   -0.874532849074
-0.117649996024   0.627088724248   0.770011824816
0.886618804168   0.415580535167   -0.20297762164
-0.447286904047   0.658826646934   -0.60488170311
-0.51672981121   -0.855846609167   -0.0227350782666
-0.804685911312   0.476430283692   0.354252408486
-0.292354042804   0.201347377331   -0.934873439187
0.351620327557   -0.6088110677   0.711134466254
-0.745147149912   0.277815376511   0.606279095427
-0.566673512903   -0.743079874859   -0.355968298242
-0.396930354595   -0.259222569761   0.880482795361
-0.0304713510332   0.962482530159   0.269627290729
-0.917342787821   0.0801937557815   -0.389937393906
-0.646761958073   0.757664280254   -0.0874288740462
0.725663072669   0.646589261402   0.235234844368
0.234759610144   0.0886970431702   -0.967998326434
0.15946972129   -0.6666044313   -0.728153788813
-0.837690537386   -0.481644983538   0.257473636332
-0.522344686548   0.568908289626   -0.635216015565
-0.173501556897   -0.918071594507   0.356429175454
-0.889700173623   -0.0090728867144   -0.456455127896
0.422292328619   -0.396310774629   -0.81523429706
0.226156654061   -0.973665252996   -0.0287948421218
-0.730474986934   -0.149965937227   -0.666270599033
0.644406285885   0.171715441299   -0.745153907546
-0.833888181249   0.0117672777425   0.551807966911
0.430617206955   0.639261590222   0.637113365376
-0.345252548501   0.76889931099   -0.538139877088
0.808117934347   0.214365193537   0.548628260288
-0.463268339756   0.806544746957   0.367243810752
-0.3637689508   -0.550938413033   0.751091882181
-0.415674201821   -0.874513964859   -0.249880537873
-0.858855880916   0.46782866298   -0.208573531183
0.299301743657   0.127912733383   -0.945545767735
0.652178770792   -0.757930210988   -0.0143054605088
-0.488698715936   -0.434788707367   0.756394305233
-0.579513948038   -0.486313248039   -0.653959485604
0.768826004094   -0.440286830236   0.463739239821
-0.619246769651   -0.693516731493   0.368195574955
0.159499259262   -0.570247358837   -0.805839894789
0.85921780757   0.370031742036   -0.353300536428
0.414692271202   -0.908151941685   0.0573617557107
-0.299624897764   -0.195797243848   -0.933749623797
-0.312915925592   -0.832495353777   -0.4572035755
0.00824100527827   0.47898004434   -0.877787105713
0.949745075977   -0.278441381735   -0.14301988531
0.626500671622   -0.157176213905   -0.76340850548
-0.687181774009   0.35080918546   -0.636171458702
0.367801737254   0.923162257233   0.111773560799
0.949208913768   -0.273601416381   -0.155385658853
-0.227522595815   -0.255725920549   -0.939594445467
0.217338230453   0.92722517142   -0.30498782774
0.801313175526   0.469671120101   -0.370548557778
0.493587050984   -0.869027255283   -0.0341094220982
-0.338037006598   -0.155565640543   -0.928186572653
0.151730820921   -0.551086897312   0.820537012934
-0.077905609347   0.820898281565   0.5657355631
-0.985346880045   -0.149763957398   0.0816228096163
0.0310056278696   0.850318330603   0.525354535224
0.321730025103   0.489143355691   -0.81069634792
-0.946323645476   0.194158477085   -0.258406740989
0.910161162112   0.40807396889   0.0712902159972
0.321877077276   -0.804979349473   0.498400836723
0.260771559237   -0.430678398386   -0.864010596611
-0.0774795956382   -0.156115195549   0.984695363033
0.95607245561   0.268425723656   0.11778408425
-0.282705450748   0.950565976983   0.128459921839
0.513295654472   0.201576943544   0.834202797245
0.734444985899   0.399682642571   -0.548492796594
-0.443979879936   0.894215030661   0.0571081881412
-0.802094241724   -0.331871611235   0.496493767382
-0.317955988993   0.941059928448   0.115369840657
-0.505518364114   -0.0653256819769   -0.860339316094
-0.203945613229   0.853171282046   -0.480109310821
0.973008481929   0.230746036792   -0.00328033523278
0.107984632883   -0.467819441662   -0.877202535943
0.830616675813   0.549428755636   0.0905758264742
0.350878047991   -0.390111952107   -0.851291524838
-0.432389330696   0.738878005697   -0.516815982142
-0.378244584627   -0.896020473613   -0.23254751142
-0.567142971308   0.0257603832486   0.823216406998
-0.731628241866   0.44326483452   -0.517915439219
0.427121545275   -0.90369374406   -0.0300799353027
-0.627934497009   -0.27252186523   -0.728992524267
0.650588543573   0.330256642503   -0.683860436825
-0.00348515949123   0.630312237307   0.776333908292
0.970856010533   -0.183908766847   0.15367554226
0.239638186597   0.754244024821   -0.611301472718
0.0952562436703   -0.206832872052   0.973728099153
0.813867112987   0.579423489011   0.0434596684366
-0.5731898206   0.788345472126   0.223528177505
0.451061187466   -0.723847028435   0.522100837566
-0.813650737902   -0.0931126248585   0.573848861465
-0.366764613715   -0.683648680623   -0.630958159951
-0.0978171644149   0.148411838671   0.984076078608
-0.568093777166   0.80355945156   -0.17765603889
-0.817129893402   -0.57642530648   0.00570993501648
0.299163389416   -0.715824686707   -0.630948717673
-0.624084018143   -0.646980389447   0.438104455546
-0.721817431718   0.262700197128   -0.640287592959
0.7969227231   0.569887910241   -0.200354543669
0.375339052963   -0.207254984741   0.903419042649
0.473323112396   -0.795156048245   -0.379067395341
0.875203501515   0.357892661956   0.325471463348
0.392431285347   -0.131844474436   -0.910282769716
-0.282871909557   0.92440785213   -0.25583902303
0.354461698259   -0.220673141096   0.908658499804
0.757414450872   0.637613530039   -0.140614138414
-0.548343190054   0.73807340496   0.393150600676
-0.496800165078   -0.0171033371726   -0.867696416862
-0.842783588418   0.248134666859   0.477645276534
0.207136233119   0.968574552092   -0.137687755333
-0.759231345964   -0.203187114467   -0.618290190622
-0.208148217944   0.975927089403   -0.0651201622919
0.61663772401   0.0792547328837   -0.783247473436
0.173967987952   -0.752313342311   -0.635420942486
-0.873585488039   0.179919848989   -0.452191599909
0.454514613909   0.633761376956   -0.625909724179
-0.306839478783   0.618949118511   -0.723015575873
-0.258088407718   0.677087287324   0.689161214192
0.916100380996   0.398063806492   -0.0480135178785
0.26534981405   -0.382698451918   -0.884947100726
0.0330401824669   0.920920237554   -0.388348120126
0.963585918601   0.0738092877804   0.257010440471
-0.516006444819   -0.828803486702   0.21638421693
-0.235168684524   0.379977108299   0.894602194826
-0.823670467314   0.410733706433   -0.390979262462
-0.652255617809   -0.728582466377   -0.209117667177
-0.674793438843   0.683790195361   -0.277641465965
0.345277314533   -0.0399819761548   -0.937648664294
-0.234143517622   0.963315499361   -0.131149006271
0.586180971485   0.247504807377   0.771448792205
0.775608588029   0.103752681967   -0.62262886149
0.0638303099616   0.71971903786   -0.691324958375
0.919057007515   -0.312365167056   -0.24033771936
-0.388921468253   -0.620026216342   -0.681401190622
-0.845258761614   -0.523147208828   -0.108878941079
-0.533291905756   0.838736465559   0.110094889055
0.0337249042994   0.151122927568   -0.987939518186
0.52262313971   0.182117625431   0.832885480932
0.0623860479544   0.96613056011   -0.250399125083
-0.85027821027   0.182824810485   0.493560587781
-0.649760569878   -0.0608233302499   -0.757701606392
0.234952005998   0.931913061138   -0.276288981608
0.722916839415   -0.357545198511   -0.591229798228
-0.108541695606   0.826079904742   0.553001529199
0.849454906626   -0.211887886904   0.483249299008
0.516376860368   0.522202560665   -0.678718957825
0.285376455145   0.761856859531   -0.581493253989
0.565700379364   -0.623658549872   -0.539474831627
-0.773655840563   -0.174997539289   -0.608960180641
-0.221592799501   0.944481964224   -0.242591117861
0.700879770969   0.327228671161   0.633789352559
0.677985381742   -0.0295840501977   -0.734479820089
0.906183979455   -0.259478880228   -0.333918112857
0.291251802966   0.955444158353   0.0479462984756
0.306599058459   -0.140702419965   0.941381881262
0.886633927068   -0.238085532044   -0.396478951275
-0.240613305129   0.494656044718   -0.835117138382
0.394950018062   0.835841298845   0.381292284708
-0.881643603427   0.400979565737   -0.248837184515
0.471862311309   0.741092486223   -0.477627350589
-0.00710743988634   -0.538513987493   -0.842586594702
-0.845182509153   -0.267106131583   -0.462947989186
-0.532894147135   0.487758537379   0.69145891936
0.0411139169888   0.831111258307   -0.554584278668
0.415700671012   -0.379780900408   0.826413588832
0.813721922706   0.56118431918   -0.151422562436
-0.406262950106   0.735417315265   0.542320742531
-0.487013197391   -0.776537001628   -0.399760466618
-0.498328026622   0.622951680528   -0.602992853698
0.717277717101   -0.0944536332318   -0.690355841374
0.874274610054   0.42948619471   -0.226242159575
0.264559270386   -0.0307989595882   0.963877490421
0.407004052398   -0.902548077745   -0.140551302697
0.0286406674332   0.999257764603   0.0257610568462
0.999070926299   -0.027786043741   -0.0329426774498
-0.0322024283762   0.0266806231949   -0.999125191331
0.192940152759   -0.868624085472   -0.456362022512
-0.701123944305   0.203331052853   -0.683433755143
0.686439591061   0.451828154373   -0.569782420526
0.620418592251   -0.69161924535   0.369788574526
-0.782494313065   -0.577603051011   0.232545405207
0.0527581312162   -0.433632949536   -0.899543798082
0.284372127064   -0.823260124303   0.491299563486
-0.548610768908   -0.559996841207   -0.620829897859
0.786230702522   -0.0929855126893   -0.610896862688
-0.936392038085   0.168830333809   0.307678841323
0.335218803915   0.689840467673   0.641676306765
-0.103914890722   0.70400031786   -0.702556224041
-0.221661843329   0.662997721244   0.715052479778
0.860839484624   0.477510944445   -0.17589394432
-0.458062669211   0.576556432243   -0.676580572818
0.699502889869   0.48541999359   0.524464619292
0.676422297906   -0.212986049353   -0.705045968485
-0.230539762214   0.847941255397   -0.477333264537
0.37391618872   0.295652611977   -0.879076911791
-0.589315562918   0.80763106294   0.0209578977504
0.716166077887   0.51021720787   0.476219014402
0.999875012734   -0.010555645617   -0.0117701850784
0.0109983454265   0.999209426327   0.0382041717209
0.0113576101822   -0.0383288492471   0.999200632509
0.733761551482   0.598514073506   -0.321519656291
0.354114356128   -0.740781601116   -0.570828908021
-0.579824980792   0.304997579111   -0.755499482717
0.989739375762   -0.00852586121856   -0.14262986278
-0.0637006894867   0.867198958631   -0.493870618996
0.12789914083   0.497888818753   0.857757852739
