0.361793672744   -0.272415497527   -0.891568917734
-0.826687909309   0.348310378144   -0.441890236461
0.430920455495   0.896922336205   -0.0991861071506
0.608489060071   0.433950207588   -0.664400693187
-0.0855567351036   0.868232536733   0.488725185801
0.788936695085   -0.240539974831   0.565437363159
0.922249297278   -0.229622187354   -0.311014283829
0.127850494396   0.940383478594   -0.315171642555
0.364843096075   0.250903495917   0.896625312482
-0.164156797588   -0.986114435958   -0.0251170261116
-0.828471889624   0.151645779672   -0.539108417307
0.535431483861   -0.0676895612532   -0.841861775702
0.671381187092   0.211022732712   0.710434168589
0.258733542434   0.831550233516   -0.49150906722
-0.694481285305   0.513803090122   0.503688523735
0.323190239616   0.927191923128   0.189375834529
0.781042603255   -0.148350976907   -0.606600724984
-0.534341202713   0.343958028453   -0.772121981131
-0.824547343054   -0.553870586895   0.115538097767
-0.346720023458   0.656008750153   0.670401182171
-0.447109499335   0.512718141571   -0.73294829484
-0.973524128204   0.228254375503   -0.0122764762174
0.140012898097   0.552991788961   -0.821338218828
-0.180685251669   -0.801311438459   -0.57030940587
-0.737856489797   0.674784753265   -0.0152753797271
0.613162584878   0.679591185748   0.402725048587
0.282133735966   0.287786999385   -0.915193530361
-0.446295731348   0.807615847709   0.385456563972
0.894506014311   0.390058663612   0.218433580985
0.0260597494521   0.442279189506   -0.896498749575
0.222029567688   -0.319909678226   0.921064964511
-0.182568703187   0.914295970712   0.361568176912
-0.957795144949   -0.248436462132   0.144595244026
0.245980611179   0.0389966172521   -0.968489960075
0.373354567346   0.918278237856   0.131800777393
0.894483038389   -0.3940105858   0.211319077018
-0.322714974799   0.796504721016   0.511307416765
0.870222235988   0.0372297131793   0.491250657454
0.372247639392   0.603485027035   -0.705150705248
-0.621617626016   0.218009724195   0.752371774578
0.770036964857   0.346208677898   0.535894228465
-0.143647484419   0.912475375834   -0.38308496279
0.21745852928   0.943854930319   0.248695915839
0.0556054490013   0.242399968631   -0.968581586264
-0.97448438781   0.224455175302   0.000228463483509
0.80087822198   0.417730767761   -0.429063024769
-0.125695436602   0.817811363499   0.56159169416
0.585486746883   -0.39583529327   0.70747416195
-0.198924813252   0.498210686897   0.843928332345
0.867420518231   -0.311249819405   0.38820766926
0.456081750594   0.809264889503   -0.370242860016
0.308725356965   0.606291594828   0.732870490611
0.706963030539   -0.661731884423   0.249628096553
0.636311187563   0.441045819818   -0.632919155503
0.44134427731   -0.78724105392   0.430658509621
-0.847807653437   -0.523065866305   -0.0873171362333
0.29400240077   -0.326578662087   -0.898281117363
0.44023450997   0.136792561923   -0.887401471282
-0.882983737415   0.245255253057   -0.400236905229
0.16289044076   0.959759165546   0.228755433725
0.863506080295   -0.136234442229   0.485589771355
-0.48081114235   0.0682713553593   0.874162266075
-0.152242880575   -0.988321404599   -0.00655030733268
-0.369235906056   -0.248408671397   -0.895521064886
-0.692937511133   0.715707810856   0.0871776068947
0.619275747421   0.652729240539   -0.436396708514
0.657317470593   0.749273537306   0.0807645290146
0.42139225202   -0.454280104843   0.784893722922
0.624789814891   -0.48189080987   -0.61434431272
-0.708340798068   -0.573779694519   0.411132796005
-0.687653486713   0.429456980829   -0.585405315853
0.159329834007   -0.697383369299   -0.698763508077
0.489053206136   -0.533663064803   0.689949777037
-0.834762709422   -0.0569405068619   0.547657737676
-0.252978616738   -0.84377811772   -0.473328963334
0.847059005042   0.011354253117   -0.531377570954
-0.212273476   0.923800513137   -0.318641778986
0.487268933305   0.382705752328   0.784923750291
-0.0780227207476   0.935150266782   0.34555236012
-0.168958895521   0.329191813477   -0.929024026365
-0.982530074182   -0.130869127287   0.132317515286
0.833101759603   -0.259677678427   0.488373792779
0.414403548248   0.877835158869   -0.240156476185
-0.366348409777   0.402458615488   0.838937366836
-0.911572338011   -0.410274184368   -0.0266639497133
-0.158292367908   0.290370061534   0.943731293127
-0.379446173831   0.864500041068   -0.329636588017
-0.886036675255   0.213108472647   0.411732666896
0.447192368939   0.627135181803   0.637746382904
-0.122302883312   0.749190391443   -0.650965254144
0.490317501649   0.871109369834   -0.0275175101545
0.5724819114   -0.29810248218   0.763805846559
0.657155391591   -0.39026065124   -0.644859221378
-0.414760977679   -0.863961073912   -0.285560141056
-0.381555306267   -0.119770372567   0.916553656975
-0.826068326263   0.48910767794   -0.279972855336
0.99900653135   0.0246648040391   -0.037116004123
0.0445575043447   -0.538616124829   0.841372271281
0.000761003885174   -0.842190190821   -0.539180028708
0.192690347392   -0.761265193277   0.61914920296
-0.590354825574   0.41406872374   0.692840726244
-0.783805849648   -0.499021439945   -0.369629534172
-0.518809440527   0.83257786934   -0.194038284636
0.852819321197   0.488257288372   -0.185213459944
-0.0594640211567   -0.261570089721   -0.963350983988
-0.733704297627   -0.216730859051   -0.643976504524
-0.435336312301   0.877628128962   0.200626923535
0.521689849274   0.427547192705   -0.738270342879
0.63461521579   0.772817578146   -0.00406433222055
0.401157977721   -0.32491505906   0.856447594022
0.660557192678   -0.545145113988   -0.516217977115
-0.0693589357728   -0.132913034403   -0.988697862501
0.808073499329   0.573683067667   -0.133809407572
0.584984237147   -0.808221419636   0.0676134537726
-0.891395131928   0.311521178135   -0.329194888096
0.332005175238   0.943255919524   -0.00639014068999
0.308524362717   -0.114990546813   -0.944240378163
-0.314918073647   -0.502786438632   -0.805004598756
-0.893587514021   -0.128796475741   0.430014909767
-0.319887420316   0.854761525201   -0.408723345748
-0.478982435933   0.596940234069   0.64361338008
0.812871753873   0.578402015721   0.0684881009082
-0.331383973396   0.555979734487   -0.762280261463
0.652223585668   -0.74617405402   -0.133524063023
-0.173834120611   -0.318684786695   0.931784151636
-0.737825245441   -0.584520562373   -0.337564244779
0.0152007029222   0.88162990717   -0.47169656074
-0.109573898597   0.470378612215   0.875635496035
0.993862414712   0.0383753560718   0.103753711594
-0.161703505538   0.383055986188   -0.909461427298
0.910455310805   0.413425989556   0.012250640233
0.380687671619   -0.826043014985   -0.415607788752
0.370551704705   0.882122534549   -0.290777007654
0.688967048777   -0.051091706421   0.722989656381
0.622909174631   -0.468240826472   -0.626685478199
-0.31661178653   0.945527031948   0.0757338001488
0.036369701518   -0.0676816645894   0.997043849131
0.947857701051   0.318430250029   -0.0129597231881
-0.0408837695929   0.651552840328   -0.757500768082
-0.448064423465   0.665675295705   0.596753444157
0.893065949305   0.36380667524   0.264722332345
-0.0873311342862   -0.116978790609   -0.989287236111
-0.488245030286   0.870651922902   -0.059849975333
0.868326012155   0.477787810324   -0.133149333159
0.251180455015   0.935224631894   0.249526084642
0.475444888805   0.105341105874   -0.873415942792
-0.843125457288   0.338020915495   -0.418188144213
0.076290153781   -0.809105382176   0.582690563652
-0.930689355809   -0.267472572989   -0.24955108832
0.357766873004   -0.523265614418   -0.773431290645
0.516477767503   -0.416031593904   0.748444004952
0.645106236332   0.763815375331   -0.0205916549455
-0.563106259528   0.493461027115   0.662878235574
-0.343155046311   -0.758927486193   -0.553419989604
-0.761956541131   -0.119610080859   0.636486966076
-0.549242062864   0.640095695391   -0.537224959512
-0.821130161104   -0.570314937516   -0.02204836891
-0.510910798248   0.717284489622   0.473785940252
-0.25439224587   0.400304675208   -0.8803639885
-0.312502867539   -0.776287885354   0.547466050849
-0.737276890805   0.561619912543   0.375507470126
-0.598969735517   -0.286286906594   -0.74784695162
0.327306182398   0.514633820642   -0.792478828496
0.863487096948   -0.503497880112   0.0296634139351
-0.383745614135   -0.694004261783   -0.609177632763
-0.0789328925882   -0.969527797901   -0.231916897972
-0.496313797463   0.239980044417   -0.834315403627
0.86454740351   0.0492486281888   -0.500132342191
-0.493934642719   0.816723238117   0.298314801914
0.642804630631   0.111958628031   0.757804376108
0.585517527971   0.56606396982   -0.580293724342
0.211431802575   0.323070065743   -0.922454511334
0.904905882217   0.291977407611   0.309668431994
0.369380477541   -0.900208268161   -0.230614693257
0.744041908524   -0.560072973861   0.364307428295
-0.525335897697   -0.153498255031   0.836935170902
-0.412824215557   -0.81409861175   -0.408435573128
-0.47164174   0.651410649947   0.59432165889
0.813014568188   0.0602872364266   0.579113772102
0.341410868315   0.756326393999   -0.558040325368
-0.41798164465   -0.793765010474   -0.441846639551
-0.593963973849   -0.129231767197   0.794044046711
-0.687385003113   0.594336822429   -0.417451313329
0.290974220475   0.936088412589   0.197667617064
0.946019216519   -0.312338794252   0.0865570308089
0.142764298745   0.16181149966   -0.976440163851
-0.178738331044   -0.965761413625   0.188035903405
-0.723014514654   0.258543776839   0.640628696717
-0.667309988398   -0.0214477833677   -0.744471202917
0.937523382869   0.347850583254   0.00706245731534
0.294506739266   -0.804232340019   0.516213254183
0.185244938124   -0.481882055068   -0.856430965054
0.785045000996   -0.195883773065   -0.587651166817
0.470691614744   0.805357208896   0.360345903112
0.402683188402   -0.559490226483   0.724442500306
-0.915851669488   -0.0869033259003   0.391999402351
-0.353797677001   0.636289924146   -0.685537990325
-0.189849738597   -0.766539590874   -0.613493384135
0.665207142943   0.735671826491   -0.127618261563
0.390302136741   -0.488316088372   -0.780520108577
-0.636524704181   0.469397871261   -0.611965635819
0.680770657899   0.717833158251   0.145831643543
0.502515510095   -0.602531891932   0.620027000476
0.53294415604   -0.348813526286   -0.770908328158
0.46063788282   0.875331146126   -0.146997025595
0.841418762219   -0.483365054161   -0.241604410146
-0.282537090481   -0.0123939113568   -0.959176304682
-0.373172545188   -0.75225253186   -0.543008636974
0.144774725331   0.530902310741   -0.834974859115
0.916396491931   -0.390203619615   -0.0892110128659
0.537665337647   -0.0507316717305   0.841630727919
0.79706026062   0.356115294004   -0.487726191952
-0.274974409051   0.933063875016   0.231907049283
0.961976777021   0.17058603491   0.213309833731
0.25060966516   -0.240722469227   -0.937681976225
-0.108606980445   0.955485791366   -0.274319934194
0.297435486671   -0.935979708972   0.188345734384
-0.928393315785   -0.329569215002   -0.171668237388
0.2227509427   -0.123798695125   -0.966982885377
0.387642026444   -0.766495099358   -0.512073160784
-0.0869857286409   0.522613318765   -0.848120747336
0.917696650505   0.373310302175   0.135912751215
-0.0578921616945   0.151197523572   -0.986806873953
0.847344263696   0.53010817785   0.0315121969784
0.527878959986   -0.834340834816   -0.158805462632
0.823577540251   0.56675476697   -0.0225625643462
0.492809776531   -0.734685545653   -0.466235641242
-0.280817662103   0.372862150298   -0.884372804606
-0.250964890962   0.156321348671   -0.955290667522
-0.736199068383   0.609946345375   0.29321730419
0.62851217587   0.776871348238   -0.0379914867996
0.247049188383   -0.219248083017   -0.943873390139
-0.666840183464   0.668264926146   -0.329766823986
0.703058225354   0.710881330868   0.0188908757256
0.439916037061   -0.891698770485   -0.106523157353
-0.786382562045   -0.325217731767   -0.525200812125
0.433677698814   0.314812213328   -0.844284859447
0.602622954717   -0.674550620133   0.426411814243
-0.789997240763   -0.579861421492   0.199160968696
0.112915605808   -0.456883128101   -0.882330931806
-0.538680962199   0.118603649261   0.834119892669
0.056343384748   0.992896679543   -0.104793161741
-0.840623723172   -0.00945294315991   -0.541537069744
-0.437277388784   -0.605818760761   -0.664659397262
-0.898608875364   0.264807970617   0.34982685405
-0.0359245650611   0.750240206739   -0.660188653203
0.444381734047   0.893665731998   -0.062341269614
0.568866856559   -0.335261687363   -0.750992743304
-0.692037118913   0.298263575447   -0.657360985766
-0.472257878576   -0.575149874341   0.667963410801
-0.880421619834   0.271004100077   -0.389120224442
0.0427816251629   -0.771854519833   -0.634358205403
-0.0378451363697   0.0694886588428   0.996864620671
0.359671452218   0.931668313379   -0.0512893780814
-0.932311209904   0.356602692274   -0.0602522012098
0.229895751199   0.873831120946   -0.428447331239
0.737149607758   0.131086082156   0.662892823047
0.635419860693   -0.468226025687   -0.614008134724
-0.0811109513241   -0.412641539086   -0.907275026547
-0.0738654668075   0.910259775654   -0.40739542663
0.993964237983   0.0339720627396   -0.104311996264
0.282804750226   0.811282015811   0.511705935154
0.869423641528   -0.442140916663   0.220485694242
0.405122209713   0.382534835845   -0.830387315993
0.714610009026   -0.698725632832   0.0333919903926
-0.234943297838   -0.194774344517   0.952294388054
-0.658888595895   -0.688364325587   -0.303348600555
0.98269518302   -0.0929790648705   -0.160203217088
-0.17966363411   -0.268019203655   -0.946512908021
0.0450683464088   0.958916367557   -0.280086137079
0.38259221841   -0.26089105401   -0.886317692676
-0.346592413474   0.848719535869   -0.39943566235
0.856444331719   0.46001196438   0.234290629973
-0.445270505334   -0.820656598662   0.358129758819
-0.312786060654   0.517331875938   0.796575552223
-0.838986923224   0.242673602211   -0.487042570469
-0.759806958906   -0.264387106703   -0.593963671454
-0.159774903563   0.961496648871   -0.223598243288
0.630210572261   -0.0749910129224   -0.772794269254
-0.422295232887   0.683112433277   0.595839021703
0.466992834003   0.727335395465   -0.502892548656
-0.776906963073   0.0658834274026   -0.626158881373
-0.327643422421   0.319797709402   0.889032740008
-0.708594708452   0.539227249682   -0.455112636997
-0.624934658103   -0.779078557183   0.0499327031088
0.240303471781   -0.653319855612   -0.717932732026
0.510220123706   0.714206315511   -0.479150043566
0.825790328603   -0.251162308374   0.504963194735
-0.662395920519   0.51187595861   -0.547005162203
0.244837570377   0.837985488638   0.487683180932
0.708015683874   0.189111934658   -0.680404635169
-0.212111379254   0.582552711806   0.784628001513
0.93516825963   -0.112062793341   0.336009310183
0.283670740422   0.805030600857   -0.521015011984
-0.215267185545   -0.972353983032   0.0904863001155
-0.515506306874   0.19184351456   0.835134308656
-0.829405381222   0.133130753781   -0.542552224212
0.896397213204   0.440199620847   -0.0519261973059
0.401072285889   -0.855387961782   -0.327799414779
-0.188714222176   0.273012323247   -0.94331925333
-0.305619190302   0.829408089929   -0.467631404934
0.751695034945   -0.0912788365681   -0.653163645983
-0.584424062611   -0.551135549893   -0.595565379019
0.686838619545   -0.0737326335443   -0.723060308309
0.535494253882   0.723988142797   0.434841434489
0.491425085604   -0.685860530895   0.536746418152
-0.629029681447   0.651472341514   -0.424152623592
-0.30153894819   0.298422326629   0.905548661141
0.716516519407   0.697515521843   0.00872778357899
-0.806642357535   -0.403012317835   -0.432329941947
-0.345120848376   -0.272646048775   0.89808447938
-0.479812158086   0.873639058056   0.0808398985191
-0.413235345125   -0.910422526073   0.0191669913953
-0.827434001038   0.36661187297   -0.425380663081
0.38024929121   -0.191641745496   -0.904811537237
-0.733211611642   -0.545134941628   0.40648324439
-0.136526329355   0.703610383225   0.697347108699
-0.666154106755   0.455807332142   -0.590320575636
0.938095504961   -0.215074100786   0.271514188842
0.154065518591   0.961145899878   0.229046665834
-0.310226755057   -0.173036673336   0.93478215116
0.78862897043   -0.188502291921   -0.585261679028
-0.383265524217   0.593603085131   -0.707631906622
0.480803374515   0.78236964618   0.395886160142
0.701390326908   0.704108187896   -0.110829910481
0.712772997795   -0.692309417619   0.112526991833
0.00250258552876   -0.157921911127   -0.987448432604
-0.943029014245   -0.247986886476   -0.221807985493
-0.0940814823831   0.838218911268   -0.537157082672
0.319131560591   -0.485686690087   -0.813795727506
0.460580319975   0.187006888976   -0.867694757577
-0.754602996584   0.597227009023   -0.271834908061
0.467375744341   0.779966873123   0.416186965717
-0.490403143119   0.812611432337   0.314908585553
0.388090754704   0.527165382537   -0.755964434063
-0.780314246527   -0.248514223921   -0.573890544596
0.823594497962   0.312432329062   0.473368928726
0.49541220179   0.0100798352548   -0.868599532143
-0.276150055666   0.949886538845   -0.146481091195
-0.981061699328   0.17718553485   -0.0782510597437
0.174237251675   0.63080783332   -0.756123572937
-0.0846127782318   -0.755438126958   -0.649733725536
0.267353972606   0.3352053113   0.903415326751
0.961070774929   -0.160622321313   -0.224818672432
0.0697482538141   0.928352233353   -0.365099043983
0.453387630727   0.882141529026   -0.127538147512
0.839596821811   -0.374653848026   0.39333404501
0.299193638148   -0.285413414063   -0.910506644657
0.568027375101   0.718136944535   0.402025160942
0.812647741862   -0.566675448506   -0.135950666446
0.130186592179   0.403928539416   -0.905479533873
0.0492599393258   -0.979122920039   -0.197209953684
-0.994717324225   -0.0302894050227   -0.0980815825178
0.0900605533152   0.200999650243   -0.975442585363
-0.19462088073   -0.887355561046   -0.417998589789
-0.619447461476   0.441605016304   -0.649053042552
0.760531100781   0.132608890563   -0.635615706924
0.349117705036   0.135047937754   -0.927296545091
0.932590815296   -0.146806254148   0.329730640021
-0.0916034893196   -0.979903045332   -0.177197128907
0.417117911242   0.200377770234   -0.88648823868
0.218133943368   0.924810416622   0.311678161023
0.88228693228   -0.323379718758   0.342045796091
0.998640771393   0.000385427906832   -0.0521196810964
0.00583018945848   0.992870919682   0.119051861561
0.0517940016136   -0.119193910481   0.991519134007
0.854168599713   0.488133593175   0.179224994011
0.507178168407   -0.70600906956   -0.494288882325
-0.114744536932   0.513105046664   -0.850621480056
0.982799190809   -0.0397486353794   -0.180349096282
-0.0625955043037   0.847059015148   -0.527799988345
0.17374565717   0.530010444088   0.830000828778
