0.364179754516   -0.290047097849   -0.885011744233
-0.821086989895   0.348478687907   -0.452082690555
0.439533003796   0.891310992361   -0.111245015485
0.599392375797   0.505776185678   -0.620418592434
-0.186868308702   0.84208118865   0.505944173724
0.778337340129   -0.187322507254   0.599250584678
0.921981026672   -0.236961761417   -0.30626803634
0.136243122731   0.938842802132   -0.316246746059
0.36247592743   0.24984658595   0.897879660936
-0.14171195954   -0.989023555688   -0.041834517051
-0.838018894124   0.142355937667   -0.526743884732
0.526917501716   -0.0395877923657   -0.848993965279
0.663524486153   0.208363329275   0.718554089327
0.265289686313   0.832500965553   -0.486377964848
-0.699540305208   0.513348678159   0.497108133128
0.348031931979   0.928738702174   0.127742700014
0.740635851678   -0.188851613215   -0.644820597837
-0.574745430196   0.319028981866   -0.753583571476
-0.834560879517   -0.510699282671   0.206626186768
-0.391847041682   0.813900320293   0.428978046702
-0.387251900324   0.27704243593   -0.879365370247
-0.972085264697   -0.145305936866   0.18421841078
-0.234369050295   0.5644832338   -0.791473200445
0.0110175506525   -0.812554529537   -0.582781048171
-0.720846521027   0.692875747687   0.0174210042938
0.618418695831   0.631628039338   0.467551426657
0.312951449542   0.347806294063   -0.883794190997
-0.41336094836   0.814114874214   0.40785989991
0.908847739893   0.341363401118   0.239722368727
0.0559331034498   0.469774413907   -0.881012762664
0.21499629171   0.160799073591   0.963286173722
0.32240989263   0.919366500654   -0.225426481606
-0.921861408068   0.35903884944   0.145817176312
0.242657472857   -0.00320210839765   -0.970106745347
0.387735652558   0.916969291293   0.0939594729709
0.889257226342   -0.39894494022   0.223751022502
-0.31552640521   0.805137096123   0.502192536844
0.876145995823   0.0439366465995   0.480039337023
0.364432821819   0.591459066658   -0.719280815015
-0.615413289983   -0.781532988928   0.102336062705
-0.1741394593   0.261439607541   0.949381261835
-0.768727475265   0.566441099167   -0.296989141125
0.147112414569   0.932083353633   -0.33102652365
0.0573067618683   0.326073832559   0.943605739048
0.987458289005   -0.157786176836   -0.00544516995239
0.795616089104   0.407305120335   -0.448439045699
-0.103342590801   0.820643191804   0.56201873694
0.596921559072   -0.400808296689   0.695008893195
-0.196670755205   0.492445754122   0.847831229252
0.866148554734   -0.317960347985   0.385600697927
0.459464139166   0.810184174344   -0.363997676454
0.295879677574   0.610544708647   0.734636219596
0.714556808837   -0.651855584164   0.253954453278
0.633927269759   0.449799350976   -0.62913969873
0.487066002083   0.816122597285   -0.310983304722
0.753249111903   -0.572759450535   -0.323361078733
-0.442020910174   -0.0767497102505   -0.893715277337
0.441054962023   0.150051746373   -0.884847441023
-0.884472479391   0.239922043684   -0.400182266167
0.152246358493   0.959125584251   0.238535448017
0.858396074168   -0.12342580812   0.497917914664
-0.494034831603   0.0624946813747   0.867193173384
-0.138151239649   -0.990384008701   -0.00733145918165
-0.331059932528   -0.25458364756   -0.908617899598
-0.745391179734   0.661007007031   0.0863812817156
0.578611536568   0.705873149405   -0.408597340545
0.589585908441   0.806770740256   0.0388513736426
0.474007647894   -0.384548907598   0.792110401019
0.653991747888   -0.448601282133   -0.609140118005
-0.736365671887   -0.522128307335   0.430287843131
-0.652115507881   0.378227036872   -0.657030952818
0.180307963352   -0.764412414381   -0.619001372448
0.542981799842   -0.504498023446   0.671306568849
-0.810683303524   -0.106432904954   0.575729639788
-0.219005357075   -0.856827742946   -0.466779254563
0.851455229658   -0.00931503471063   -0.52434456421
-0.196012161458   0.921724685252   -0.3346682494
0.48641877477   0.387732942532   0.782981443475
-0.0455306088495   0.964463103822   0.260265028431
-0.198670638792   0.246588626172   -0.948537836212
-0.979008141406   -0.094894524653   0.180383170642
0.836026623868   -0.268908635405   0.478275684086
0.423076638495   0.870968513008   -0.249839963394
-0.349378937751   0.4112201298   0.841921826955
-0.91190447528   -0.410162392529   -0.0140370837163
-0.1814034117   0.372157587057   0.910270032803
-0.368134527297   0.832625691503   -0.413777026502
-0.860101808039   -0.502190222052   0.0896094899185
-0.265241420591   0.590311259504   0.762351366304
-0.435742892783   0.631931640115   -0.640929429509
0.392286063556   0.91781471564   -0.0610556475298
0.605513083432   -0.207697743138   0.768254875213
0.692434509634   -0.338345674201   -0.637225748551
-0.423911400889   -0.866775995476   -0.262675651446
-0.388481993536   -0.0879771307526   0.917246839822
-0.818156992817   0.490876153557   -0.299432357928
0.998808105466   0.0377031996908   0.0309973739047
0.0464817996188   -0.540961739318   -0.839761775088
-0.0148933125971   0.84020168134   -0.54206948255
0.190785636466   -0.754045272861   0.628503434672
-0.604357796829   0.414304638184   0.680516950701
-0.773532477877   -0.509673810643   -0.376669765729
-0.48456101397   0.85866000848   -0.167043747497
0.874627132293   0.472276870153   -0.109462036226
-0.0150997747074   -0.199142029106   -0.979854299908
-0.740973483622   -0.202460951223   -0.640287325971
-0.428726863965   0.876489624113   0.218995924474
0.516867074481   0.436778550357   -0.736256018831
0.597089309204   0.801879303951   -0.0217701338803
0.421228088691   -0.290324497626   0.859231391056
0.682679466611   -0.522208069617   -0.511123740297
-0.0667036867675   0.700103717067   -0.710918703876
0.042444931794   0.713851616018   0.699009512148
0.996869623339   0.0164516156487   -0.0773323891129
-0.897602296431   -0.32283549643   0.300145564164
-0.274401779879   0.942106918762   0.192712783231
-0.344983739677   0.0906189597502   -0.934223968592
-0.297166072696   -0.548333924677   -0.781679110816
-0.910244675928   -0.0845437587265   0.405347977429
-0.28835213747   0.831974915432   -0.473994498816
-0.442029083772   0.580607905257   0.683743189694
0.858470893485   0.494830817897   0.134796834902
-0.260073093839   0.646557748398   -0.717164600247
0.654242168041   -0.744696235062   -0.131888979983
-0.177719922365   -0.32089215067   0.930292350196
-0.735107349134   -0.585197184821   -0.342288533442
0.00711625072013   0.875690430913   -0.482820492712
-0.104644663432   0.48083381558   0.8705448502
0.994484214752   0.0443295725407   0.0950580643998
-0.14667143597   0.48215796256   -0.863719392517
0.872992075282   0.473693611953   0.116186051181
0.465158388471   -0.736979009969   -0.490397402624
0.355834695863   0.894035709119   -0.272179756852
0.673960614389   -0.0437271193017   0.737472053227
0.647424713363   -0.445856579919   -0.618104482001
-0.324028074846   -0.94587272316   -0.0181823621656
-0.0962938233524   0.0138557626168   0.995256508357
-0.941134053308   0.324241899552   -0.0955713570041
-0.046093263304   0.692720104452   -0.719732080685
-0.506370302893   0.604866132449   0.614594238636
0.861083345226   0.392779605764   0.322892635204
-0.0784315419658   -0.0486638447729   -0.99573104975
-0.568425656016   0.822721965647   0.00456517517237
0.818987647531   0.566357128898   -0.0921891302641
0.218403697373   -0.578421268097   0.785957162692
-0.90061341141   0.190651174992   0.390573440806
-0.375759641476   -0.793146245082   -0.479295029966
0.0507417068693   -0.791689282064   0.608813074637
-0.922778199612   -0.270317519406   -0.274606687869
0.381976011687   -0.547865420854   -0.744269982687
0.512651078005   -0.428032168367   0.744296537049
0.646964625217   0.762486787658   -0.00711845240799
-0.56446934898   0.485182812443   0.667811345046
-0.308424882307   0.728809873744   -0.611318460303
0.730032655215   -0.230660010095   -0.643310408794
-0.609857700036   -0.644695375876   -0.46091372081
-0.837319575651   -0.546035807203   0.027218109477
-0.501607653387   0.787086389415   0.359005261326
-0.217452731174   0.286949321046   -0.932938581503
-0.329240849075   -0.775521303675   0.538671672586
-0.722760765069   0.574090480599   0.38475576222
-0.607632569714   -0.26265343636   -0.74953040805
0.233113320169   0.452234352136   -0.860896202052
0.861391605451   -0.506867462294   -0.033013296201
-0.451290019852   -0.733872922525   -0.507708431648
-0.0880353563077   -0.962651885954   -0.256029534448
-0.515584357839   0.26395520876   -0.815168950415
0.852304256702   0.0602411341055   -0.519565645294
-0.499728994231   0.796504604883   0.340369426837
0.599799177192   0.0347099212325   0.799397378284
0.624909496939   0.603635349999   -0.495088360666
0.217477596206   -0.916015616689   -0.337074005421
-0.297043129262   0.266846790548   -0.916819594976
0.929768183208   0.299513239034   -0.21406294667
0.700481743346   -0.587085644515   0.405777985164
-0.564562952781   -0.108028489669   0.81828999613
-0.4365707269   -0.80228442053   -0.407118789777
-0.430921405893   0.646409944442   -0.629651431881
0.814282246167   -0.0221759551812   -0.580045386663
-0.3889102281   -0.762667955757   -0.516804047721
-0.422584480306   -0.769015629419   -0.479622058202
-0.559562264762   -0.194915894072   0.805541970411
-0.71296032769   0.608787940047   -0.347943695435
0.334108836   -0.938797330052   -0.0838502164265
-0.932251270867   -0.342258749186   0.117330799765
-0.138848311745   0.0389682138897   -0.989546676328
-0.243878250773   -0.859947734127   -0.448345060607
-0.85071324082   0.411660379137   -0.326837442995
0.465629016165   0.301704535629   -0.831963937011
0.93285625098   0.358462350627   0.0358323623261
0.325563417405   -0.79627455396   -0.50985811356
-0.154232539544   0.48729003468   -0.85951192304
0.77517463383   -0.19282600766   -0.601599881846
0.470566387877   0.811613320151   0.346195166276
0.421511045723   -0.5514543946   0.719879496173
-0.908876490313   -0.122658773147   0.398620559838
-0.369970424342   0.678317081282   -0.634828970947
-0.192523791954   -0.724458944739   -0.661886566505
0.654242561423   0.746594601143   -0.120677969682
0.400451814957   -0.477344209649   -0.782164208726
-0.641564505502   0.463399403386   -0.611274061466
0.67084656135   0.73473378175   0.100653668989
0.538943144008   -0.576248209368   0.614392617735
0.509416508029   -0.357916570105   -0.782553864083
-0.91040170734   0.255047963142   0.32575952445
0.399533458956   0.337520435132   0.852322105218
0.107432520436   0.906107329385   -0.40917937532
-0.324203609168   -0.893655090693   -0.310278260085
0.271557409005   0.226271240904   -0.935445294581
0.906172496502   -0.387533101061   0.16932070802
0.525854955797   -0.0127184735236   0.850479162528
0.78662354203   0.387647280334   -0.480575685166
-0.323573745207   0.921720036931   0.213850894157
0.956557643791   -0.26277190912   0.126286966403
-0.189434773439   -0.230935481333   0.954349658183
-0.221612140276   -0.936813603253   -0.270681236962
0.247761930092   -0.952388277049   0.177681163145
-0.946155042862   -0.277300047902   -0.167018915993
0.208337852689   -0.126732999543   -0.969811366176
0.390279779111   -0.696399587321   -0.60225352535
-0.205019093653   0.571969539868   -0.794240528241
0.897579447879   0.43344948984   0.0804529334651
-0.0670350270218   0.162437277735   -0.984439147918
0.82946947825   0.557423072445   0.0354951117297
0.55451482379   -0.814182810619   -0.172103634735
0.839217246327   0.541433065668   -0.0506423623963
0.459351136904   -0.755659775093   -0.466877754163
-0.291051449907   0.368549236477   -0.882870609885
-0.257272152372   0.70156468695   -0.664543474604
-0.128944301916   0.656618966895   0.743118361579
0.95769745046   0.276872754776   -0.0784670060937
0.220354056219   -0.256948412389   -0.940968439045
-0.616066381983   0.711256829758   -0.338490672121
0.756244869667   0.654286814397   -0.00156895132561
0.454082280168   -0.88450211343   -0.107076113935
-0.783404080648   -0.339129684645   -0.520835005945
0.424366974755   0.320385811687   -0.846915345479
0.617347423278   -0.658183907219   0.430901500635
-0.776641990982   -0.597172521118   0.200529792961
0.125337052843   -0.458452750346   -0.8798361773
-0.540532656219   0.106094077031   0.834606790279
0.0496135776914   0.99431028838   -0.0942631599814
-0.839858881282   -0.00954448741709   -0.542720888018
-0.440594520916   -0.606789317211   -0.661576293905
-0.897465844987   0.280679116919   0.340256212886
-0.0207731851462   0.743657150738   -0.66823836835
0.440126450314   0.894770978337   -0.0753233301194
0.559522998996   -0.338894139553   -0.756362859857
-0.702298171241   0.290750165096   -0.649801215888
-0.475612467026   -0.618130110183   0.625865758845
-0.879626678402   0.339901711524   -0.332751759043
-0.00704896113492   -0.708789103604   -0.705385227205
-0.0470511407523   0.0418005921545   0.998017485142
0.367450550749   0.929791739925   -0.0216197391805
-0.928852131885   0.365704841181   -0.0591074126343
0.188064048102   -0.74151463941   -0.64404033519
-0.87162963899   0.176207451869   -0.457397755066
0.452651837779   0.647384718268   -0.613187850751
-0.0780801513727   -0.405540703772   -0.910736091053
-0.0976775766882   0.912241672326   -0.397836929261
0.992150483029   0.0578953267181   -0.110840201057
0.283018732889   0.818817974599   0.499437204569
0.875411206248   -0.433284782747   0.214288396829
0.391861731749   0.376565295153   -0.839430141034
0.709875574774   -0.700655025551   -0.0718275957373
-0.13328865763   -0.233775979283   0.963111065899
-0.691600175019   -0.674115217659   -0.259341225479
0.995091639666   -0.0988264407893   -0.00509541641586
-0.032933429963   -0.282174561658   -0.958797635554
0.0933167608654   0.954259320811   -0.284044240899
0.38597971578   -0.285445837576   0.877234479952
-0.320154546544   0.850373210888   0.417572111774
-0.865170922612   -0.442024972162   0.236840027554
-0.45340968402   -0.800467485175   0.392009519802
-0.335455421774   0.560734092846   0.756998637464
-0.825765898084   0.211728794211   -0.522763425713
-0.75659202421   -0.27909400192   -0.59133327912
-0.165367450829   0.956606618971   -0.239911197628
0.632631105075   -0.0837276216854   -0.769914001859
-0.480974637147   -0.40524660812   0.777456484331
-0.624265628227   0.780933699964   0.0208562143141
-0.615593878978   -0.475308050498   -0.628590831381
-0.333554199604   0.297207247503   0.894656050088
-0.681948734813   0.5791765658   -0.446654708602
-0.65091283519   -0.759093115276   0.0094933305772
0.239410016491   0.677386827894   0.695578844848
-0.549435316157   0.685189125162   -0.478159697298
-0.800502140761   -0.267699361516   0.536221385699
-0.680530457967   0.460160426297   -0.570202313086
0.215681367458   0.869525668951   0.444304691362
0.700256983907   0.179380860475   -0.6909867317
-0.082646385989   -0.960870316103   -0.264381940601
-0.640774247519   -0.151946659106   0.752542740648
-0.76326793369   0.231604076863   -0.603143111526
-0.208530404923   -0.972175617148   0.106722254692
-0.528353209624   0.203808994852   0.824199477977
-0.823017591612   0.115483605075   -0.556152479862
0.962900089447   0.269646686651   -0.0106809232589
0.2524504809   -0.914066015275   -0.317414672648
-0.0953528837368   0.302942212471   -0.948226683587
-0.27098922172   0.820600833426   -0.503169070881
0.737194891228   -0.159198105222   -0.65665794417
-0.618957618952   -0.548880893704   -0.561801771506
0.699716035193   -0.0475332841193   -0.712838029986
0.519002309215   0.719500667103   0.461470901647
0.490952210631   -0.692863173317   0.528116038327
-0.622332245592   0.675249737095   -0.395904494354
-0.2956447494   0.265548780838   0.917648095485
0.724773591026   0.688129084946   0.0343744702121
-0.835670036712   -0.40553585835   0.37040013139
-0.453942831138   0.130343116143   -0.881445731814
0.309178744095   -0.904738271362   -0.29301393232
-0.394901254897   -0.918723570439   1.0433002956e-07
-0.847034502322   0.36408660697   -0.387264114656
0.355788632135   -0.152931173225   -0.921968820243
-0.734384760368   -0.551332916088   0.395867451777
-0.115861541212   0.676514520834   0.727258005366
-0.6687713563   0.488221382918   -0.560700235647
0.941782018431   -0.204721647833   0.266712723109
0.143838156489   0.962322613698   0.230750453746
-0.303903297938   -0.178953161679   0.935744917928
0.737423904507   -0.190979866908   -0.647867791681
-0.403569235965   0.644563323518   -0.649361219782
0.541606736335   0.740313995823   0.398242803759
0.694008583551   -0.715551006293   -0.0796168534302
-0.693299375348   -0.694022106742   0.194085783855
-0.194134134295   -0.0794988851906   -0.977748364946
0.706084439559   -0.668363945909   -0.233953841647
-0.707762223696   -0.676704115401   -0.202840269444
-0.0227464045819   0.308806049177   -0.950852998665
0.468288347943   0.182985088154   -0.864420314832
-0.757993747087   0.585922136423   -0.286602040164
0.454039098049   0.789437589403   0.41308206192
-0.504019481212   0.771743536709   0.387783800727
0.433132910636   0.614296099429   -0.659572728325
-0.747235066283   -0.164475578045   -0.643884725664
0.821150032975   0.310059722807   0.479140471718
0.501246498903   0.00960557023062   -0.865251223841
-0.272881972074   0.95066855492   -0.147528736196
-0.97199124698   -0.218314268366   0.087016642217
-0.219228684383   0.708835038252   -0.670441401235
0.0846864790787   -0.670739717606   -0.736842202569
0.257415247053   0.225032883729   0.939732723611
0.947480340211   -0.249783176529   -0.199723232592
0.189785129814   0.941790085934   -0.27751223133
0.435116955467   0.891657525873   -0.124980364934
0.724929518193   -0.429264962669   -0.538710298283
-0.533994783417   0.143800029132   -0.83316932427
0.592343505703   0.722621174484   0.356297360976
0.800457037725   -0.57812580352   -0.158237435712
0.0916389764647   0.378931647519   -0.920876269919
0.128651514685   0.985655323292   0.109235394612
0.978289428315   -0.1080939298   -0.176820521399
-0.162476405107   0.129612059652   -0.978162630536
-0.147735569699   -0.925493262469   -0.348764136016
-0.594697100311   0.36488998119   -0.71637326898
0.790259172884   0.101575207371   -0.604295388796
0.221162392541   0.965625304868   0.136583186095
0.288406964371   0.0690272225476   -0.955016578625
-0.931616132872   0.250605293531   -0.263226837208
0.41781135566   0.17074208915   0.892345678576
0.24312417866   0.925349921165   -0.290892002557
-0.875399511556   0.338488792123   0.345110174835
0.998325541823   0.00273321116038   0.0577809838936
0.00461700533191   0.99193126248   -0.12669275345
-0.0576610423486   0.126747386844   0.990257695816
0.86330159921   0.472280727467   0.177936121303
0.492626967801   -0.711940982568   -0.500458497715
-0.109676886333   0.519702753315   -0.847278011517
0.976580679524   -0.0657444132076   -0.204860558703
-0.0528672678987   0.84964863777   -0.5246925236
0.208555096713   0.523234999277   0.826274716524
