0.222481256268   -0.823283321178   -0.522213235834
-0.163194238273   0.496632439294   -0.852481003211
0.961181424708   0.274883235777   -0.0238636854847
0.694151727201   -0.169819341065   0.699510379497
-0.286633024732   0.826198711999   0.485012574502
-0.66029909038   -0.537175092211   0.524831431558
0.89646252906   0.430423121152   -0.105313203203
-0.417488238125   0.900066450452   0.124835715238
0.148521059177   -0.0679435173424   0.986572436992
-0.703476879743   0.626017966167   -0.33648445091
0.689897966826   0.715242994087   -0.111661339681
0.170766141366   -0.310691109378   -0.935045431793
0.730073680266   -0.664557644948   0.159234286268
0.444830560238   0.639039215771   0.627498727796
-0.518766030173   -0.387288028795   0.762161261605
-0.272777255827   0.869592381994   -0.411584326574
0.78785650715   0.447434120686   0.423184158242
0.552154591436   -0.208834376537   -0.807163868327
-0.652269705779   -0.744664236556   -0.141489949175
-0.470426554881   0.251334855007   0.845889855195
-0.594342567369   0.61830895631   -0.514247943273
0.472719047684   0.862478954241   0.18073946843
0.832945445695   -0.504276037021   0.227832313299
0.28764315819   0.0428454429116   -0.956778804933
-0.8369782021   0.52323051359   0.160303832946
0.531485425745   0.847003874768   0.0103768178496
-0.130348499912   0.0938843212491   -0.987013172554
0.604653086975   -0.79203857533   -0.0840805542408
-0.787983734961   -0.579468121385   -0.208082507037
0.116087371613   0.192071839393   -0.974490703221
0.91287511807   -0.38451819764   -0.137130501682
-0.0668789276939   0.190508924563   -0.979404696074
0.402723512895   0.903245318474   0.148194692267
0.178246153106   -0.211227042493   -0.96104705682
0.4942261269   0.863771234485   -0.0981824320636
0.850863587417   -0.457473923843   0.258357822819
-0.381826875912   0.63138535775   0.674952418212
0.743523302462   -0.223936341037   0.630099685653
0.548982090352   0.74243184548   -0.383944812818
0.677788987195   0.674391715949   -0.292912789574
0.724274022158   -0.543796539114   0.423925069883
0.126606594079   -0.499480868009   -0.857023706107
0.313501179617   -0.720352040645   0.618716371141
-0.596812728219   0.357324573449   0.718424468296
-0.738601095189   -0.594484723731   -0.317893591373
0.769980376664   0.131138121183   0.624446164793
0.100508145328   0.941507098701   -0.321655865511
-0.63010184278   0.310430630363   0.711761541148
-0.31973131512   -0.59727550251   0.735550039245
-0.893999395979   -0.0670198819099   -0.443027556049
0.313905982934   -0.799231073927   -0.512535583495
0.652303807837   -0.693693059441   -0.305433595999
-0.659016071793   -0.718133061641   0.223568161634
-0.37442964546   0.0554512854841   -0.925595805705
0.128444342079   -0.429168355086   -0.894045062612
-0.558118211707   -0.77647833868   0.292549912531
-0.819759789663   0.46140645049   -0.339260924212
0.491729983766   -0.290414262341   0.820890479476
-0.723180022534   0.388876908697   0.570776142537
-0.484986884434   -0.87431933875   -0.0187993567834
0.484246625156   0.684122388761   -0.545418887848
0.287542447401   0.464319339159   0.837691406322
0.826331983508   -0.562480318304   0.0281308469965
-0.56445870308   -0.141544911957   -0.81323515075
-0.393823124284   0.912012911206   0.114611502799
0.725458282258   0.384964268074   -0.570537284505
0.808904434427   -0.53045029589   0.253566755617
-0.555041325221   -0.546726471433   0.626912508036
-0.193914267813   -0.647852335818   -0.736671302356
-0.188376653408   0.807528419125   0.558938358637
0.694218591281   -0.293076952575   0.657393677631
0.694676028067   0.51186302091   -0.505392386027
-0.0519267690647   0.654864081269   -0.753960639369
0.821507773094   0.457288309307   0.340605902645
0.567827957572   -0.6016979618   -0.561721437516
0.846775029645   0.514847309705   0.133806938756
-0.432361753189   0.81265468786   -0.390711751395
-0.309895730124   0.272991952241   0.910735982853
-0.0276079503341   -0.508158190158   0.860821151491
-0.569870681769   0.715507195372   0.404100061161
-0.821270483543   -0.479400362063   -0.309338141385
0.836939564747   -0.197863002163   0.510276785025
0.00587655589333   0.935556118931   0.353129175263
-0.547263767348   -0.292549108196   0.784166683966
0.697076375642   0.61784484111   -0.363802527253
0.696100536193   -0.704778021398   0.136864838678
-0.171838790831   -0.348648379988   -0.921366233969
-0.827459632979   -0.431581689595   0.359232238248
-0.502590874187   0.854536558004   -0.131033141678
-0.250425575718   -0.288971479978   -0.92400352531
0.786775355832   0.547388284845   0.285220274646
0.588888565605   -0.527252694933   -0.612547837304
-0.184918351591   0.649900501077   -0.737180128561
0.0994371082681   0.964255586684   -0.245608275609
0.952632524496   -0.0209584345092   0.303400753617
0.28740830672   -0.264143725217   -0.920665279924
0.937525285037   0.345507735267   0.0408747451009
0.138892415536   -0.47939505294   0.8665386778
0.31899096668   -0.806724728818   -0.49743338759
-0.218585040661   -0.295250935628   0.930079278884
-0.474392279245   0.865068159427   0.16312279098
-0.852744126565   -0.40556622709   -0.329155723105
-0.901540390635   0.357195245387   0.244205816325
0.374055118399   0.359673676051   0.854820223881
0.217503315961   0.862001394099   -0.457871056213
-0.344200425706   0.577800428697   -0.740049141301
0.854375778686   0.519589393137   0.00830008038873
0.389317474227   -0.629423170162   -0.672501581503
0.957087401861   0.28157587432   0.0685472990011
0.221730364114   -0.559201712819   -0.798829825439
-0.18659943952   0.779748979724   -0.597638835577
0.376693552019   0.129118266426   0.91729517667
0.871054237885   0.287597006446   -0.398186484636
-0.315224495448   0.949008132293   -0.00413307525035
0.926438432816   -0.323354339194   -0.192753214047
-0.364535296807   -0.898382714686   -0.244994929204
-0.0939459822611   0.297238068352   -0.950170344275
-0.206143114085   0.875754688049   0.436530345881
0.405549690555   -0.329530284642   0.852607318755
0.890524825598   0.35279387447   -0.287231643679
-0.72019476274   0.148040557915   -0.677793107766
0.612019647412   0.595667940119   -0.520203475859
0.326728411534   -0.789470517706   -0.519600660863
0.432136948049   -0.0399884609316   0.90092096275
-0.876471685725   -0.253765706423   0.409145879077
0.212261730543   -0.966438766418   -0.144710291656
0.0187312107979   0.179744175318   -0.983535039122
-0.8823800038   0.465557438745   0.0682773763659
0.470164514438   0.866572733629   0.167323120623
-0.452532983329   -0.330919318861   0.828073851419
-0.555049343416   0.83131569646   0.028886661158
-0.697949944747   -0.446549680578   -0.559874322865
0.720926264816   0.478366323039   0.501428939812
0.686708493337   -0.395742728861   -0.609769741568
-0.0932564522025   0.783934533961   -0.613799544303
0.0359370984749   -0.999001280407   -0.0265512089868
-0.376390800819   0.0110815737328   -0.926394712735
0.925763733364   0.0432855688314   -0.375616652345
0.722542383227   0.436403528551   0.536175777808
0.471042805368   0.256906040224   -0.843870820688
-0.50601499973   0.862294176465   -0.0199392397923
0.244968382913   0.725244590249   0.643436691282
0.387251031231   0.535227829187   -0.750711535594
-0.888834703521   0.433072113139   -0.149737819662
0.734307085776   0.639332800556   -0.228137401389
0.501880025199   -0.285034666182   0.816622115413
0.457066235995   -0.714149010506   -0.530171337123
0.253318879451   -0.959277073357   0.124968163327
-0.908902712839   -0.280245015464   -0.308801861882
0.331248251178   -0.0353585610426   -0.942880887627
0.702770907771   0.53913049757   -0.464167381211
-0.0654228524954   0.698667405659   0.712449090561
0.70840165271   -0.47032134   0.526274581923
-0.579743786885   -0.806308180812   -0.117321179352
-0.808052225505   0.550461339424   0.209866420983
-0.104636238587   0.216470393715   -0.970665661399
-0.968217225115   0.233610372193   -0.0893397951283
0.216818968519   0.96202962733   0.165796655663
0.124679348251   0.141156615652   -0.982104816187
0.106307978327   0.940864029154   0.321672958745
0.749989753489   0.136532419069   -0.647204966147
-0.652850659344   0.310054474548   -0.691123895844
0.711547508565   -0.365322576738   -0.600199598451
-0.602760674184   -0.756339867522   -0.254223473454
-0.36108131039   0.542668793762   -0.758373831012
-0.392919215485   -0.370133602225   0.841793090139
-0.771324925504   0.631065270625   -0.0825498849672
-0.500671897953   -0.681731428581   -0.533450944217
-0.658345795856   -0.592940894432   0.463682983071
-0.717706050526   0.308798040809   -0.624132834444
0.22688948437   -0.743683310088   -0.628853159473
-0.132343733213   -0.340012853705   0.931061971941
-0.6785840641   0.715765773256   0.164933398029
-0.72250176763   -0.609975915222   -0.325454418652
0.125776242301   0.952831744026   0.27621007304
0.223707099281   0.244009204827   -0.943617847272
-0.966506839398   0.18047486123   -0.182464664689
-0.841502570036   0.433726981914   -0.322109189224
0.540251661729   0.674193496682   -0.503578465614
-0.0012516474511   -0.597782597766   -0.801657282875
0.390561232914   -0.893190492654   -0.222873657431
-0.92052165078   -0.376265932881   -0.105184781208
0.0100902819189   0.246241124887   -0.969156073409
-0.552415534073   -0.832632854647   0.0394918609021
-0.823191942392   0.537473748283   -0.182967198938
0.131118662653   -0.133583304604   -0.982325504624
0.359526454883   0.783766683029   -0.506409433969
0.924097193824   -0.223703255841   0.309840652098
0.129557340995   -0.579367448084   -0.804703830918
0.233840577752   0.966828411254   -0.10276870822
0.698663366052   -0.240600553723   -0.673781028588
-0.676156849506   0.0857566133939   -0.731749764691
0.847796939157   0.436030833331   0.301856691729
-0.193631910882   0.784410740524   -0.589242287381
-0.493707436692   0.441108719632   0.749450508319
-0.944971707002   0.0215631002241   -0.326440661798
-0.0357197304395   0.98505957066   0.168468819396
0.325196208194   0.170858640285   -0.930083195857
0.827856780034   -0.478065566036   0.293439033401
-0.118090795219   -0.659931149682   -0.741987494345
0.548368230149   0.579606929091   -0.60278361948
0.647389056722   -0.516165890414   0.560767494431
-0.736782945911   -0.612119106734   0.287160390349
0.195034099201   -0.599068420754   -0.776581436428
-0.923813487921   0.325915440549   0.200867531343
0.380952973494   0.834631652102   0.397825134066
-0.0379930457076   0.444037308028   -0.895202433842
-0.310239056579   -0.136170745562   -0.940855597755
0.903519482056   0.265545209923   -0.336360352944
0.295642137251   -0.95443348094   0.0406504260953
0.642947050543   0.724404037273   -0.248712446373
0.0587891134165   0.277093419662   0.959042792019
0.763651052734   -0.631235318691   0.13556932579
-0.289674040709   0.323196256744   -0.900906837451
0.0409142098618   0.944584089373   0.325709879395
0.956250478468   0.0574898054499   -0.286844809433
-0.916008538856   -0.392030864199   -0.0850891195045
-0.394727361356   0.918643029263   0.0168906774157
0.0715448596348   0.0490590083619   -0.996230167561
0.0754699805907   0.487126141471   -0.870064597789
-0.0615573115014   0.873164833042   0.48352235909
0.995246190362   0.0170674144168   0.0958839086331
-0.015831778295   0.825312199891   0.564454716968
0.329483724476   0.537301105074   -0.776368467799
-0.944028511276   0.173687348987   -0.280433369449
0.810189001692   -0.585749090302   0.0221762203133
-0.513571579956   -0.691101962982   0.508549219863
-0.282556213518   -0.423410061256   -0.860747295221
0.275772084993   -0.885931977973   0.372926651694
-0.343869818445   0.271367511585   0.898951178662
-0.897609773287   -0.376143860858   -0.229809683951
0.612912433995   -0.02191878517   0.789846766854
-0.764694340781   0.235235444479   0.599922370677
-0.198949524833   -0.971691233117   0.127417557862
-0.730900102424   0.597983662637   0.328938564926
0.318317627019   0.725028765501   -0.610743135471
-0.603704338733   -0.341685276848   -0.720272339452
-0.816256938298   0.366215191185   0.446778518314
0.490399704626   0.848042303772   0.200829232725
-0.305340368088   0.383028308039   -0.87181223601
0.88381527606   -0.46611358663   0.0401083802023
-0.271066499416   -0.440326790278   0.855941160745
-0.381305010062   -0.767365911494   -0.515515321964
-0.43856608535   0.773087730103   -0.458252278057
0.343342903984   -0.327093852607   -0.88041198417
-0.830527205494   -0.543456505298   -0.121981915808
0.225135335139   -0.973789651451   -0.0323696709799
-0.614331651047   -0.116087160113   -0.780461654265
0.7562477791   0.195595209513   -0.624365126046
0.0337842332819   -0.997136191446   0.0676612244217
-0.837527719128   0.00869473095423   0.546325655031
-0.54534937909   -0.0751253443408   -0.834835455263
0.189748745081   0.953258112064   0.235147582435
-0.765529639345   -0.00632410641502   0.643369549297
0.614784340257   -0.302091008577   0.728547347475
-0.195817929534   0.420331464164   -0.885989163989
0.920708352207   0.389809883365   -0.0185576132095
0.337566983945   -0.819371536645   -0.463334454024
0.366055209624   0.315098777122   0.875623403161
0.774195567891   0.418977510155   -0.474424987371
-0.516357246646   0.851569496072   -0.0905791763883
0.581367368027   0.548385278557   0.601070353333
0.464005104082   -0.830294866308   0.308722688459
0.66836460617   0.099418415019   -0.737159909365
0.834995914936   -0.412967529279   -0.36364768912
-0.482325759019   -0.231215102995   -0.844926883425
0.264846529575   0.880907143749   -0.392248543481
0.965417328634   0.15445823402   -0.210028654036
0.240020462623   -0.212065033277   0.947321803393
0.101781919294   -0.964972059494   -0.241804394708
0.330511412433   -0.21599975905   0.918752583856
-0.435899058845   0.828479871178   0.351586566226
-0.837110635908   -0.51668675921   0.179667960715
-0.567655413074   0.0559914792461   -0.821360022317
-0.743585361177   0.393326946691   0.540716860889
0.353338566607   0.917692141875   -0.181639726079
-0.720999895211   -0.354519363216   0.595378175793
-0.275662224724   0.93504257162   0.222947812547
-0.635743257114   -0.0033779230072   -0.771893192527
0.175091525544   0.636542998264   -0.751103168043
0.932042352365   0.138649956733   0.334773420236
0.317238098407   -0.758675952472   -0.569008601042
-0.318568567886   -0.0278007375188   0.947492050916
0.253876908709   0.960549052321   0.113543090098
-0.913269173234   0.276717612518   -0.298942770681
0.965406165771   0.00727196219595   0.260649292456
0.251800387416   0.233653513669   -0.93914993502
-0.0677310858414   0.972292730671   0.223739459851
-0.529494465811   0.817499434263   -0.226561880411
-0.209687513192   -0.38491303291   -0.898817614373
-0.821989511787   -0.428411755296   0.375228744151
-0.890312851894   -0.371238921007   -0.263675348264
-0.373633196174   0.926580338213   -0.0429780357219
0.260271512982   0.060253965572   -0.963653568023
0.0704392867453   -0.891569165277   0.447373144488
-0.247670017198   -0.450075096566   -0.857958023468
0.966280430033   -0.0503669631588   -0.252517919281
0.111889701154   -0.970240835244   -0.214740346465
-0.847396983872   -0.206030853921   0.489356351708
-0.519036652366   0.12721638596   -0.84523188809
-0.104669827804   -0.994367418472   -0.0166632598492
-0.985921593749   0.101554788765   0.132835371263
-0.13039493137   0.0303325231439   -0.990998032245
0.532791757439   0.292858918857   -0.793956294043
-0.0620537022376   0.949204006582   0.308481915073
0.843968175492   -0.11508869421   0.523901050984
-0.634223207631   0.136900892039   -0.760933025083
-0.435642532925   0.749808242837   0.497999179197
0.638730386321   0.647337427261   -0.415905937512
0.411578982804   0.709028609555   -0.572609091567
0.687558196154   -0.653970854402   -0.315572255585
-0.598219414442   -0.263819166144   -0.756659090846
-0.803673887066   -0.452744273188   -0.386174709611
-0.594719875783   0.633353469237   0.495148111533
0.020409620187   0.627603382799   -0.77826566242
0.666480107728   0.73644083572   -0.116013626301
0.644787194519   -0.491287770263   0.585564514443
0.374237544599   -0.465071201296   -0.802281146443
0.90634789701   0.0244232620027   0.421825786146
0.0219138195018   0.994267468798   -0.104651731975
-0.421963593334   0.104094691333   0.900617022455
0.930014117934   -0.0399733445452   0.365343498875
-0.312778574154   0.435896110302   0.843898183772
-0.192985242944   -0.899108843661   0.392886730822
-0.869766574805   0.491624826054   -0.0425574407103
0.453340016733   0.830132903442   0.324595427959
0.194907502628   0.263029262689   -0.944895058929
-0.820523054137   -0.296298681756   -0.488824108262
-0.570964918258   0.384115637992   0.725571663427
-0.0272209431818   0.874449694287   -0.484351889036
0.406598755984   0.35220043719   -0.842990097021
-0.789987730932   0.599015544941   -0.13076605789
0.458908309589   0.719121150406   0.521792999598
-0.694719943819   -0.477337202752   -0.538064489191
-0.254752377599   0.862858159709   -0.436551282591
0.672655503038   -0.166207674593   -0.721047559554
0.929651452859   -0.351136288726   0.11158621302
0.0676803425061   -0.134956192296   -0.988537403136
0.362170605426   0.926547426147   -0.101697195953
0.648995124106   0.76055921239   0.0188417975449
0.758140766375   -0.64860062996   0.067378046694
0.0634657958831   -0.0294432889456   -0.997549590491
-0.2741886177   0.247025499193   0.929407878529
0.867159389125   0.481329431216   0.127892816441
-0.415758578716   0.841011522747   -0.346185532382
0.78691399215   0.568764569889   0.239318267163
0.433119806276   -0.785350149814   0.442303488114
0.439515190147   -0.244401322062   -0.864346221953
-0.43781664711   0.858994623373   -0.265414431652
0.838654516663   0.496583814551   0.223747886711
0.323998742582   -0.124630462335   -0.937812381377
-0.875475034833   0.474394098441   -0.0921612866031
0.357121645359   0.763568557016   0.537984376309
0.325588073799   0.438079100279   -0.837901610035
0.0013552658947   -0.964907382683   0.262586949595
-0.660814076773   0.196220427936   0.724446202005
-0.750548412291   -0.174502969899   -0.637358450405
-0.380965243914   -0.348658000186   0.856331175326
-0.442354549365   0.882027727343   0.162325416537
-0.811903895535   -0.316961649264   -0.490252360841
0.349287591607   0.299084360734   -0.888001533509
-0.0456792681955   0.951999585572   0.302671758722
0.935901481357   -0.0651562294443   0.346183597182
0.999999679804   0.00040062783254   0.000692740491003
-0.00039942674955   0.999998418438   -0.00173308372103
-0.000693433716966   0.00173280646702   0.999998258264
0.753558658907   -0.577713047409   0.313682932973
-0.35795115123   -0.760823334874   -0.541312134026
0.551380377706   0.295627278788   -0.780118062294
0.873618646016   0.16885396921   0.456375720667
-0.108427676299   0.981833963262   -0.155709690119
-0.47437738178   0.0865471297418   0.876056901114
