0.21659938707   0.816784829926   0.534740354867
0.170372061335   0.507712997945   -0.84451220976
-0.961279390311   0.274025643545   -0.029186990979
0.689051865235   -0.01255267937   0.724603310272
-0.421825526956   0.806077318268   0.415093461502
-0.589296828283   -0.591677097084   0.550134039086
0.896143195791   -0.114654142188   -0.428697796024
0.156386678927   0.985665774139   0.0632944574627
0.415295773264   -0.12376352197   0.901228057341
-0.72078191406   0.598385273206   -0.349869257258
0.674797196325   0.721159106655   -0.156774636728
0.15849976718   -0.349091116615   -0.923587145918
0.730015417824   0.178532202118   -0.659699736658
-0.53155933059   0.755034681298   -0.383884498385
0.429560435564   0.630911152893   0.646087416186
-0.261147904501   -0.780436372405   0.568085240612
-0.883319717814   0.430541870513   0.185418375184
-0.38929172621   -0.453379274297   -0.801809943529
-0.646237836415   -0.753616735704   -0.120160203285
-0.494827905949   0.293933291709   0.817770483399
-0.58096643817   0.587932849646   -0.562861405701
0.481645727949   0.859326103724   0.171976859509
0.831067201714   -0.510143867251   0.22154128496
0.278109149407   0.0362199139266   -0.959866354682
-0.853612232581   0.496760396728   0.156764998105
0.503029295875   0.864269283452   0.000364929533687
-0.135305890042   0.0791688949284   -0.987635865183
0.624453785874   -0.777533944111   -0.0741514333096
-0.771645841438   -0.599442486965   -0.212676750521
0.120913873058   0.19002544718   -0.97430496495
0.905353367807   -0.405326442372   -0.126671837891
-0.0508708696692   0.1926257456   -0.979952793124
0.42160103655   0.893647468103   0.153775058882
0.182753221315   -0.190108629356   -0.96460352951
0.495462630785   0.865240257287   -0.076655584701
0.849186694193   -0.46391594736   0.252317165867
-0.206570096027   -0.765497926856   -0.609378141556
-0.657747327027   -0.35243917312   0.665698943247
-0.724359889293   0.538330338388   -0.430700821399
0.681964749948   0.680860419066   -0.267120140718
0.715588342124   -0.54564562932   0.436124032611
0.151186654323   -0.48856927549   -0.859326863656
0.341959688409   0.602966114764   -0.720760317962
0.715679094945   0.329952240727   0.61557692606
0.608988509384   -0.726335585859   -0.318699877868
0.767057098944   0.108942454428   -0.632261772198
0.118291562041   0.944567935537   0.306265442883
0.630579505939   -0.309714314777   0.711650567282
-0.328428662893   -0.629494195456   -0.704181561302
-0.906003434179   -0.000796103171162   0.423269587233
-0.26700634945   0.777004777403   -0.570062439779
0.65318961103   -0.704403696915   0.277774663739
-0.672486651649   -0.708272431561   -0.214736736599
0.348001487636   -0.0465359480781   -0.936338277622
0.112241313323   -0.919449675479   0.376847690514
-0.852133056263   -0.284144544663   -0.439466872657
0.511146888876   -0.271798035314   -0.815386218912
0.490018870486   -0.830931655313   -0.263503492894
0.462520153412   -0.00838871236572   0.886569082019
-0.738888769881   -0.556311256137   0.380212009332
0.496482396862   0.54417710714   0.676296167127
-0.815178763383   0.024544667121   0.57868915926
0.298309928322   -0.838611254027   0.455787616422
-0.563454041943   -0.129043523191   0.816006931184
-0.409646634614   0.901388425907   -0.140315859367
-0.717432350377   -0.413336031291   -0.560753196932
0.824680796258   -0.514656554023   0.234585199199
-0.53115082803   -0.562167312561   0.63391380374
-0.19437176278   -0.647376663225   -0.736968841774
-0.197281432527   0.796362947507   0.571739531796
0.680149949985   -0.308827137858   0.664847233925
0.706028386056   0.520030628676   -0.480720358757
-0.0603167303676   0.659943001686   -0.748890597193
0.812331457453   0.468447471979   0.347382453828
0.580068526356   -0.587394416489   -0.564347680255
0.845792953591   -0.143713804468   0.51379044567
0.317582866046   0.909447273703   -0.268415311687
-0.428690334449   0.390194821544   0.814845137674
-0.0257251273151   -0.513164513118   0.857904656882
-0.567456247971   0.714020542717   0.410083005276
-0.823001594448   -0.476273920191   -0.309566678573
0.836950407867   -0.19545357755   0.511186769971
0.00324300964376   0.93580677773   0.352498450554
-0.547269127267   -0.293365938339   0.783857722143
0.705722712531   0.607069230133   -0.365270314759
0.68606536808   -0.714241797083   0.138466479775
-0.176832586758   -0.348318252645   -0.920545833261
-0.870460696689   -0.343491089765   0.352579135474
-0.415371149253   0.89691573824   -0.151687068879
-0.264130618989   -0.27848883236   -0.923406187094
0.796427634365   0.516104519464   0.315181135554
0.588225120331   -0.540199780497   -0.601810107063
-0.140336135871   0.664695661292   -0.73381567633
0.0683536146658   -0.983521050215   0.167374212907
-0.925785651813   -5.25494801695e-06   0.37804884191
-0.371818114485   -0.180793649658   -0.91053003574
0.944279630492   0.0520593527755   -0.325001235732
0.306679870987   -0.497691803937   0.81132627532
-0.11951333051   -0.865790212513   -0.485925788313
-0.207395493385   -0.302696868403   -0.930248200849
-0.49690947554   0.851708038404   -0.166356215503
0.842655375846   0.427747616214   -0.327053350971
-0.913601172591   0.32997756377   0.237587257338
0.347433732099   0.329952351167   0.877736434107
0.211240855993   0.884446862942   -0.416090191415
-0.352227916306   0.509724151977   -0.7849310695
0.879136026842   0.467865132854   -0.0906755963237
0.321022337672   -0.721999658137   -0.612912026612
0.958839394722   0.267178357888   0.0961391710262
0.235560845785   -0.559407774381   -0.794716320391
-0.158550001774   0.784651940059   -0.59931897175
0.341163188142   0.149177995398   0.928091377369
0.866050812847   0.333979468914   -0.372039922469
-0.365463635159   0.930700617832   -0.0152542237848
0.921287257591   -0.319486028678   -0.221717086578
-0.369033135087   -0.89807313974   -0.239330693569
-0.122655347248   0.302313269898   -0.945284270807
-0.211609437156   -0.614274561614   0.760189587577
-0.956340261817   -0.0302844625123   -0.290682223326
0.20158062837   -0.788511010883   -0.581047017015
-0.724669633917   0.0940184613878   -0.68265251087
0.625344381544   0.505881910174   -0.594161507866
0.289479405398   -0.857463714612   -0.425391175241
0.45782256964   -0.048665132333   -0.887710650845
-0.863462690972   -0.262140165131   -0.430946301904
-0.21173255779   0.963801970697   -0.162034210127
0.0173820359327   0.194040394673   -0.980839533289
-0.887871097855   0.454086361715   0.0740978386877
0.459763828961   0.869571101946   0.180175803702
-0.446416655871   -0.308263751684   0.840050967953
-0.589522997531   0.807574026315   -0.0169359795353
-0.67318259391   -0.502789868055   -0.542243067119
0.743395973576   0.483262057965   0.462406974215
0.658770052214   -0.409444489137   -0.631171314796
-0.115691161186   0.773830080604   -0.622737955786
0.0299721366549   -0.999116456273   0.0294614634654
-0.375507764266   0.0160607716882   0.926680079957
-0.926334491423   -0.0388375902697   -0.374694611093
0.716529855534   0.465410349426   0.519594238589
0.448479342668   0.263156201132   -0.854175095051
-0.534276375416   0.845069240034   -0.0201676528017
0.203013163043   0.766361318424   0.609488297881
0.29734029738   0.544808442672   -0.784074300272
-0.932938584895   0.3404028355   -0.117266817122
0.735017914102   0.651565919801   -0.187644659137
0.471970535346   -0.292950739772   0.831518898061
0.486818733939   -0.699744036217   -0.522843957664
0.233048960378   -0.961108158372   0.148186672736
-0.904996495612   -0.270117038596   -0.328661114814
0.355906623986   -0.057514288398   -0.932750010256
0.703478957029   0.549557647241   -0.450670333366
-0.0816522118573   0.69240293201   0.716875927928
0.706010108509   -0.46750890056   0.531963489895
0.558137166322   0.810563484091   0.17739713027
0.809097856677   -0.579063735266   0.100228981937
0.183966197685   0.0875901179205   -0.97902217
-0.96637088923   0.240155498768   -0.0919382448234
0.22629733103   0.964015534191   0.139511891273
0.122134444029   0.114014851005   -0.985943097411
0.0873513144543   0.935597629344   0.342091835374
0.758578883883   0.160114861466   -0.631602175475
-0.645699484892   0.314674922903   -0.695738361819
0.723091549184   -0.360571336729   -0.589174781053
-0.592821653239   -0.761732868534   -0.261391515633
-0.354543507838   0.538285563733   -0.764557095923
-0.377135956991   0.768928035109   -0.516253955691
0.410854912716   0.638465429102   0.65081497873
0.83004018616   0.0333402559228   -0.55670613136
-0.630396720019   -0.619986807578   0.467136311818
-0.741125439151   0.30165864563   -0.599779246856
0.230939513362   -0.724305474193   -0.649652615804
-0.168115876913   0.634238177945   -0.754638314404
0.323083088687   0.758700730292   0.565677045371
0.931318618806   -0.148711584927   -0.332461268081
0.0827113184663   0.952782538245   0.292171649229
0.198841095338   0.271503456575   -0.941673028112
-0.9765352306   0.135982748479   -0.166995914662
-0.833346509637   0.448949603728   -0.322455963178
0.552749039773   0.675322519422   -0.488270410523
-0.00144703386028   -0.585135666383   -0.810934126806
0.384391008603   -0.892282647461   -0.236802089403
-0.923165140661   -0.372392112074   -0.0953427392829
-0.00311055839261   0.255256325888   -0.966868415308
-0.534235477733   -0.843669668065   0.0530466353108
-0.832996451559   0.514717035708   -0.202936652288
0.143907491192   -0.152603618366   -0.977753941255
0.360221362263   0.538760501325   0.761562664776
-0.0903701342656   -0.792374874341   0.603303652688
0.928479299178   -0.286145383897   -0.236742497817
0.245085892244   0.966882145738   0.0712167232883
0.720118681365   -0.230733931058   0.654363001557
0.649124017559   -0.109090647223   -0.752819527189
0.845304403197   0.438699043717   0.304964940571
-0.196258994769   0.78584205717   -0.586459434364
-0.496933469297   0.435884629488   0.75037438447
-0.94499104531   0.00135454850427   -0.327093395657
-0.0164863446516   0.998523201104   0.0517650200187
0.326680462722   0.054310054832   -0.943573152024
0.810038772689   0.31804737528   0.49262871802
0.576352153933   -0.586528337809   -0.569036645221
0.107960091687   0.74486936843   -0.658417984701
0.667976048021   -0.501169351664   0.550124786047
-0.717714035415   -0.629249089314   0.298214934176
0.196709335411   -0.594032713368   -0.78001959771
-0.923312447936   0.333953900333   -0.189654728227
0.380641193238   0.86139558012   -0.336318207298
0.0510529675636   -0.382717189321   -0.922453872831
-0.302329232578   -0.113360558489   -0.946438808856
0.903957951689   0.280916760699   -0.322406257904
0.30241867784   -0.953013723583   0.0175438295739
0.656699521625   0.711396927902   -0.250320093621
0.0715260646293   0.271673931626   0.959727720217
0.750752795784   -0.648157145951   0.127524718294
-0.28560775526   0.335502849378   0.897700422298
0.0547213441078   0.940898863395   -0.334237794633
-0.956783039479   -0.0463375325341   -0.287087179171
-0.916260247697   -0.391613992905   -0.0842949527012
-0.394029146517   0.918998329661   0.0135315104778
0.072167791883   0.0456130534106   -0.996348964557
0.0720687059241   0.471924244675   0.878688573338
-0.0583537364072   0.881465378757   -0.468629520518
-0.995691188609   -0.017501238291   0.0910646121418
-0.0065376074301   0.839293888928   0.543638692237
0.317204175958   0.517314056597   -0.794838145538
-0.948334735441   0.167248123624   -0.269609522644
0.824790245001   -0.564636855172   0.0301043772921
-0.500155190483   -0.703693505082   0.504638718628
-0.263753364309   -0.431277952933   -0.862805592315
0.269956567425   0.335836411619   0.902406425251
0.889229630795   0.272514119293   -0.367432604027
-0.36931573947   0.901637376897   -0.225068712092
0.609276135235   -0.0316360908268   0.792326794189
-0.764319979723   0.242678921207   0.597429418257
-0.211181342996   -0.9695906863   0.123678378917
-0.743932671335   0.572457794634   0.344755353667
0.303980674612   0.749331907842   -0.588300468598
-0.595113375738   -0.332856974168   -0.731468594518
-0.809508729084   0.378036921438   0.449203410012
0.504086759987   0.839773857102   0.201683929292
-0.300985308516   0.389702392806   -0.870367674664
0.880570030157   0.261977308328   0.394923172162
0.47321175418   -0.440635057076   -0.762831162304
-0.0258274601032   0.85860854666   -0.511980767127
-0.440039180495   -0.825403057738   0.353659881674
-0.447065105356   -0.140190607036   -0.883447443412
0.778780014639   -0.546860481271   -0.307319545136
0.236024863425   -0.970668475824   -0.0457708847084
-0.62643751145   -0.115976613909   -0.770795348503
0.74287839388   0.210599465972   -0.635436508897
0.024024366214   0.81570541472   -0.577968430128
0.999210158816   -0.0012878555233   0.0397164946385
0.0316526198953   -0.578466090471   -0.815092076903
0.192474359217   0.966251588281   0.171205984673
-0.719521235861   0.0203289134116   0.694172836133
0.667265173817   -0.256796813499   0.699151331535
-0.202327281919   0.401493728381   0.893233707975
0.92385199871   0.380851252404   0.038076344639
-0.324901762799   0.832919629744   -0.447977382149
-0.0874673673173   0.503258553524   -0.859697788737
-0.874332317158   0.374783569908   0.308350895735
0.477380832071   0.778632200741   0.407233885059
0.560073057663   0.56308027366   0.607666664788
0.477099645876   -0.818884342212   0.319067958254
0.677269590329   0.1112161836   -0.727280456579
0.835191511334   -0.401889556   -0.375419664074
-0.489648392141   -0.232590356972   -0.840325043015
0.250398864752   0.885655977579   -0.391042066675
0.971733396412   -0.156722886633   0.176556345407
-0.2082678683   -0.216922343695   0.953713369855
-0.111169696104   -0.963526145785   -0.24343102731
0.331992853821   -0.29626175888   0.89554995128
-0.362222382073   0.836569465539   0.411030990624
-0.870962508342   -0.460847588204   0.170422444266
-0.567528031203   0.0815105131184   -0.819309447065
-0.754655425746   0.346430828047   0.557208102751
0.329252368542   0.934527537117   -0.135096854809
-0.716056669088   0.278773608537   -0.639959468902
0.37627357207   0.926343504637   -0.0174902938285
0.587946464924   -0.253323876884   -0.768209585845
0.177445160836   0.79136557695   0.585024562318
-0.253214224371   -0.537730812861   0.804194086944
0.950997251033   -0.290836889886   0.104967290187
-0.319104125189   0.253136002407   0.913287863476
-0.0328748401533   0.960132252796   -0.277606379655
-0.947149303   -0.118609533452   -0.298060356978
0.966723357373   0.0250145669019   0.2545981574
0.241850702508   0.235047671   -0.941414271219
-0.0833917742077   0.971661908176   0.221176283074
-0.523591135042   -0.822241562878   0.223094454395
-0.249684803371   0.398452908749   0.88254902327
-0.814561122489   0.406391549845   -0.413927633704
-0.879037479542   -0.401412452392   -0.257218103223
-0.395984482097   0.915191529686   -0.0749716875208
0.265498398299   0.0359514541552   -0.963440757621
0.0614127128961   -0.342498430397   -0.937509095353
-0.933541945445   -0.352062287493   0.0674654120262
-0.353168394381   0.871060830769   -0.341357751208
0.0645598724477   0.987813100896   0.141623799437
0.884369899701   -0.122381860485   0.450458167566
0.462300663391   0.0961663034627   -0.881493130266
-0.105859826549   -0.993087561208   -0.0507029870714
-0.980755505825   0.0958613773559   0.170085960986
-0.164049794014   0.0677325040604   -0.984123962201
0.539106753768   0.305513782996   -0.784872751751
-0.0531079123606   0.942366592809   0.33034036145
0.840561394359   -0.136405766586   0.524261393921
-0.634460897645   0.413584579419   0.652998594965
-0.11317284525   0.785998352922   -0.607781618925
-0.764624925344   -0.459515380452   -0.451878676937
0.372213523316   0.761302089018   -0.530920165673
0.741073321792   -0.588164645872   -0.323840517964
-0.558808934064   -0.272912950597   -0.783103503125
-0.788570891251   -0.463352807476   0.404302022349
-0.614935890096   0.590823956749   -0.522284312615
0.00313058198498   -0.660478029866   -0.75083884524
0.670563265882   0.733863583565   -0.108577839211
0.638448456524   -0.496346298593   0.588237979253
0.377794222842   -0.463772134341   -0.801365667218
0.992917914698   -0.0265740815503   -0.115792196894
-0.0245627256629   0.907683100512   -0.418936822866
0.116235481587   0.418814048516   0.900602079492
0.925190360596   -0.0478821633151   0.376470576667
-0.31861375331   0.440931183582   0.839085792721
-0.206174859916   -0.896262790582   0.392689364966
-0.872722719928   0.488090972125   -0.0110569910455
0.434051914125   0.786069093611   0.440107164125
0.223503892506   0.379292213207   -0.897877178146
-0.820403109243   -0.291074057492   -0.492153056883
-0.570813017363   0.366744569621   0.734622978038
-0.0333352299098   0.883614346708   -0.467027246248
0.403217844411   -0.842055977371   0.358269592517
0.460264293236   0.524997588783   0.715915017403
-0.7909311919   -0.123771009311   0.59925669536
-0.690749539785   -0.480333779217   -0.540503962826
-0.269891363436   0.864731664846   -0.423553774336
0.670838076759   -0.146692223227   -0.726950938107
0.928982065261   -0.0717180177978   -0.363109967291
0.35161812307   -0.135329337347   0.926310242835
-0.115572565739   -0.988201647629   -0.10050117249
0.58845966504   0.808015383218   0.0287465320335
0.80485007289   -0.588800222812   0.074368392378
0.077016769533   -0.0206261508658   -0.996816421971
-0.291256848134   -0.872819169834   -0.391607131172
-0.195327712777   0.454988900231   -0.868810787967
0.936491608631   -0.176555366489   -0.303004405129
0.783331011555   0.569478019377   0.249173256558
0.429789794173   -0.785790770205   0.444762406555
0.449080459563   -0.241304063179   -0.860290119629
-0.413124137645   0.874765598201   -0.253206625307
0.848486243098   0.470719809796   0.241855237567
0.330756016072   -0.11492610178   -0.936692291503
-0.879508780345   0.46882561796   0.0816507516199
0.339767733736   0.738767978125   -0.582047903191
-0.333199928582   -0.484173950602   -0.809044741131
0.0209703893523   -0.97185331685   0.23465159982
-0.647916872896   0.165537126468   0.743506009106
-0.761422332603   -0.167626341272   -0.626208783973
-0.37731219267   -0.382765990135   0.843282696406
-0.420787403439   0.88202150469   0.212075520445
-0.82496876933   -0.274824056555   -0.49386057503
0.34878805343   0.320597072413   -0.880661348615
-0.0709694076391   0.946008101625   0.316278381872
0.934510693873   -0.0478141069132   0.352708908615
0.999999630166   0.000418397148893   0.000751407096288
-0.000416932066219   0.999998014006   -0.00194888488953
-0.000752221011879   0.00194857088306   0.999997818615
0.754202153604   -0.580688735692   0.306561092998
-0.363928143514   -0.758248524089   -0.540939444
0.546566938131   0.296411484186   -0.783201643375
0.873054337533   -0.189933862352   -0.449111624929
0.132351503154   0.978748189692   -0.156636715965
0.469317806318   0.0773117656471   0.879638384545
