0.372964077522   -0.30176899111   -0.877401432004
-0.821530731162   0.332124847466   -0.463444002499
0.43125984584   0.893660204832   -0.124041862551
0.590164065761   0.587045880471   -0.554151161423
-0.304702136392   0.797648542149   0.520493430588
0.747571390279   -0.138325476428   0.649617640622
0.921572693926   -0.255402210189   -0.292358480023
0.15802258811   0.934686949168   -0.318416658957
0.354587974215   0.247244854517   0.901741287985
-0.108704488378   -0.990399976322   -0.0853886474138
-0.858156397247   0.136850599925   -0.494812602068
0.501747876997   0.0194884632796   -0.864794349963
0.644254534585   0.195224565522   0.739475127157
0.283299833924   0.837178709922   -0.467838659959
-0.710406432098   0.510900358847   0.484049093135
0.394138160255   -0.665492105313   0.633857530046
-0.918696188376   -0.266120236258   0.291851560417
-0.0255425937317   -0.697352333917   -0.716273200871
-0.857589161037   -0.40065665622   0.322513681414
-0.421158996243   0.906961203763   0.00681723938084
-0.29523876906   -0.129983147738   -0.946540252999
-0.969047344295   -0.156515295367   0.190919372594
-0.246773850755   0.591980286693   -0.767243121019
0.0070647787807   -0.79060881761   -0.612280806834
-0.675133192796   0.729920236851   -0.106825183453
0.624280652628   0.488163793537   -0.609893250852
-0.393025239316   -0.478448072956   -0.785250662366
-0.362591095419   0.814732613075   0.452480349534
0.925005514913   0.255470694065   0.281246372162
0.113545122763   0.520524248874   -0.846263559083
0.203952451936   0.125052240454   0.970961036554
0.325787297918   0.926608966741   -0.187772360241
-0.923182557171   0.35462340576   0.148243739236
0.238514408318   0.076088321996   0.968153626384
-0.410810318531   0.911240476923   0.0295918131696
-0.879969180832   -0.40478557345   0.248601850984
-0.29551131847   0.822600916425   0.485799128193
0.888301648441   0.0494685878988   0.456588480131
0.35155830531   0.566463230147   -0.745336277702
-0.610088848547   -0.792182938644   -0.01542039556
-0.0685762502263   0.072182039216   -0.995031180979
0.789359800587   -0.605999954567   -0.0983623926165
0.0369659313427   0.88561084549   -0.462954587699
0.0379841871279   0.461691233369   0.886227062642
0.99859437283   -0.0503451624425   -0.0165723616433
0.783647228321   0.397471755892   -0.477402581489
-0.0739306301416   0.822720551143   0.563617917257
0.616791118184   -0.40638294501   0.674108016963
-0.193876023126   0.859727627455   -0.472525654591
0.474033227549   -0.339603883852   -0.812380268872
-0.858897308668   -0.381493916941   -0.341698411616
0.277838181389   0.611309890026   0.741016979103
0.722181492729   -0.641583244374   0.258504994339
0.633450737249   0.463326190599   -0.619733010726
0.562967080899   0.748236434813   -0.351013252516
0.679583352575   -0.660788736405   -0.318629428559
-0.470355751243   -0.0591648836586   -0.880491330914
0.450210901417   0.88208118209   -0.138718897225
-0.160503670794   0.232766786812   0.959196640225
0.878378458244   -0.409575891819   0.246371412575
0.845623125111   0.0998257475575   -0.524362804174
0.521854627187   0.0518816290697   0.851455251113
0.112201953458   -0.993651406022   -0.00822222296555
0.554077384329   0.831154282896   0.0466991455878
0.284072301804   -0.241507078772   0.927888602285
0.782496760072   -0.500856155924   -0.3699215208
-0.224129694077   -0.586272511021   -0.77849240398
-0.885847998953   0.455548114763   -0.0880297556898
0.406250172903   0.669895856053   -0.621450190328
-0.558255325606   0.810218852385   -0.178595640126
0.709005129328   0.354085402727   -0.609864947478
-0.430885968696   -0.467085579755   -0.772119384011
0.636447158798   -0.461273999598   0.618191969661
-0.749940108003   -0.182668814607   0.6357845064
-0.180346467853   -0.8682501952   -0.462186921135
0.860787540987   -0.0429304937213   -0.507150650192
-0.169495730801   0.915379796448   -0.365172596856
0.479912498818   0.400295891764   0.780670988647
0.0160380310684   0.00353717372455   0.999865125885
-0.935505857913   0.353043257379   0.01375675211
-0.35294698096   -0.935600313607   0.0089711654701
0.840354647261   -0.289423568328   0.45829909985
0.440169818706   0.8577957345   -0.265399714723
-0.316314080508   0.424759315343   0.848248151487
-0.90643085392   -0.422354242547   2.93862273201e-05
-0.23606228575   0.506680138018   0.829186248671
-0.350225219406   0.751593062462   -0.55897241806
-0.79142031721   -0.611104388955   0.0143285486545
-0.365877223217   0.492352543974   0.789761248716
-0.489681262698   0.619790608385   -0.613246983458
0.279675660993   0.956888610498   -0.0783945900412
0.611761324097   -0.114680485012   0.782685421288
0.739952435625   -0.266856840754   -0.61746078382
-0.436085117216   0.400157766401   -0.806041892542
0.871466224587   -0.0356127060913   -0.489160867781
-0.224446853278   -0.915754059316   -0.333193806814
0.997253673731   0.0707243195505   0.0219813751643
0.0570853556443   -0.544940007963   -0.836529527209
-0.0471844508387   0.835486958812   -0.547480747838
0.184541800773   -0.746331717695   0.639478921411
-0.622598348866   0.414676963229   0.663637184127
-0.760470656736   -0.520607321624   -0.38813966161
-0.445964198153   0.88241271476   -0.149879067237
0.894333385167   0.446017995878   -0.035153143934
0.0358291800218   -0.149718897214   -0.988079208199
-0.756828100606   -0.172642795238   -0.630401214613
-0.404771066121   0.881081826751   0.244653221114
0.5131974378   0.440328604365   -0.736708293705
0.527388358103   0.847334877771   -0.0623307680856
0.458177952476   -0.221857861289   0.860727630119
0.715495970361   -0.48249631532   -0.505235412556
-0.0596597993795   0.330212883829   0.942019192847
0.482759274253   0.835544202993   -0.262315397885
-0.873718599699   0.439118817859   -0.20926173167
-0.903331857289   -0.31942568049   0.286284456878
-0.218504963422   0.917006274494   0.333699076262
-0.369116697761   0.238886431557   -0.898157077716
-0.258234097425   -0.588142939958   -0.766422229
-0.923677992194   -0.0821498414216   0.374259763122
-0.283079701965   0.804573977787   -0.52204079975
-0.378295870772   0.553533353077   0.741952196026
0.914216453303   0.349183286078   0.205619330885
-0.145260148239   0.756089848996   -0.638143894101
0.660801250732   -0.738049487892   -0.136472196632
-0.177654674297   -0.330461785131   0.926948663772
-0.729232832318   -0.588283912741   -0.349487502321
-0.00437239751026   0.0972365068785   -0.995251698753
-0.868411522977   0.493110767647   0.0519922839578
0.49582487725   0.864515374393   0.0822852267346
-0.113846201272   0.639207587458   -0.760560781655
0.79461095957   0.518099862646   0.316490055542
0.596349281367   -0.568318741959   -0.566905055677
0.34545800674   0.91428982647   -0.211501486502
0.626305103644   -0.0567852728091   0.777507138193
0.698856696847   -0.401060526611   -0.592241311685
-0.341484551767   -0.939706505631   0.018438659904
-0.13513386005   0.0685021747155   0.988456519998
-0.930122110678   0.335050944386   -0.150378601848
-0.0569458030183   0.772426400258   -0.63254614986
-0.629446541084   0.464011979276   0.623289607651
0.774954338937   0.433647713326   0.459777591114
-0.0703669698967   0.200973519366   -0.977066084797
-0.76602583881   0.616512775106   0.181979153768
0.638946714384   0.761263188815   0.110568772864
0.158123278843   -0.681207141861   0.714810365458
-0.844458361253   0.281891065055   0.455442096816
-0.511749064286   -0.675643587492   -0.530677527207
-0.0164612467234   -0.743094562105   0.668983930395
-0.898140493407   -0.283042189755   -0.336497805224
0.439400365792   -0.60638073072   -0.662744089339
0.68700307831   0.0378311024588   0.725669055479
0.456454243072   0.754562963018   -0.471470315952
-0.565399234502   0.65513627783   0.501118911134
-0.229954051131   -0.657839619801   -0.717194652092
-0.653496275276   -0.441708920113   0.614683534913
-0.721154458191   0.610033002807   -0.328322985668
-0.886664819358   0.422709336334   0.187462836553
0.455672090921   0.86768724573   0.198700249503
-0.0786666617285   0.261602103534   -0.961964602134
-0.361504623988   0.684886573569   -0.632649024484
0.780056325152   0.593841764274   0.197139769186
0.510711793898   -0.422234935017   -0.748926647426
0.086326995958   0.942229507092   0.323652909355
0.547788055817   -0.316241950728   0.774544559405
0.832151365842   0.110429092926   -0.543442287425
-0.11250348784   0.542857423026   -0.832255239389
0.948268602828   0.308892166949   0.0732958804327
0.29686633712   -0.780955470858   -0.549526096215
-0.514486702633   0.742779559341   0.428464653196
0.495680675142   -0.150114350394   0.855433428208
0.699717157932   0.652490772372   -0.290949636304
0.232486330379   -0.933777393327   -0.272047580209
-0.247102405127   0.213825042886   -0.945102773467
0.94068618974   0.286947087013   -0.18102724018
0.587953821741   -0.636948517331   0.498604943587
-0.641668765692   0.00805132546599   0.766939613851
-0.492515480605   -0.770864295728   -0.403976161348
-0.339250508189   -0.818448109715   -0.463736761964
-0.647010362309   -0.154835461875   0.7465946496
-0.682851875415   0.553325104662   -0.477016398871
-0.421020748073   0.76370112116   0.489389545487
0.557568278203   -0.207663411704   0.803737222344
0.71544332049   0.611258132853   -0.338384914244
0.414237466213   -0.909706556091   -0.0290052304001
-0.906347374561   -0.415205926983   0.078348419419
-0.0833172143804   -0.00616603632025   -0.996503999884
-0.420029222295   -0.695944195067   0.58244066631
-0.820520249082   0.56542749584   0.0838943847641
-0.387713777502   -0.442666267409   -0.808532375625
0.91678106365   0.388219539644   0.0937980296782
0.380676583629   -0.778338303562   -0.49927429724
-0.120821438533   0.493431934766   -0.861351905869
0.754578048085   -0.173328443012   -0.632905380125
0.458439217134   0.82932788624   0.319450686802
0.469516190927   -0.531199122691   0.705253173343
-0.896964869546   0.396581776009   0.195389144372
0.171940166025   0.720086975137   -0.672243503163
-0.40729670034   -0.569383564195   -0.714081056125
0.632923669794   0.76834092761   -0.0951832294721
0.429281002833   -0.450589231842   -0.782743358167
-0.644302296147   0.454556446558   -0.61502275411
0.650162028492   0.75978053338   -0.00478307478346
0.614702131458   -0.52229412352   0.591058489591
0.446576562628   -0.387223952814   -0.806614520126
-0.762714919693   0.418535403019   0.493045705485
0.573518078141   0.0853702407233   0.814732432179
0.29890293629   0.904179207026   -0.305150776271
-0.241455926622   0.0385068264313   -0.969647492554
-0.897059102774   0.372241050116   0.238162899585
0.370113498307   0.927336953285   -0.0553369085133
0.506490278051   0.0634000028193   0.859911645393
0.756401074101   0.446072606288   -0.478410540245
-0.413914258438   0.892748379759   0.177975608159
0.946181084253   0.208095575084   -0.247866067531
0.291120839731   -0.212673924254   0.932747800113
0.141386040601   -0.954707302566   -0.261809002806
0.160039091046   0.972183655253   -0.171015875859
0.968140826074   -0.188391597604   -0.164960440231
-0.192589797825   -0.139167332412   -0.971360707134
0.390945960681   0.421139056784   -0.818415023493
0.530131465969   0.6238505359   0.574257030995
0.752410715379   -0.658371022835   0.0206327815293
-0.0759206957034   0.226051548726   -0.971152277083
0.775826976711   0.625210678449   0.0848770272911
0.626361357502   -0.747002212093   -0.222843319298
0.895221476116   0.108019623818   0.432331203559
0.28725558038   -0.881588646519   -0.374547313259
0.340679820713   0.459492349446   -0.820246329196
-0.265648788503   0.637779620661   -0.722957728111
-0.0735868095174   0.734299980154   0.674824807347
0.961257355047   0.232466545151   -0.148133732666
0.176947631351   -0.312436133051   -0.933313022798
-0.524027650217   0.772784762117   -0.358048506838
0.833117373224   0.552437665447   -0.0269827394443
0.459616728449   0.787146118303   -0.411282690336
0.880896129566   -0.3451153303   0.323909582612
0.113024209112   -0.511171592748   -0.852014748066
0.619331150807   -0.642952066485   0.450601338039
-0.77077383406   -0.607153026618   0.193061904571
0.149454415685   -0.466880972488   -0.871599412093
-0.535270410468   0.156804357222   -0.829998783875
0.100781452404   0.987454846273   0.121556675768
0.838646937948   -0.018582791199   -0.544358331747
-0.449264786586   -0.608533509493   -0.654101000885
-0.893318244067   0.315809381776   0.3197607687
0.0119860899333   0.727977611062   -0.685496120661
0.436931482873   -0.541786709267   0.718023704996
-0.89411711737   -0.348757766691   0.280931665353
0.098211301285   -0.764745174443   -0.636804018883
-0.466744143606   -0.725774026814   0.505373096249
-0.873712932583   0.466942779044   -0.136345709632
-0.137024143298   -0.505189571449   -0.852060960878
-0.0624219022628   0.0214283255652   0.997819789832
0.361527524514   0.932357828335   0.00259402422967
-0.930269506722   0.360901242456   -0.0659464787303
0.103027623623   0.858346008198   -0.502620571585
0.744780958617   0.268366764446   0.61096694135
0.65930769179   -0.437288703205   -0.61163057281
-0.0718262703934   -0.399553377502   -0.91389172521
-0.138688879984   0.91135820584   -0.387545629852
0.987727888363   0.0989106625967   -0.120873071338
0.276260064985   0.837063605047   0.472233943718
0.89027947116   -0.407986035675   0.202360712408
0.362053642056   0.364516002117   -0.857930792357
0.705739184974   -0.351213892097   0.615289366713
-0.690204369199   -0.144894907897   0.708959374297
-0.159844085065   -0.925015820224   -0.344667377055
0.973361983044   0.222834814974   0.0539545660735
0.114485756863   -0.268499872324   -0.956452210012
-0.198644057147   0.937151249158   -0.28685898062
0.394808068926   -0.321089752003   0.860829808888
-0.283695420672   0.848554019022   0.446623986248
-0.873866979008   -0.420544228306   0.243924281361
-0.471365468355   -0.75458587071   0.456524653187
-0.374422034179   0.639892033841   0.671078479276
-0.798512827426   0.145390332388   -0.584156584902
-0.750043879907   0.171677808681   -0.638718175897
0.308897273429   0.944854857962   -0.108773948419
0.584821898258   -0.278883537329   -0.761713410624
-0.563295550133   -0.296953595176   0.77104908113
-0.517636341292   0.854185488231   -0.0491911564235
-0.644011445064   -0.426832184832   -0.634872857049
-0.347354361221   0.289274187368   0.892000780416
-0.6371472793   0.625129282028   -0.450840021772
-0.688032188361   -0.724937118152   -0.0328311209858
0.656798427575   0.287567695451   0.697080085835
0.468398538857   0.568871326187   -0.676009040648
-0.590947234811   0.770512968596   0.238937504161
-0.705103227024   0.353511471851   -0.614702430864
0.182931211245   0.92821149414   0.323974681262
0.68510262822   0.115987332999   -0.719153201613
0.195412927433   -0.940021646718   -0.279594512632
-0.654703723925   -0.337301346796   0.676454606998
-0.730189579268   0.0508635935799   -0.68134871628
0.23411929972   -0.969807515186   -0.0682754493808
-0.563756952934   -0.192638839781   0.803161487763
-0.792064550095   -0.149544845774   -0.591836199962
0.993453113006   0.088750341225   -0.0719325322214
0.0609090114779   -0.944187116885   -0.323729486809
-0.0966488726272   0.317228727012   -0.943411326081
-0.243805270529   0.786704356831   0.567146581586
0.69014230492   -0.270120745017   0.671370525173
0.681368174353   0.555095521559   -0.4770810968
0.720112173061   0.00444475610815   -0.693843427837
0.48245524654   0.71547507714   0.505304214387
0.498673634048   -0.698624117917   0.513077916667
-0.610109191286   0.712372756564   -0.346831126651
-0.289444613238   0.207095068997   0.93452311275
0.737555822006   0.670549541871   0.07984185194
-0.887462274322   -0.346191971749   0.304239758005
-0.395630509   0.233635812017   -0.888195253135
0.236404763072   -0.908606309707   -0.344307075091
-0.362320130198   -0.931092862215   -0.04231081641
-0.882023954512   0.35719119683   -0.307324246643
0.301260463587   -0.0740306074481   -0.95066376929
-0.734003366873   -0.566865945182   0.374034834757
-0.0841217457334   0.622387689685   0.778175491533
-0.673915862192   0.539718967539   -0.504520412635
0.948576862278   -0.185497880778   0.256500433875
0.126364775312   0.964844915638   0.230447895037
-0.290230735642   -0.186184921499   0.938669960686
0.652263896855   -0.174518124568   -0.737628112979
-0.417311527439   0.729696627993   -0.541658490344
0.632773970645   0.661124992186   0.403126340968
0.674003084609   -0.706053769622   -0.217273828013
-0.659869296998   -0.707647846334   0.252600547226
-0.332102925036   -0.0268812198574   -0.942860035849
0.492704826794   0.865718573314   0.0881663511367
0.850966943724   -0.458155834022   -0.256804385556
-0.181926398147   0.201555410671   -0.962433479305
0.485005728801   0.182387870217   -0.855280134124
-0.76741040824   0.557739881089   -0.316239609105
0.419345571522   0.809728898978   0.410473387451
-0.521144567455   -0.634627735344   -0.570662752722
-0.576994171637   0.754669391033   -0.312332893136
0.628876828726   0.166498491795   -0.759468357814
0.815743006875   0.308308251986   0.489396943689
0.511747337951   0.00965803227693   -0.859081710033
-0.269588591812   0.951237480427   -0.149897454932
-0.945597801821   -0.307560948071   -0.106071015896
-0.313591826141   0.774837563696   0.548896088949
-0.0866311939743   0.552297938713   -0.829133296354
0.232045377439   0.972702591783   0.00214726535376
0.416448839623   -0.0973514896736   -0.903931994917
-0.87904795477   0.210647467104   -0.427670828812
0.399262550136   0.502684787112   -0.766744690797
0.81571128886   -0.576566331098   0.0467585186977
-0.418574377244   -0.644111225372   -0.640246999262
0.626831060068   0.724275631009   0.28724141843
0.778301327906   -0.599296365712   -0.187325676359
0.0364673156979   0.340981929684   -0.939362261598
0.252622553977   0.955211979958   0.154116574605
0.96326373985   -0.233286488119   -0.133042782407
-0.0911307451518   0.182064515506   -0.979054492601
-0.541918825539   -0.0911436438542   -0.835474010793
0.816261356498   0.179611718912   -0.54905102524
0.200103434287   -0.979506236128   -0.0229379373973
0.0221268782757   0.968407309915   0.248390183705
0.241252027909   0.235936700117   -0.941345490544
-0.970210214483   0.0807536726163   -0.228409684715
0.417539991027   0.144097892193   0.897160048909
0.254181107524   0.92940645896   -0.267573538717
-0.872383127113   0.339763787813   0.351437402705
0.997595659237   0.00733048480046   0.0689141833347
0.00248427996347   0.989968506174   -0.141266362369
-0.0692584220522   0.14109791202   0.987570073564
0.875561722311   -0.475427156095   0.0857944617727
-0.442825061336   -0.718807998681   0.535930057083
-0.19312595754   -0.507231781615   -0.839891828895
0.960546490005   -0.0979151066788   -0.260313411915
-0.0508095194009   0.858444704496   -0.51038326977
0.273438902274   0.503473257688   0.819601028255
