0.08228874566743138	0.9885445346106828	-0.12652377416054866
-0.9885445346106828	0.06484506133616319	-0.13628947542513312
-0.12652377416054866	0.13628947542513312	0.9825563156687318
0.7702686378347798	0.2589256218269069	0.582789625791076
0.21787169745801252	0.75203193089205	-0.6220770839418047
-0.5993481033714189	0.6061398331081075	0.522854046273679
0.9879084913488362	0.15270734542268144	-0.02678207189192791
-0.15270734542268144	0.9285875748678845	-0.3382389428420962
-0.02678207189192791	0.3382389428420962	0.9406790835190484
-0.6095964031650198	0.4050100056369547	-0.6814390072355887
0.731068221391558	-0.045121052854943944	-0.6808108006345415
-0.3064824316655927	-0.9131982183092646	-0.268584312939401
0.7423123053387473	0.6630155086365358	-0.09686524996153166
-0.6630155086365358	0.7059004903995652	-0.24922867604087826
-0.09686524996153166	0.24922867604087826	0.9635881850608179
0.2287902750427565	-0.8194582715981541	0.5254932455847804
-0.9491883560720095	-0.06795927160753457	0.30728326036393566
-0.21609367122425535	-0.5690954915582622	-0.7933686701306553
0.947334978881055	-0.11327432460997036	0.2995419255673337
-0.19577896783669899	-0.9450587737729839	0.2617909659776331
0.2534305300101545	-0.3066477482370619	-0.9174639638481246
-0.9919091652075993	-0.12310286226092525	0.031014404400725643
0.12310286226092525	-0.9923920653805254	-0.0019167349695131555
0.031014404400725643	0.0019167349695131555	0.9995170998270739
-0.9859912389717085	0.06503269337782037	0.15359695785744598
0.07595591647575554	0.9949013652003031	0.06634736072294918
-0.14849907549666325	0.07708451410367383	-0.9859036475548903
-0.8903356636494313	-0.45444034137720496	-0.028042506359030356
-0.2207394715637208	0.37696223494371917	0.8995407490047383
-0.39821663918989636	0.8070832977798549	-0.43593584243223016
0.8949115564531374	-0.4435507864890652	0.048949013591233936
0.035398603588774835	0.1799067443271951	0.9830465412225172
-0.44483732418782923	-0.8780069835431384	0.17670170304468247
0.19266395240515	-0.3762429328117491	-0.9062680933106051
0.6853189856318893	0.712596561188042	-0.15014669132370265
0.7022951583031911	-0.5921548754271899	0.3951380950145216
-0.44263050488316646	0.8648901750279016	0.2367344953467458
0.8036355123905258	0.2654955698575504	0.5326181236221983
0.3978042224156118	0.4260012764373132	-0.8125728971003707
-0.8394639931479444	-0.48425155983556006	0.24657783964690613
0.5209636319175975	-0.8462423257356226	0.11167282728036665
0.1545868636958986	0.22220340440774444	0.9626674133065241
-0.016978690239292105	0.51638434385564	0.8561886086012465
0.5990243192217967	0.6908736044093076	-0.40480060240982185
-0.8005508035462967	0.5060048143558238	-0.3210569089586879
0.732885511343274	0.6667852098618962	0.13518990780577844
-0.6801877186909954	0.7137314783364801	0.1671288250828144
0.014949735952425838	-0.21444080941147747	0.9766225702152819
0.9763497632887467	-0.05484171456464179	0.20912562269989451
0.05484171456464179	-0.8728294480469805	-0.48493416147515694
0.20912562269989451	0.48493416147515694	-0.8491792113357273
0.1162981547799391	0.8694696231669651	0.48010135761594913
0.9221742518744963	-0.2740525772987934	0.2729282580745392
0.36887584411898616	0.4109960574820459	-0.8336743083241327
0.9168604812719515	-0.05738635866836331	-0.3950615948438313
-0.011598250780006859	-0.9930253850177091	0.11732887662155321
-0.39903926932146616	-0.10299218683578647	-0.9111313138017887
0.8670245289183123	-0.3567128320366267	0.34788564459371984
0.3567128320366267	-0.043101381747135736	-0.9332192809580699
0.34788564459371984	0.9332192809580699	0.08987408933455199
0.2096587834121395	0.9763082213710916	-0.053529911464129165
-0.6604335708217777	0.10102998738034374	-0.744056745269824
-0.7210205912938532	0.19135098257689598	0.6659685491050751
-0.505595080193425	-0.8457778100495916	0.1703922266769271
0.3435479503902872	-0.01619648277290664	0.9389954631032142
-0.7914217716659285	0.5332893867062274	0.2987540951345419
-0.29933267381797135	-0.17655972532051206	0.9376708451155605
0.8637523976656298	-0.46766370857782125	0.1876764535207197
0.40537852176929656	0.866093135334754	0.2924909144130048
0.1609315632667413	0.6423578085986977	-0.7493180083761516
0.7475488121799564	-0.575043793994956	-0.3324084962756274
-0.6444158636725664	-0.506656768157859	-0.5727365135269227
-0.22262747159413365	-0.9097837174535184	-0.35032926847190504
0.42655521001702223	-0.41402675809608724	0.8041346257858684
-0.8766342804721576	0.029587683871859338	0.4802467149957004
0.949007875348548	-0.01336134212780922	-0.31496908905951115
0.18594562370474205	0.8305251504526202	0.5250259036378178
0.2545746993546082	-0.5568208410271622	0.7906593915500623
-0.08403211174885228	-0.02763298361206551	0.9960798273289765
-0.8457997906036174	0.530485542573492	-0.05663747289016796
-0.5268408852869196	-0.847243475830415	-0.0679497921475245
0.9999998731714376	-0.0004842895205300685	0.00013827786893527182
0.0004842895205300685	0.8492391243771837	-0.528008214984137
0.00013827786893527182	0.528008214984137	0.8492392512057461
-0.9615283770381682	0.26388915830994353	-0.07632622273383945
-0.26388915830994353	-0.9644983530757376	-0.010268351409028964
-0.07632622273383945	0.010268351409028964	0.9970300239624307
0.20619235151645376	0.24391031547326775	0.9476246473060134
-0.16024425016200422	-0.9469437624026893	0.2786023889643739
0.9653012454493842	-0.2092970827612518	-0.15616733551385686
-0.3382739135608972	0.8376271782498672	0.42889563959238364
-0.2428058734029523	-0.5180202597937553	0.820183100462476
0.9091842867346666	0.17330816686000577	0.3786135391852756
0.6399627155120036	0.19110318948264257	-0.7442629197562267
0.49127006848452337	-0.8465238966915798	0.20506343443265554
-0.5908480706287482	-0.49686704791087277	-0.635627008657295
-0.327796825480964	0.8126145876218146	-0.4818783800803176
0.08646926732407578	0.5337250997381798	0.8412256437590973
0.9407828160702344	0.2340834250725547	-0.24521958138220068
0.7644218855074043	0.5034985553524709	-0.40267652739547627
-0.2619588681839189	-0.328134002426097	-0.907582298103941
-0.5890982365761293	0.7992604589305075	-0.11893690114127686
-0.9903814678350646	-0.07083434564245293	0.11885724061355353
-0.09396705239236815	-0.2862041200289114	-0.9535498910613782
0.1015615145296317	-0.9555468053192799	0.2767951618265131
0.7442397051615537	0.2479654055301831	0.6201777317199445
0.6121584857522295	-0.6246297004866281	-0.48487083392541064
0.2671502378486328	0.7405071876290179	-0.6166683512936122
-0.3220274572784776	-0.8413955042207314	0.4339953020896649
0.8413955042207314	-0.46449947720432716	-0.27621339785399257
0.4339953020896649	0.27621339785399257	0.8575279800741504
0.3864987620925614	-0.4607453981145148	-0.7989570608094123
0.8741988183334257	-0.0930648207993463	0.4765662232618124
-0.2939304899552948	-0.8826395738045529	0.36681364455095933
0.7175883415681266	0.5918757743822618	0.3670831509956616
0.6743188583456299	-0.7222939757269291	-0.15357568136926245
0.17424422321830924	0.35773520979627504	-0.9174227326304181
0.9952421982725356	0.022762066242856975	-0.09473571194648224
-0.022762066242856975	-0.8911027215250682	-0.45323043590537065
-0.09473571194648224	0.45323043590537065	-0.8863449197976037
0.9982172226959746	0.020743026048748607	-0.055965196180090535
-0.020743026048748607	-0.7586500968530787	-0.6511679947718215
-0.055965196180090535	0.6511679947718215	-0.7568673195490534
0.7339158661800951	0.380324521685194	-0.5627794946282683
-0.380324521685194	-0.45638719709242914	-0.8044028745193817
-0.5627794946282683	0.8044028745193817	-0.19030306327252422
-0.16174593539202786	0.3524288738086832	0.9217549247441541
-0.56498482477107	0.7327484611853854	-0.3793044165427726
-0.8090923310491587	-0.5821284922904849	0.08059788025156533
0.8888953841516571	0.3202932042228645	-0.3275320737920615
0.4513492090909677	-0.4899291133889594	0.7458239439082568
0.0784148422611177	-0.8107908035878053	-0.5800598118561615
-0.22727200763988886	0.6262076826591316	-0.7457957982732369
0.7931123594972811	0.5634146125729693	0.23138011918033613
0.5650842589879762	-0.5389136410575734	-0.6247014228622174
0.10852435401490068	0.8816442103706197	0.4592667535383061
-0.07441568465082427	-0.45349419731006657	0.888147126823055
0.991304580067901	-0.13056224311057657	0.01639299272058392
0.06625444660332258	0.9683967182630006	0.2404540379422613
-0.679969426711697	0.22018316468775956	-0.6994004237383971
-0.7302410061360933	-0.11716300630119508	0.6730682750745368
0.1479550983619785	0.9826569010265958	-0.11177971074172777
-0.514426185126561	-0.020064742021752124	-0.8572998927934925
-0.8446744869621851	0.18434430013539238	0.5025357600039643
-0.4042605306141951	0.5221395100268985	-0.7509618868200972
0.3473642211854552	0.847172867344008	0.4020400859073061
0.8461155483902613	-0.09832835249815897	-0.5238511371250867
0.9705131525396664	0.03147972490118145	-0.23898378118120106
-0.03147972490118145	-0.9663927084376469	-0.25513557180192487
-0.23898378118120106	0.25513557180192487	-0.9369058609773133
0.4647952853585201	-0.22970514022803853	0.8551028542001886
0.18560786835623747	0.9695810367439932	0.15956920878006797
-0.8657453793770693	0.08454680206406658	0.4932917760798309
-0.8101443525175447	-0.3797693823550928	-0.4465885626721312
-0.3692029838807073	-0.26120662576570974	0.891885786045318
-0.45536280565886234	0.8874380625608325	0.07140308355221969
-0.697828686941182	-0.3310501961991296	-0.6351699703846705
-0.1431528680580202	-0.8044289332301258	0.5765425810371724
-0.7018136362658598	0.49325435525574346	0.5139628011563991
0.06030864399468616	0.6728619030751068	-0.7373057214274604
-0.32419833293614353	-0.685401489318691	-0.65201245337888
-0.9440647797587557	0.27835527268199217	0.17680507286044167
-0.8983619490114929	-0.4363099640783527	0.050788028256842276
0.4363099640783527	-0.8997207119257837	-0.011672865017070074
0.050788028256842276	0.011672865017070074	0.9986412370857091
0.9038446196805565	0.20814395239169192	-0.373819473218391
-0.20814395239169192	-0.5494385777134261	-0.8091930204858495
-0.373819473218391	0.8091930204858495	-0.4532831973939826
-0.5875553442076329	-0.43258038594195686	-0.683851538852811
-0.19155796581287826	-0.7467337705845196	0.6369413015359092
-0.7861833521683617	0.5052354753646399	0.35588319882566
-0.3442164124835245	0.9361002685953763	-0.07232806172320964
-0.8881665786177928	-0.34963047924487567	-0.2981923148060037
-0.3044260008661158	-0.03840332171392072	0.9517615220621186
0.6464781281280272	-0.548644921533108	-0.5301459986909379
0.3561267673769305	-0.3975214243381895	0.8456656802482853
-0.6747145732898762	-0.7355035467406444	-0.06160176395358441
0.761414232097564	-0.5211123065452179	0.3856038525824136
-0.5839958223709947	-0.809606662817488	0.05904177313356225
0.2814200536786645	-0.27014628535046037	-0.9207734454787695
-0.6915637417525371	-0.6254212002387606	-0.3613694970319697
-0.3456584008949326	-0.15274122870182705	0.9258457684438669
-0.634239592728165	0.7651917663870701	-0.11055179631940404
-0.8968576865937714	0.09609051482082064	0.4317556055908694
0.19310324644055804	-0.7931247904921841	0.5776367395871269
0.3979414859144316	0.6014313590661853	0.6927646744169447
0.5715815821855446	-0.26696499614298297	0.7759021753679047
0.26696499614298297	-0.8336432184003597	-0.48349630324281456
0.7759021753679047	0.48349630324281456	-0.40522480058590427
-0.44464776134126627	0.40126449141360826	0.8007965885696434
-0.4671506320379139	-0.8667061653003207	0.17490200118063456
0.764237303015744	-0.29632284920503754	0.5728299169197002
0.8102017476795419	0.17045943602168526	-0.5608178926605186
0.13036571795721377	0.8804129105478843	0.4559362746284872
0.5714699533995783	-0.44251179375444005	0.6910900120459793
-0.622115155763231	-0.029051696818352513	-0.782386561669911
0.5312681822987382	-0.7496963765166988	-0.3946003820509134
-0.575088559655542	-0.6611439646171677	0.481831720213196
0.9296796176066261	-0.3057217597377909	0.20549942634865412
0.3057217597377909	0.3291422941121346	-0.8934201452001347
0.20549942634865412	0.8934201452001347	0.3994626765055085
0.5663918380465975	0.03870806862933929	-0.8232265612923233
0.4854776103385864	-0.822857627799785	0.29532492991897297
-0.6659667977115169	-0.5669276936212386	-0.48485174491917693
0.9280648811268886	0.3374431872032409	0.1575679911309807
0.3547208779499748	-0.9298219059560782	-0.09800164259136603
0.11344018320389541	0.14684453893259125	-0.9826332002432758
0.6831906079255441	0.30347439620494954	0.6641941614395348
0.7302169507521428	-0.2766713090248327	-0.6246888758387883
-0.005813611318998102	0.91178740812238	-0.4106213880363574
0.20360390899812086	0.7965993132185734	0.5691880027024308
-0.16174899091330303	0.6007455703896551	-0.782906139710078
-0.9655996645500731	0.06733716534652445	0.2511632815199739
-0.3158154069651493	-0.25190447099234037	0.9147703352303826
0.2810437061051111	0.8960127828090878	0.3437666771247884
-0.9062422766468918	0.3656572582853836	-0.2121784755366931
-0.16600863848624092	-0.04896677653910718	-0.9849078062150356
0.073300099041821	-0.9966161268095273	0.03719396810823457
-0.9833962718194553	-0.06601931973707606	0.1690361558751553
0.6708704507433763	0.6014143117595654	-0.4338590369349789
-0.6014143117595654	0.09895685515375385	-0.7927851956418253
-0.4338590369349789	0.7927851956418253	0.4280864044103776
0.17099896388512104	0.39268111477489964	0.9036375913215193
0.8785504511364097	0.3543841871607364	-0.32025138984621926
-0.4459915460613868	0.8486538693658129	-0.28439084171647977
-0.46641348432105234	0.20163122128118885	0.8612800428711628
-0.6338551461160503	-0.7553343359250155	-0.16642624406900602
0.6169976623826837	-0.6235502317996298	0.48010310667286027
0.16795196951312208	0.8136006363862113	0.5566382491426687
0.4480280506269515	0.43997470373527126	-0.7782628899828608
-0.8781019313200931	0.380100334839385	-0.2906212890806703
0.2598308050449353	0.3714358071933159	0.8913604174992016
0.5225396944759021	0.7221615234341316	-0.4532493814318175
-0.8120592468821053	0.5835393518914933	-0.00645014320183801
0.28114451018043096	0.7688421670001029	-0.5743165387118775
0.24964291310639747	-0.6364445223675617	-0.7298059919485986
-0.9266262355076923	0.06180689436391612	-0.3708688817869876
0.9486348952659134	0.2347498792420559	-0.21209509584068614
0.29964077405403944	-0.881794686360728	0.3642163335577934
-0.10152458819481001	-0.40906066212950115	-0.90684184546703
0.7544363223244769	-0.036333397371888454	0.6553668589369884
0.5609821069221874	-0.4826842448821911	-0.6725436755004482
0.340771054038722	0.8750404584805923	-0.3437721407435643
0.6064111121820854	0.3345364607016827	0.7213535329387927
0.04614229224887895	-0.9204666261110883	0.3880877208592015
0.7938113452755039	-0.20205580089881603	-0.5736174696041194
-0.7368469031080951	-0.20940008408913	0.6428127613570496
0.5231611061425533	0.42562286526035187	0.7383411363233586
-0.4282045053472814	0.8803390150112816	-0.20406891054067144
-0.75989668511106	0.4280241299856531	-0.48923651959685804
-0.4280241299856531	-0.8959003347185608	-0.11898711863556886
-0.48923651959685804	0.11898711863556886	0.8639963503924992
0.039789335173203266	0.9603702901737686	-0.27587264191656624
-0.9603702901737686	-0.03947005794315417	-0.27591850296331255
-0.27587264191656624	0.27591850296331255	0.9207406068836426
-0.4461178425016834	-0.8929428556735417	0.0602654718991223
0.8929428556735417	-0.4486293439827389	-0.03721247397309061
0.0602654718991223	0.03721247397309061	0.9974884985189444
0.9896779722606498	0.00279911165122719	0.1432818069261145
-0.14128005870707883	-0.14859301980218254	0.9787543407197706
0.024030319052662508	-0.9888944733590296	-0.1466637798714976
-0.47225774239075924	-0.8511126360769862	0.22930308646432923
-0.8809792098914789	0.44715392633765605	-0.15469000581745385
0.029124843192189553	-0.2750648048567863	-0.9609844414131425
0.10876109256456712	-0.06249762183066854	0.9921013416025968
-0.9820387708291085	0.14803616483144866	0.11698353085135366
-0.15417807020654767	-0.9870052386727777	-0.045274512696195535
0.8506332093328667	-0.3941895465260387	0.347904792421236
0.3941895465260387	0.04029415036896211	-0.9181454039832903
0.347904792421236	0.9181454039832903	0.18966094103609543
0.36697949021992504	0.44049699583431057	0.8193219455250002
0.2632740289250296	0.7955801528465889	-0.5456546582685619
-0.892195516381643	0.41595025791258466	0.17599018009806033
-0.2601984906857735	-0.7234297636164412	0.6394889542116468
0.7234297636164412	-0.5847077847225928	-0.3671051397061314
0.6394889542116468	0.3671051397061314	0.6754907059631807
-0.7700919192431472	-0.6232924279101646	0.13588592725612986
0.6276663377734597	-0.7783707904907353	-0.013186392110096392
0.11398861496859777	0.07513628830784895	0.9906367315201171
-0.5834972834813807	0.7783748160303917	-0.23165397889849315
-0.756032199677069	-0.6247972025466015	-0.1950481190409014
-0.29655730175010353	0.06132781962205418	0.9530438947493987
0.03203330601182108	0.8615393570107104	0.5066791920214654
-0.7427665668297401	-0.3186869840808191	0.5888433012079136
0.6687837427045568	-0.3952069616024546	0.6297140327125015
0.9895923852849883	-0.05888694920616158	0.13129827949808906
0.14096922033693388	0.21353932171929013	-0.9667102135579527
0.028889269695933056	0.9751580822066012	0.21961813404994412
-0.7669963101714299	0.031288073740048244	0.6408882247514376
0.10437276984069571	0.9915916167526152	0.07650091830635719
-0.6331058245658407	0.1255672012412958	-0.7638127341654073
0.8735706888885489	0.07020217616789919	-0.481607626575906
-0.07020217616789919	-0.9610189639144338	-0.26742140052381647
-0.481607626575906	0.26742140052381647	-0.8345896528029826
0.08874581201976162	0.8861036101860139	0.4549116099466644
0.9276469319363229	0.09280671368379201	-0.3617431181990088
-0.3627607345318406	0.4541005460363681	-0.8137550882000015
-0.4153427796438345	0.9061427844949812	0.07997267974386987
0.8476657309893394	0.4174366208994187	-0.32742858158441834
-0.33008057183669937	-0.06820499717584652	-0.9414854722491479
-0.9615594160620105	0.17887742008137145	-0.2083419256115266
0.26228605204146554	0.37366384084017323	-0.8897085820385636
-0.08129893164727275	-0.9101528457537241	-0.406217036914271
0.5977771463425553	-0.8000161667306939	-0.05134799197707657
0.7293425569167128	0.5161472971551067	0.4490561237859579
-0.3327490315248758	-0.3058857639855191	0.8920268950038741
-0.6437363188803829	-0.3612326562816114	0.674621760537018
0.16871774433585196	0.7928837779020259	0.5855507129925067
-0.7464166895913813	0.4907609222172667	-0.4494617255383395
-0.793855100112349	0.43469636075084833	-0.42524481651818036
0.473695671343139	0.0035438399827356637	-0.8806814703108893
-0.3813220305416216	-0.9005701056265111	-0.20872707988056938
-0.9739010413369305	0.18600105888366764	-0.13007831401504735
-0.14879492496097374	-0.09043082925632384	0.9847244972203506
0.17139670938702714	0.9783792062458034	0.1157466923809527
-0.5728590942104643	0.6945074717182254	-0.43530659299845853
0.5199278908907081	0.7184621879107538	0.4620466132506902
0.633646152402354	0.03835956556129452	-0.772671403169318
0.9340051721917998	-0.3454702663690021	-0.09101996140351401
0.35725323204687104	0.9016609639816153	0.24367526387347702
-0.0021134121772450956	-0.260111132185216	0.9655763731586923
0.9975030973703318	0.021838356063641134	0.06716142450121068
-0.07041548763827248	0.38035041195188835	0.9221579166437238
-0.005406462545739985	-0.9245845825734206	0.38093847249952983
-0.39505352940642435	-0.20996275315654497	0.8943424127203468
0.20996275315654497	-0.9683995224671891	-0.13460314696263173
0.8943424127203468	0.13460314696263173	0.4266540069392353
-0.34404459310536395	-0.4625718086117477	0.8171050359853509
-0.7959678273867452	-0.3179288721360165	-0.5151276055770505
0.498064790685097	-0.8276161876981246	-0.258810568060567
0.4374172989629732	0.3176888410092827	0.8412727898048977
0.30755071778081283	0.8262547034284085	-0.4719276650663105
-0.8450317523977686	0.46516337491317133	0.26371266954574746
0.5469288613723893	-0.36826929807947856	0.7518288001200474
0.36826929807947856	-0.7006600854806986	-0.6111081481261965
0.7518288001200474	0.6111081481261965	-0.24758894685308785
0.034196021194609294	0.998365987737601	0.04578194691340931
-0.6006347816261037	0.057142827332108515	-0.7974788751969897
-0.7987918948233143	-0.0002276251682639674	0.6016073943622718
-0.9959819694000285	0.0885428634083502	-0.013419313301752063
0.012992414479918807	-0.005395970786291837	-0.9999010354356352
-0.08860651102499373	-0.9960577517587641	0.004223904029916126
-0.5625205506910158	0.3363671010584971	-0.7552667100937123
-0.13660570875721498	0.8631322061727773	0.4861498483001442
0.8154198368847889	0.3766430246172323	-0.4395799376927563
-0.8328359903856051	0.0038012914071773873	0.553506787042459
0.5452273960386083	-0.16680965546086757	0.8215239652341162
0.09545312843163908	0.985981789400121	0.13685251639611384
-0.9292085750389567	0.2697137844316976	-0.2526378802982715
-0.012984392791262955	0.6593763921855271	0.7517008573709626
0.3693275370425474	0.7017672320049789	-0.6091961280787628
-0.5777136288629028	0.5264689523268373	-0.6237606955090541
0.1689829410943015	-0.670490096546386	-0.7224180202987315
-0.7985560272424074	-0.5227556529288812	0.2983869948334257
0.30147970601901863	0.7196746088111619	0.6254425987180496
-0.10416794549329017	-0.6271757555847186	0.771880567664742
0.9477652800089236	-0.2978573971538032	-0.1141137369923908
-0.2488172826485533	-0.2182237942372769	0.9436462978701696
-0.8100788888880228	0.5809399018013793	-0.07925291334045848
-0.5309069161664186	-0.7841474390213172	-0.32132637651299834
0.9974014835770458	-0.05938840366328608	0.040783551447053895
0.05938840366328608	0.35730621462216827	-0.932097251633489
0.040783551447053895	0.932097251633489	0.35990473104512244
0.9999989375693431	-0.0002443105082425736	-0.0014370708266056085
0.00024591217356890316	0.9999993487487987	0.0011144636294596253
0.0014367976155357752	-0.0011148158386298423	0.9999983463977618
0.9602081314592557	0.06610896849525459	-0.27134838964699665
-0.06610896849525459	-0.8901686229931236	-0.4508097458163696
-0.27134838964699665	0.4508097458163696	-0.8503767544523793
0.8657664386303923	0.5004482716587966	-3.36893225216462e-05
-0.5004482716587966	0.8657664301752009	-0.00012560020800529017
-3.36893225216462e-05	0.00012560020800529017	0.9999999915448086
