0.07951430061877729	0.9889570420118666	-0.12506576290994248
-0.9889570420118666	0.06252170088283293	-0.13436891743947632
-0.12506576290994248	0.13436891743947632	0.9830074002640556
0.7760780015894032	0.25835579532741454	0.5752870748328501
0.21638086874504792	0.7477637229749438	-0.6277170813700945
-0.5923531506543512	0.6116385351033653	0.5244197243491827
0.989424814209684	0.14277702105413137	-0.02555893747870835
-0.14277702105413137	0.9276519718224866	-0.3450746896437939
-0.02555893747870835	0.3450746896437939	0.9382271576128026
-0.6084469009422113	0.39094838914537844	-0.6906169167913947
0.7332968887991334	-0.05576698160444593	-0.6776176773374795
-0.30342716030594535	-0.9187216122348286	-0.2527499903092125
0.7402704303542562	0.6651204222444548	-0.0980536274519326
-0.6651204222444548	0.703253028486629	-0.2510975942492138
-0.0980536274519326	0.2510975942492138	0.9629825981323727
0.2287706952526929	-0.8172703393775679	0.5288980633045223
-0.9487519080432231	-0.06550225575668378	0.30915897443731005
-0.21802244374821356	-0.5725195602461639	-0.790371790461676
0.9473884891171444	-0.11577840060911936	0.2984131576199827
-0.19841252399917964	-0.9439887607329154	0.26366207525961866
0.2511722934732438	-0.30899932291564675	-0.9172959704637658
-0.9929522199221421	-0.11502617948294742	0.02854587510037809
0.11502617948294742	-0.9933610942429114	-0.0016475673224730727
0.02854587510037809	0.0016475673224730727	0.9995911256792307
-0.9859523335228326	0.06441760190400722	0.15410505697678514
0.07483451893304369	0.9952182150234611	0.06277339612905962
-0.14932444808852055	0.07342395420060648	-0.9860583817161164
-0.8902676594380936	-0.45458538429970563	-0.02785000789422462
-0.22001998925368993	0.37573866465090555	0.9002286710692793
-0.3987664716189484	0.8075720303895149	-0.4345258529076623
0.8933300883756223	-0.44634312905714035	0.05233702653269151
0.03572980133903805	0.18663208595803948	0.9817799375558781
-0.44797849780885196	-0.8751835668215165	0.1826718091728784
0.19397357448877273	-0.3726170754138394	-0.9074859599520457
0.6830490889152256	0.7152828019059471	-0.14769717475178076
0.7041435894277026	-0.5912081092201078	0.3932617157317201
-0.44387997949713043	0.8635755624733865	0.2391815454845983
0.8017533903652605	0.26353416771535754	0.5364151782755443
0.40020252977640863	0.4298685733399777	-0.8093521760119109
-0.839746168010516	-0.48848722815780227	0.23707931423547196
0.5225517053803785	-0.845686122045624	0.10841908588201682
0.14753334713112304	0.21493071187278318	0.9654215144578798
-0.01186047218338282	0.5126265098528751	0.8585297843381133
0.5942720586800985	0.6941203993553997	-0.40624818949851094
-0.8041766282799475	0.5053819670256948	-0.3128722070327352
0.7335692724696083	0.6673328293180216	0.12861966180492684
-0.6791409899899967	0.7127454484215773	0.1753893995363799
0.02537002569601711	-0.21601115866716025	0.9760612384105078
0.9779707593015142	-0.053057933925823884	0.2018862293440109
0.053057933925823884	-0.8722087433240222	-0.4862476362067515
0.2018862293440109	0.4862476362067515	-0.8501795026255365
0.11310915445903458	0.8692849811630924	0.48119636397404847
0.9225325462158772	-0.271731395580328	0.2740360374629918
0.3689715711948727	0.41292332239805746	-0.8326789954536729
0.9203076986750065	-0.05396952649719955	-0.38745455213377156
-0.008178317833441608	-0.9928756083344865	0.11887447788250981
-0.3911097734357052	-0.10623237069788181	-0.9141924461178728
0.865900689114022	-0.3584484025555832	0.34889932544677194
0.3584484025555832	-0.04186489516043901	-0.9326103544667278
0.34889932544677194	0.9326103544667278	0.09223441572553903
0.2080424093166251	0.9767963747968441	-0.05086450736493081
-0.6642455705750446	0.10291950555366514	-0.7403954330950607
-0.7179806250151652	0.18782017346475954	0.6702442872136252
-0.5040384728282516	-0.8437831149631027	0.1843238259480507
0.3511696990313268	-0.00523969058504381	0.9362971687049045
-0.7890659417255386	0.5366587375099156	0.2989520681698863
-0.29395627923185064	-0.1747183245120626	0.9397144316119999
0.8660262898410717	-0.46471182894486773	0.18450306594423932
0.40446034565118305	0.8680532374908891	0.2879156224960915
0.16104120217155393	0.6392209130123669	-0.751972310375041
0.749746068723923	-0.5747234356040971	-0.3279844584739436
-0.6418306346974748	-0.5109692720067026	-0.5718075195629884
-0.21670305283109936	-0.9116489689788971	-0.34919327635765834
0.4308989258630696	-0.4102855425841041	0.8037362062496131
-0.8759942366155926	0.023705081864056066	0.4817386911076207
0.9464091611737726	-0.00884235645845692	-0.32284905509946543
0.18649117135442117	0.8310990459820552	0.5239231038755341
0.26368682684808503	-0.5560541237145709	0.7882087723736705
-0.07989407571262497	-0.02593509041321118	0.9964659089759589
-0.8465410491480495	0.5295682046365153	-0.05409037571858327
-0.5262938236131458	-0.8478707965977579	-0.06426448088437775
0.9999999101378201	-0.0004076368961086926	0.0001164324379688658
0.0004076368961086926	0.8491409767155491	-0.5281661059692531
0.0001164324379688658	0.5281661059692531	0.849141066577729
-0.96084555424228	0.2625194921092296	-0.08865290269110267
-0.2625194921092296	-0.9648536910068275	-0.011868917946202314
-0.08865290269110267	0.011868917946202314	0.9959918632354524
0.20694631906796335	0.2437847829002846	0.947492586066235
-0.1563212276459945	-0.9477760081070565	0.27800056158918335
0.9657830474860644	-0.20564439715906008	-0.15803001963429875
-0.33555362961779256	0.8408220397573141	0.4247611789096024
-0.24259324133637789	-0.5128259605478445	0.8235035236391468
0.9102484720713544	0.17328540517461577	0.3760583564358517
0.6372377620914702	0.1885628162681714	-0.7472429985524592
0.49177137405436666	-0.8460336967960322	0.20588321822411737
-0.5933708370195953	-0.4986692773839744	-0.6318544148520369
-0.32810543370616263	0.8120853168289708	-0.48256011290126466
0.08878690359609376	0.5350894654817135	0.8401167476489872
0.9404593080629853	0.2328018516276969	-0.24766830188057343
0.7636075633231415	0.5004720366934079	-0.407959838370944
-0.26603057499042937	-0.3318449225966307	-0.9050451262324428
-0.5883291786117327	0.7996290939146655	-0.12025842905699125
-0.9909354970951525	-0.06731807640011098	0.11625453619783106
-0.09275089320351218	-0.2831795870824376	-0.9545714186323468
0.09718082324581671	-0.956701415306578	0.27436889317788227
0.7443977488317478	0.24921020341084382	0.6194887134162752
0.6098585244788961	-0.6315530201518611	-0.4787623239745238
0.27192751176489993	0.7341900688874707	-0.6221096134061597
-0.3253674414028265	-0.840310623751557	0.4336059082683812
0.840310623751557	-0.46722552378203863	-0.274915196991489
0.4336059082683812	0.274915196991489	0.8581419176207878
0.38361943766229367	-0.4566446380641529	-0.8026903522373522
0.8742867715784333	-0.10034837287643894	0.47492404140452993
-0.2974201877657704	-0.8839716503306596	0.36074277999852467
0.721111067431956	0.5868191372946754	0.3682962510423883
0.6708626185040849	-0.7241948728488095	-0.15964063778793366
0.1730380753504488	0.3621948180803095	-0.9158999608225686
0.9948632766478688	0.023556838746809253	-0.09844864715029376
-0.023556838746809253	-0.8919691379694548	-0.45148215054228297
-0.09844864715029376	0.45148215054228297	-0.8868324146173234
0.9980823761336902	0.021446763306607657	-0.05806553879020836
-0.021446763306607657	-0.7601387506639647	-0.6494067416363158
-0.05806553879020836	0.6494067416363158	-0.7582211267976551
0.7318370152925764	0.3814376990494539	-0.5647299042830224
-0.3814376990494539	-0.4574392196041439	-0.8032774378207133
-0.5647299042830224	0.8032774378207133	-0.1892762348967203
-0.1625675180226307	0.3506853428081222	0.9222752259621375
-0.5654119433452107	0.7329140893560677	-0.3783467615111279
-0.8086291711325743	-0.5829723217811597	0.07913365674938933
0.8900464412952181	0.3191759995561546	-0.3254904202047235
0.4489801952279402	-0.4900813145944414	0.7471526546686867
0.07895642235308452	-0.8111393138004807	-0.5794988325928601
-0.23053428544178312	0.6272475550953982	-0.743918307250663
0.7956301550325047	0.5616436452190506	0.22700015900437132
0.5602022845712067	-0.5395525186781196	-0.6285351859278034
0.11349158686028138	0.8807308735339159	0.459818212031799
-0.06800429207112263	-0.45483695108367517	0.8879745290202932
0.9912088962332009	-0.1320472503806558	0.008273312218676998
0.0630087936771958	0.9686503964214802	0.24030460135389453
-0.684026641684634	0.21724775270628638	-0.6963554892507919
-0.726730655322167	-0.12049823009728317	0.676271196457779
0.14684415916432147	0.9835595930288609	-0.10510623140530212
-0.5132612771082506	-0.015070002442508112	-0.8581000853324687
-0.8455765218716345	0.17995394407259963	0.5026101109927902
-0.3976941696985945	0.5254996882277596	-0.7521232778343406
0.3446351254674981	0.845267928826015	0.40834881999606737
0.8503328628729735	-0.09681015530772702	-0.5172637781128178
0.965783710656554	0.033730565812872496	-0.25714601525281505
-0.033730565812872496	-0.9667482625413775	-0.25349565243445693
-0.25714601525281505	0.25349565243445693	-0.9325319731979316
0.46835742542144	-0.23205443258456776	0.8525210040640961
0.17921773594918472	0.9697864122055181	0.16551530993475294
-0.8651718471921336	0.07526655976862044	0.49579493725405077
0.03502137850971554	-0.8510291861576197	0.5239492602868897
-0.3342369260588193	0.48410751121667217	0.8086566606677714
-0.9418381922103344	-0.2034434611667309	-0.2674912667779461
-0.7014997162037175	-0.32801499777983567	-0.6326960639972394
-0.14175585080563907	-0.8058211629277308	0.574941329302538
-0.698429256924761	0.49300954819282605	0.5187852720174618
0.062245013503250846	0.6717863203142524	-0.7381251236291967
-0.32263654808094927	-0.6863079193680521	-0.651833642622951
-0.9444740420659478	0.2787195358264868	0.17402357372574062
-0.898663477229942	-0.43512129015324325	0.05543841221000477
0.43512129015324325	-0.9002822040792362	-0.01270495468741941
0.05543841221000477	0.01270495468741941	0.9983812731507058
0.9024268523724688	0.20914909935147852	-0.37667284260692846
-0.20914909935147852	-0.5516866389663133	-0.8074023201765759
-0.37667284260692846	0.8074023201765759	-0.4541134913387821
-0.5918766692841526	-0.43442951953636	-0.678935196401325
-0.18722421873239	-0.7451842913511013	0.6400370800536512
-0.7839828443768044	0.5059361268766691	0.35972146897827817
-0.34226108790298526	0.9373709164154088	-0.06475424901889833
-0.8911024985912422	-0.34567773690129533	-0.2940123113327803
-0.29798269196701643	-0.04292630043848886	0.9536056040202128
0.6447943734806298	-0.5472860765355005	-0.5335898859218569
0.357908296769267	-0.4006506610465106	0.8434338734641363
-0.6753827559476511	-0.7348176632562479	-0.062459064475729464
0.7608121548277514	-0.518730678674102	0.3899786507857308
-0.582779082260143	-0.8104957500149625	0.05886578367530908
0.2855405511418282	-0.27205720392959315	-0.9189404069054925
-0.6928746262719556	-0.625164712784229	-0.359296304125037
-0.34896047767560573	-0.14532339242772463	0.9258011107325974
-0.630992343288658	0.7668443085155621	-0.11746688558218543
-0.8960764816800211	0.09931753072162622	0.43264646892273806
0.19103378187388678	-0.7934969858645835	0.5778136616650571
0.4006906951289425	0.6004153241841681	0.6920609838171092
0.5748375217683841	-0.26577716224086617	0.773902011625745
0.26577716224086617	-0.8338576342328909	-0.4837808862106054
0.773902011625745	0.4837808862106054	-0.40869515600127504
-0.4426698012080643	0.4041883133430427	0.8004219227728083
-0.4676516560485049	-0.8656981111854205	0.17851809119830558
0.7650786728784852	-0.2952940697794352	0.5722377448749725
0.8070007316031789	0.17084521258485558	-0.565297914845588
0.13286519637538868	0.8801714961588815	0.45568078403808693
0.5754099919049577	-0.4428431445628031	0.6875996586166
-0.6259366038726284	-0.02914500872973841	-0.7793291579291409
0.5272381337315213	-0.7521502900479	-0.39533516352604237
-0.5746506053870498	-0.6583468004380394	0.486164758164651
0.924889448928938	-0.3156475607780061	0.21200501087196116
0.3156475607780061	0.326489836705392	-0.8909382716568984
0.21200501087196116	0.8909382716568984	0.401600387776454
0.5684600412509158	0.041380155255710926	-0.8216695590394112
0.48889162600291014	-0.8202569217340228	0.2969234924549689
-0.6616934029633648	-0.5704965075251895	-0.4865136949524893
0.9279092780008715	0.33872038542409894	0.15573333714414272
0.3560998913088826	-0.9289396144453552	-0.10131169786316314
0.11035052881478798	0.14946468884744893	-0.9825899793800221
0.6866859118138424	0.300816942340397	0.6617942472682625
0.7269037590188057	-0.27340625322744905	-0.6299682101665595
-0.00856642520086165	0.9136510208482792	-0.40640918845687524
0.2106273525418325	0.7946321524193861	0.5693819989273916
-0.1640451959463909	0.6029200019308725	-0.7807538952567492
-0.9637039441903976	0.07104374436226069	0.25734703095015665
-0.3118757904668381	-0.2596573939826047	0.9139537893519823
0.2781643130485708	0.8948310073150118	0.34914478843857627
-0.908492215853775	0.36311913485489017	-0.206848707115453
-0.16755975175854676	-0.03818307834719682	-0.9851222168434464
0.07448845025447036	-0.9968836803715768	0.025969185345474228
-0.9830438445813603	-0.06902883699405726	0.16988178034723544
0.6694011943040186	0.6027224208604888	-0.43431293378901953
-0.6027224208604888	0.0988373531572746	-0.7918060753826885
-0.43431293378901953	0.7918060753826885	0.4294361588532559
0.17724179961796183	0.38408239195904326	0.9061269561464367
0.8810895635621594	0.34828097772253086	-0.3199711573540365
-0.4384820697018635	0.8550912680782432	-0.27668103983885906
-0.465466716605742	0.19382074143815878	0.8635822230225864
-0.6316100387481013	-0.7562604525672545	-0.1707011623727065
0.6200076569566636	-0.6249029109158746	0.4744331957651937
0.17366440976556785	0.811695631393872	0.5576655581590819
0.45278823632592	0.43705699984443336	-0.7771512027474743
-0.8745418719681979	0.3874679094623017	-0.2916249874603918
0.25944281353827603	0.36709720314341987	0.893268755721156
0.5258439594952827	0.7221146432626526	-0.4494870100992634
-0.810047873131994	0.5863361539508976	-0.005688392075329007
0.28137393704745384	0.7694784818599248	-0.5733511781665412
0.24722987933976037	-0.6354506290771014	-0.7314915479806747
-0.9272033726815618	0.06407311417483547	-0.36903731752747637
0.9494710556770184	0.23421832152666863	-0.20891742936576252
0.29726984214161234	-0.88463350906018	0.3592411385141924
-0.10067450215754314	-0.403193914275876	-0.9095599552015405
0.753677190514183	-0.03576555456823932	0.6562709178419186
0.561804636876186	-0.4831515920695315	-0.6715207286935335
0.3410956500500479	0.8748059008643595	-0.3440470801065343
0.6081739147474645	0.3351742421003708	0.7195712034629971
0.03877700131966427	-0.9179470297460617	0.39480323548451135
0.7928561241419521	-0.21220621577330337	-0.5712684906397132
-0.7385892974854809	-0.2062849288330944	0.641819583509439
0.5259967434537487	0.4191574582595925	0.7400232773780899
-0.42167911439381933	0.8841682833723925	-0.20108001184195645
-0.7612279759038476	0.42673377820392355	-0.48829320212464133
-0.42673377820392355	-0.8966052549973025	-0.11831018236410079
-0.48829320212464133	0.11831018236410079	0.8646227209065451
0.04028024173779854	0.9593304771186235	-0.27939673905917106
-0.9593304771186235	-0.04105864612489296	-0.27928341026588893
-0.27939673905917106	0.27928341026588893	0.9186611121373086
-0.4499111105135569	-0.8908820296577128	0.06252361049565437
0.8908820296577128	-0.45260727708616	-0.03841694888465787
0.06252361049565437	0.03841694888465787	0.997303833427397
0.9906314366501886	-0.0016350753169404736	0.13655285880966098
-0.13533887770878072	-0.1453196125166205	0.9800844853371303
0.018241296579765642	-0.9893834124073072	-0.14417946577915242
-0.4738703322699962	-0.8515958059797584	0.2241238305758878
-0.8801211942767388	0.4496742107051134	-0.15224909724402347
0.028871986062795826	-0.2694024637311602	-0.9625947854400474
0.10730824724031263	-0.05927447309896211	0.992457292236322
-0.9824738419463184	0.1467047411015896	0.11499073366822188
-0.1524142052613609	-0.9874027829498739	-0.04249299068542545
0.8542990835461574	-0.3883333169347739	0.34550008800379783
0.3883333169347739	0.03501589908898872	-0.9208534746469853
0.34550008800379783	0.9208534746469853	0.18071681554283137
0.37733454749885	0.4406992651355123	0.8144954247709791
0.25825934127985783	0.7945430223546763	-0.5495484494284288
-0.8893372543110584	0.41771466737058194	0.18599382989215563
-0.26700321749147093	-0.7184994611087732	0.6422365656326373
0.7184994611087732	-0.5925491991759109	-0.3642032000715937
0.6422365656326373	0.3642032000715937	0.6744540183155601
-0.7720214481446128	-0.6205760199488973	0.13736188361070434
0.6253692354944166	-0.7802611841850211	-0.01028609504707615
0.1135614498931038	0.07796081014570233	0.9904675205071602
-0.5861592314179003	0.775319177141657	-0.23515426634437403
-0.7547006475534865	-0.6280761322282917	-0.18959774446838207
-0.29469354931169606	0.06633660890890986	0.9532865079883074
0.0342324367967467	0.8586250899812943	0.5114597688240704
-0.739891881151672	-0.3222565475012551	0.5905173340372085
0.6718542583602468	-0.39863977780345283	0.6242581061356085
0.9901340009930748	-0.06360932707950558	0.124853969043592
0.13585981579296985	0.21766041671611236	-0.9665226605970854
0.03430408911698512	0.9739495862227474	0.2241549307206806
-0.7641383740799821	0.029191861791907088	0.6443914807502681
0.10968439331216395	0.9903077844713515	0.08520461184223375
-0.6356586183810801	0.13578780217886066	-0.7599340719149859
0.8701955326904695	0.0747928775260544	-0.4869966738663856
-0.0747928775260544	-0.956904607024903	-0.28060577065678627
-0.4869966738663856	0.28060577065678627	-0.8271001397153726
0.08673872149825368	0.8840585585655012	0.45925685538697913
0.9250919720580999	0.09960056622793945	-0.3664485918116338
-0.36970425670595675	0.4566401123797187	-0.8091962495830871
-0.4097940728106446	0.9080719839546741	0.08645281861157775
0.8487094907694864	0.41429947501511954	-0.32870677705212514
-0.33430677254142405	-0.06132876126923195	-0.9404667803139666
-0.9627875234181378	0.1774242357890787	-0.20386472305190623
0.2582033789343011	0.38108249438332586	-0.8877539904621619
-0.07981979614906776	-0.9073570262191415	-0.41271300817090495
0.5934583969321623	-0.8027705720378168	-0.058021890530940395
0.7342331842100523	0.5104394484400958	0.44760831167544013
-0.32971011861250965	-0.30823850853883783	0.8923453700996479
-0.6455044981843967	-0.3623275377154625	0.6723412067073985
0.17393394530753953	0.7874377564794813	0.5913448759736698
-0.7436873842505763	0.4986587360947477	-0.44527355571931815
-0.7942204194409321	0.4357977368539001	-0.4234315268093394
0.472039691199989	0.0037156144741596897	-0.8815694664295595
-0.38261267003967403	-0.900036958553424	-0.20866484601631696
-0.9734647322455054	0.19050405135789694	-0.1267857306261803
-0.14611961514957778	-0.09107423402528614	0.9850657551479732
0.1761121039074994	0.9774526537448939	0.11649393350874082
-0.5741371946647833	0.6935264652206782	-0.4351867688027347
0.5208803416029765	0.7194767303454981	0.45938753163632795
0.6317041644900088	0.037071235882596615	-0.7743226537020065
0.9326744164321589	-0.3497445892947173	-0.08830150164069325
0.36069418930392916	0.9013452469226441	0.23974246109594174
-0.004258489792533959	-0.25545149854527643	0.9668124932765709
0.9977440994217298	0.013279312956379748	0.06580556144071537
-0.06589443843471446	0.38107855033911997	0.922191445121244
-0.012831019152618597	-0.9244472934239362	0.38109390788710307
-0.3955353241500359	-0.2126133416732237	0.8935028675343302
0.2126133416732237	-0.967607818823943	-0.13612742520637025
0.8935028675343302	0.13612742520637025	0.4279275053260928
-0.34162306464894554	-0.45377287710769576	0.8230333272117641
-0.7973115440290791	-0.3237066287166579	-0.5094195915773776
0.49758213739826773	-0.8302434549734796	-0.2512127027358919
0.4392388559349061	0.3248337118314856	0.8375871817875284
0.30310029479794925	0.8240888756778528	-0.478547527710058
-0.8456946486353045	0.46406959030062706	0.26351466112498767
0.5447686470106359	-0.36797403939720863	0.7535397982614473
0.36797403939720863	-0.7025580668353877	-0.6091036603520162
0.7535397982614473	0.6091036603520162	-0.24732671384602356
0.03858401389362731	0.9980888263213902	0.04826974874852624
-0.5979232461329645	0.06176406495272757	-0.7991701896431906
-0.8006241725089709	0.001973588838823981	0.5991636165033896
-0.9960155628365417	0.08751130952019887	-0.01716884659688809
0.016581612569022013	-0.00743295495614138	-0.9998348870214676
-0.08762447553063227	-0.9961357949028234	0.005952260184307945
-0.5693822380651565	0.3359653196180251	-0.7502873922637059
-0.13373396158621725	0.8626650430382379	0.4877747954110496
0.8111221205801071	0.37806920997853477	-0.44625617975758836
-0.8308839709672737	0.0021992604526198667	0.5564413626278304
0.5481542708919344	-0.16875026963221607	0.8191765632645911
0.09570121259726477	0.9856563852339801	0.13900636012390621
-0.9310064870127799	0.2667290927088397	-0.24916362544087786
-0.013379995849392118	0.6572368845048598	0.7535652946874715
0.36475731226555713	0.7049079860159514	-0.6083229688247374
-0.579298400521759	0.5285279954839267	-0.6205413130023448
0.1681213519394412	-0.6674496096472886	-0.7254283076939696
-0.797589226466222	-0.5245657028165531	0.29779565015894605
0.30053833624970594	0.7228235364348388	0.6222562523752511
-0.10624844494002872	-0.6229841757135275	0.7749851513147605
0.9478333062264084	-0.29902650716344525	-0.1104317509665842
-0.24633971568105117	-0.2209175199680693	0.9436695363575835
-0.8119652638321986	0.578672474417062	-0.07648906903566594
-0.5291778102000189	-0.7850691795779481	-0.3219273652063779
0.9976922265700723	-0.056004787749285065	0.03838860235550546
0.056004787749285065	0.3591179316683125	-0.9316103127936223
0.03838860235550546	0.9316103127936223	0.36142570509824024
0.999925492277945	0.00135341712852289	-0.012131700407834773
-0.0012151182039912085	0.9999342804022973	0.011399928249346
0.012146331975521117	-0.011384337416649624	0.9998614221386504
0.9569905530885889	0.07020256474631816	-0.2814972134892912
-0.07020256474631816	-0.8854112189093646	-0.45947641216113877
-0.2814972134892912	0.45947641216113877	-0.8424017719979535
0.8629064691358868	0.5053630612982447	-0.0007757568585264461
-0.5053630612982447	0.8629020794414952	-0.0028596452245191785
-0.0007757568585264461	0.0028596452245191785	0.9999956103056085
