0.0  1.96007321776e-07
1.67911565304  1.94745229023e-08
3.67911577225  7.23751282756e-08
5.67911577225  7.96121030763e-08
7.67911577225  1.63323747548e-07
9.67911529541  -1.41508874233e-07
11.6791152954  -1.35002292898e-08
13.6791152954  3.41818986227e-10
15.6791152954  -2.65754698078e-08
17.6791152954  1.80237848879e-07
19.6791152954  3.42442097963e-08
21.6791152954  2.8819441209e-08
23.6791152954  2.77741806642e-09
25.6791152954  -7.32914518476e-08
27.6791152954  -2.0955788341e-08
29.6791152954  3.75276311281e-08
31.6791152954  2.19863179041e-09
33.6791152954  -8.01147629603e-08
35.6791152954  -1.5700825896e-07
37.6791152954  2.75274284213e-07
39.6791152954  6.39554299664e-08
41.6791152954  -1.13315494614e-07
43.6791152954  9.89889594678e-08
45.6791152954  -4.45136527254e-08
47.6791152954  2.06119309008e-07
49.6791152954  -2.13849031256e-07
51.6791152954  -1.10054996119e-07
53.6791152954  -1.2428100759e-07
55.6791152954  -3.55666243662e-08
57.6791152954  -6.39915514233e-09
59.6791152954  1.47721101009e-07
61.6791152954  -1.89176965451e-07
63.6791152954  -3.28770330227e-09
65.6791152954  1.57814418672e-07
67.6791152954  -5.7976780786e-08
69.6791152954  1.41552243255e-07
71.6791152954  -1.12823974414e-08
73.6791152954  7.02900179602e-08
75.6791152954  2.62663976532e-07
77.6791152954  4.95085319582e-07
79.6791152954  -6.53539748489e-08
81.6791152954  -2.16300061332e-08
83.6791152954  6.30281464008e-08
85.6791152954  1.80571880548e-07
87.6791152954  1.69654751113e-08
89.6791152954  2.36610135106e-08
91.6791152954  1.6305751856e-07
93.6791152954  1.11404676641e-07
95.6791152954  1.13657879647e-07
97.6791152954  1.9140817789e-07
99.6791152954  3.18547672224e-07
101.679115295  2.55693269912e-07
103.679115295  2.90320745568e-07
105.679115295  2.42895528973e-07
107.679115295  5.26330614419e-08
109.679115295  3.91451689208e-07
111.679115295  1.69631488114e-07
113.679115295  3.59195657891e-07
115.679115295  2.31974438294e-07
117.679115295  2.93943851468e-07
119.0  2.18918577046e-07
119.0  2.18918577046e-07
134.074119568  5.99595532973e-08
150.074119568  6.23382539538e-07
166.074119568  4.21728129744e-07
182.074119568  6.67618265041e-07
198.074119568  1.09620571465e-06
214.074119568  1.07204544454e-06
230.074119568  1.31519909485e-06
246.074119568  1.46105961376e-06
262.074111938  1.33153619923e-06
278.074111938  1.87626382088e-06
294.074111938  1.64074657312e-06
310.074111938  2.51914855606e-06
326.074111938  2.51775096421e-06
342.074111938  2.75712249519e-06
358.074111938  2.96967966716e-06
374.074111938  3.27899191889e-06
390.074127197  3.60805335723e-06
406.074127197  3.78973708013e-06
422.074127197  4.39516862258e-06
438.074127197  4.82062982649e-06
454.074127197  5.08609300216e-06
470.074127197  5.16284640754e-06
486.074127197  5.64131488522e-06
502.074127197  5.88535955134e-06
518.074127197  6.15465900362e-06
534.074127197  6.86753552425e-06
550.074127197  7.21310894395e-06
566.074127197  7.76051750111e-06
582.074127197  8.03314778124e-06
598.074127197  8.13131556423e-06
614.074127197  8.74035843113e-06
630.074127197  9.26704271953e-06
646.07409668  9.91245734908e-06
662.07409668  1.03992888234e-05
678.07409668  1.10590442234e-05
694.07409668  1.15383235518e-05
710.07409668  1.19673706722e-05
726.07409668  1.2427424118e-05
742.07409668  1.31242177879e-05
758.07409668  1.37545929844e-05
774.07409668  1.43178617373e-05
790.07409668  1.46972497678e-05
806.07409668  1.55649820066e-05
822.07409668  1.58458989626e-05
838.07409668  1.65902186046e-05
854.07409668  1.73243833593e-05
870.07409668  1.79326191497e-05
886.07409668  1.86052325573e-05
902.07409668  1.90918173975e-05
918.07409668  1.98770631455e-05
934.07409668  2.06043350895e-05
950.07409668  2.13386850213e-05
966.07409668  2.20653659207e-05
982.07409668  2.27956555585e-05
998.07409668  2.33019896978e-05
1014.07409668  2.41782274034e-05
1030.07409668  2.50178543174e-05
1046.07409668  2.57877890973e-05
1062.07409668  2.62473931763e-05
1078.07409668  2.73840334979e-05
1094.07409668  2.80156074198e-05
1110.07409668  2.8769628307e-05
1126.07409668  2.95327577282e-05
1142.07409668  3.03050534855e-05
1158.07409668  3.11478650343e-05
1174.07409668  3.20529882592e-05
1190.07409668  3.29459533941e-05
1206.07409668  3.37750778937e-05
1222.07409668  3.47342806875e-05
1238.07409668  3.54885184585e-05
1254.07409668  3.64607849636e-05
1270.07409668  3.70709804251e-05
1286.07409668  3.81567071544e-05
1302.07409668  3.91790676349e-05
1318.07409668  3.97413702999e-05
1334.07409668  4.06991772122e-05
1350.07409668  4.16215542138e-05
1366.07409668  4.27741002403e-05
1382.07409668  4.3721304909e-05
1398.07409668  4.48589700012e-05
1414.07409668  4.54834254766e-05
1430.07409668  4.66514000171e-05
1446.07409668  5.26342708142e-05
1462.07409668  5.39542338454e-05
1478.07409668  5.4860314649e-05
1494.07409668  5.60332716778e-05
1510.07409668  5.70557881006e-05
1526.07409668  5.82957512133e-05
1542.07409668  5.92741001175e-05
1558.07409668  6.05946280739e-05
1574.07409668  6.17963818641e-05
1590.07409668  6.28715450498e-05
1606.07409668  6.43120978214e-05
1622.07409668  6.54346704401e-05
1638.07409668  6.63622199444e-05
1654.07409668  6.79431148972e-05
1670.07409668  6.90207012101e-05
1686.07409668  7.02717427922e-05
1702.07409668  7.14374735079e-05
1718.07409668  7.28905252042e-05
1734.07409668  7.41723594398e-05
1750.07409668  7.56635762348e-05
1766.07409668  7.67545025972e-05
1782.07409668  7.81924160059e-05
1798.07409668  7.9720352682e-05
1814.07409668  8.13073351013e-05
1830.07409668  8.23217027451e-05
1846.07409668  8.35646476257e-05
1862.07409668  8.46752311879e-05
1878.07409668  8.64703808448e-05
1894.07409668  8.79163133611e-05
1910.07409668  8.88278730876e-05
1926.07409668  9.04027144205e-05
1942.07409668  9.19905349033e-05
1958.07409668  9.33456568197e-05
1974.07409668  9.490285193e-05
1990.07409668  9.63599938029e-05
2006.07409668  9.77670333833e-05
2022.07409668  9.92659154308e-05
2038.07409668  0.000100784881276
2054.07409668  0.000102417002497
2070.07409668  0.000103633686319
2086.07409668  0.000105309372935
2102.07409668  0.000107072707387
2118.07409668  0.000108466001322
2134.07409668  0.000109764274051
2150.07409668  0.00011155537276
2166.07409668  0.000112796791849
2182.07421875  0.000114471317441
2198.07421875  0.000116184585658
2214.07421875  0.000117614027589
2230.07421875  0.000119411498749
2246.07421875  0.000120875122015
2262.07421875  0.000122507818891
2278.07421875  0.000124310059246
2294.07421875  0.000125790050611
2310.07421875  0.000127390796787
2326.07421875  0.000129174749231
2342.07421875  0.000130746781847
2358.07421875  0.000132360817404
2374.07421875  0.00013414626158
2390.07421875  0.000135765384805
2406.07421875  0.000137671166235
2422.07421875  0.000139338322617
2438.07421875  0.000141047708733
2454.07421875  0.00014279487721
2470.07421875  0.000144672467884
2486.07421875  0.000146465510773
2502.07421875  0.00014830296491
2518.07421875  0.000149683271379
2534.07421875  0.000151624052213
2550.07421875  0.000153371172653
2566.07421875  0.000135926070456
2582.07421875  0.000137451463718
2598.07421875  0.000139313537927
2614.07421875  0.00014102663666
2630.07421875  0.000142651124544
2646.07421875  0.000144476998847
2662.07421875  0.000145810872003
2678.07421875  0.00014754319649
2694.07421875  0.000149149238932
2710.07421875  0.000150908596295
2726.07421875  0.000152642752648
2742.07421875  0.000154311213948
2758.07421875  0.00015611300382
2774.07421875  0.000157765510262
2790.07421875  0.000159549780564
2806.07421875  0.000161058204588
2822.07421875  0.000163826859948
2838.07421875  0.000165647782735
2854.07421875  0.000167697680251
2870.07421875  0.000169234525424
2886.07421875  0.000171337973339
2902.07421875  0.000172590150985
2918.07421875  0.000174544334324
2934.07421875  0.000176664303753
2950.07421875  0.000178475685088
2966.07421875  0.0001801190727
2982.07421875  0.000182174223298
2998.07421875  0.000184009490224
3014.07421875  0.000185645010002
3030.07421875  0.00018772829651
3046.07421875  0.000193433722121
3062.07421875  0.00019489208488
3078.07421875  0.000196908864242
3094.07421875  0.0001990363096
3110.07421875  0.000200837369839
3126.07421875  0.000202545938019
3142.07421875  0.000204858496849
3158.07421875  0.00020649747806
3174.07421875  0.000208748313547
3190.07421875  0.000210814456883
3206.07421875  0.000212556822768
3222.07421875  0.000214595696484
3238.07421875  0.000216652247905
3254.07421875  0.000218497037442
3270.07421875  0.000220806657957
3286.07421875  0.000218177159537
3302.07421875  0.000220077075747
3318.07421875  0.000222036551151
3334.07421875  0.00022401073279
3350.07421875  0.000225948185568
3366.07421875  0.000227955861941
3382.07421875  0.00023008469385
3398.07421875  0.000231988437937
3414.07421875  0.00023395556115
3430.07421875  0.000236171051668
3446.07421875  0.000238155545962
3462.07421875  0.00026703572409
3478.07421875  0.000269143842906
3494.07421875  0.000271074246282
3510.07421875  0.000273657556876
3526.07421875  0.000275969114324
3542.07421875  0.000278435088354
3558.07421875  0.000280696626364
3574.07421875  0.000282673221035
3590.07421875  0.000285292614325
3606.07421875  0.000287542695719
3622.07421875  0.000289691507608
3638.07421875  0.00029280521446
3654.07421875  0.000295073287198
3670.07421875  0.000297161398696
3686.07421875  0.000299900321804
3702.07421875  0.00030218873002
3718.07421875  0.000304734998099
3734.07421875  0.000306816123271
3750.07421875  0.000309503460112
3766.07421875  0.000311747683857
3782.07421875  0.000314241415525
3798.07421875  0.000317037810903
3814.07421875  0.000319240707558
3830.07421875  0.000321809244196
3846.07421875  0.000324143868673
3862.07421875  0.000326731659809
3878.07421875  0.000329121916404
3894.07421875  0.000331632824217
3910.07421875  0.000334351764128
3926.07421875  0.000336849000443
3942.07421875  0.00033938838506
3958.07421875  0.000341893643515
3974.07421875  0.000344401207349
3990.07421875  0.000347138023441
4006.07421875  0.000349501295042
4022.07421875  0.000352485894912
4038.07421875  0.000354646926436
4054.07421875  0.000357415620634
4070.07421875  0.000360284005758
4086.07421875  0.00036267567194
4102.07421875  0.000365352192552
4118.07421875  0.000367738600336
4134.07421875  0.00037077612932
4150.07421875  0.00037295824801
4166.07421875  0.000375890215491
4182.07421875  0.000378569998903
4198.07421875  0.000381266293928
4214.07421875  0.000384007648296
4230.07421875  0.000386648455539
4246.07421875  0.000389474751849
4262.07421875  0.0003920791592
4278.07421875  0.000394972006934
4294.07421875  0.000397622609767
4310.07421875  0.000400745091718
4326.07421875  0.000402959430169
4342.07421875  0.000406270965979
4358.07421875  0.00040878120887
4374.07421875  0.000411618182557
4390.07421875  0.000414469431641
4406.07421875  0.000417235424239
4422.07421875  0.000419927217603
4438.07421875  0.000423122538281
4454.07421875  0.000426078318912
4470.07421875  0.000428431189094
4486.07421875  0.000431301550559
4502.07421875  0.000434011756395
4518.07421875  0.000437200080173
4534.07421875  0.000440030883871
4550.07421875  0.000442844434987
4566.07421875  0.000445200394635
4582.07421875  0.00044869798019
4598.07421875  0.000451946438122
4614.07421875  0.000454149459252
4630.07421875  0.000457603614378
4646.07421875  0.000464556072614
4662.07421875  0.000467768257022
4678.07421875  0.000470532091745
4694.07421875  0.000473360826374
4710.07421875  0.000476600538527
4726.07421875  0.000479861436521
4742.07421875  0.000482456417735
4758.07421875  0.000485608086452
4774.07421875  0.000488848498007
4790.07421875  0.000492007266689
4806.07421875  0.000494854387675
4822.07421875  0.000497927544202
4838.07421875  0.000501129945314
4854.07421875  0.00050435780227
4870.07421875  0.000507166613845
4886.07421875  0.000510367980132
4902.07421875  0.000513617948062
4918.07421875  0.000516753948956
4934.07421875  0.000519986648073
4950.07421875  0.000523053517607
4966.07421875  0.000526209820314
4982.07421875  0.000529407828514
4998.07421875  0.00053246964829
5014.07421875  0.000535672693032
5030.07421875  0.000546359049651
5046.07421875  0.000550154974312
5062.07421875  0.000575333371972
5078.07421875  0.000578336238227
5094.07421875  0.000582211462041
5110.07421875  0.000585583047312
5126.07421875  0.000588814851568
5142.07421875  0.000592343023911
5158.07421875  0.000596200780173
5174.07421875  0.000599527864214
5190.07421875  0.000602758633584
5206.07421875  0.000606226857735
5222.07421875  0.000575407408037
5238.07421875  0.000578619076572
5254.07421875  0.000582157250872
5270.07421875  0.000585369345891
5286.07421875  0.000588783874648
5302.07421875  0.000591727591198
5318.07421875  0.000595148256959
5334.07421875  0.000668651585817
5350.07421875  0.00067231623224
5366.07421875  0.000676613490217
5382.07421875  0.000672548367101
5398.07421875  0.000676206655221
5414.07421875  0.000680465151548
5430.07421875  0.00068440713084
5446.07421875  0.00068843055292
5462.07421875  0.000692178563273
5469.0  0.000694053263802
