0.0   0.0
7.0548592088e-05   5.7774066975
0.000154572755244   12.65946908
0.000238589860965   19.542156274
0.000322599913838   26.424810626
0.000406602919509   32.79097167
0.000490598817618   36.755857766
0.000574587560899   38.942105674
0.000658569322026   40.331194226
0.000742544023553   41.334961276
0.000826511623629   42.150905774
0.000910472093616   42.847946466
0.00099442543817   43.458988132
0.00107837170543   44.004392844
0.00116231092595   44.49428208
0.00124624313251   44.933930476
0.00133016838069   45.32430501
0.00141408663563   45.669825956
0.00149799794314   45.974818908
0.00158190229186   46.24471613
0.00166579968983   46.483678914
0.00174969009875   46.695653902
0.00183357349888   46.883482724
0.00191744990897   47.049065812
0.00200131935463   47.195826456
0.00208518183301   47.32751563
0.00216903732746   47.447325324
0.00225288584467   47.55644898
0.00233672738948   47.655413724
0.00242056195519   47.744981998
0.00250438953348   47.826973504
0.00258821008366   47.90271705
0.00267202370183   47.973057392
0.00275583031587   48.03898807
0.00283962992689   48.101048716
0.00292342262086   48.159852998
0.0030072083103   48.215646886
0.00309098697756   48.267850612
0.00317475862044   48.316727324
0.00325852323003   48.36275971
0.00334228085971   48.406485216
0.00342603147792   48.448247634
0.00350977511599   48.488322848
0.00359351167677   48.526466176
0.00367724123446   48.562673477
0.00376096374978   48.597036731
0.00384467924718   48.630098529
0.00392838770233   48.661450175
0.00401208915928   48.691343947
0.00409578355995   48.719899927
0.00417947101087   48.747218207
0.00426315141504   48.773656845
0.00434682485485   48.799123652
0.00443049124465   48.823827276
0.00451415063941   48.848025314
0.00459780294891   48.871643622
0.00468144824496   48.894576511
0.00476508652291   48.91697502
0.00484871781385   48.938910532
0.00493234204082   48.960298704
0.00498756716121   48.974080657
0.00498756716121   48.974080657
0.00554812617309   48.561739706
0.0061427702175   48.618376093
0.00673705815757   48.6901440455
0.00733098948037   48.7645267945
0.00792456468521   48.8333735095
0.00851778401562   48.8972871945
0.00911064750236   48.9606996315
0.00970315473422   49.0245057278
0.0102953054355   49.0894167511
0.0108870999821   49.1551229636
0.0114785380092   49.2222977643
0.0120696180151   49.2950442149
0.0126603401889   49.3634787855
0.0132507072655   49.424337855
0.0138407197113   49.483083249
0.0144303765089   49.5404309243
0.0150196764513   49.5969124605
0.015608618926   49.6528203825
0.016197204679   49.709011675
0.0167854337358   49.7655292893
0.0173733063719   49.8227966855
0.0179608228272   49.8803614758
0.0185479829477   49.9385961077
0.0191347867548   49.9973157415
0.0197212344583   50.0558492737
0.0203073267874   50.1140896967
0.0208930640968   50.1715102833
0.0214784464999   50.228807732
0.0220634741846   50.2874418466
0.0226481474217   50.3477999407
0.0232324668982   50.4122049422
0.0238164327163   50.4810148326
0.0244000435174   50.5486555498
0.0249832996244   50.6170101166
0.0255661996352   50.6909863523
0.0261487402418   50.7619901577
0.0267309234776   50.8261722705
0.0273127521989   50.8907593902
0.0278942270139   50.9566091195
0.028475347558   51.0200894025
0.0290561151099   51.0830709562
0.0296365312689   51.1467356783
0.0302165961664   51.2138490126
0.0307963098723   51.2867390007
0.0313756695315   51.3664615293
0.0319546753548   51.4385063579
0.0325333299013   51.5098567522
0.0331116336258   51.5805002891
0.0336895857602   51.651529115
0.034267184644   51.7249722316
0.0348444307158   51.7935045143
0.0354213240473   51.8611706395
0.0359978648936   51.9309074457
0.0365740538086   52.0040766632
0.03714988863   52.080115322
0.0377253661556   52.1576594005
0.0383004882131   52.2305400621
0.0388752571885   52.2986508058
0.0394496729448   52.3639623532
0.0400237359265   52.4294460578
0.0405974479509   52.4964803132
0.041170809899   52.5664139742
0.0417438221667   52.6402747953
0.0423164852662   52.7171628969
0.0428887977684   52.7917211423
0.0434607596663   52.8641143346
0.0439940077183   52.9293970733
