0.0   0.0
8.03976363386e-05   5.4828755
0.000176149098479   12.013965
0.000271889261057   18.5455115
0.000367609183741   25.07825275
0.000457544876554   31.17596375
0.0005287744425   35.44016325
0.000582537802984   38.145321
0.000626424654911   40.06911
0.000665768064209   41.679923
0.000702108969563   43.0436435
0.00073693999002   44.169854
0.000773003244831   45.03733
0.000810784855275   45.7341125
0.000849364005262   46.303844
0.000888827264134   46.743109
0.00093059464416   47.028906
0.000974771493929   47.2043695
0.0010210467226   47.3109475
0.0010685610323   47.3782385
0.00111656919762   47.4184355
0.00116479806456   47.4275895
0.00121329510148   47.394827
0.00126185105182   47.3194925
0.00131034604419   47.225753
0.00135888169461   47.1521265
0.00140742419171   47.094674
0.00145597448136   47.0373075
0.00150466876948   46.978511
0.00155357655603   46.925269
0.00160275596863   46.8825305
0.00165211273998   46.846519
0.00170158437686   46.814638
0.00175118338666   46.7888345
0.00180083347368   46.7694815
0.00185047915147   46.758688
0.00190022558672   46.763112
0.00195009572781   46.779468
0.00200001565099   46.8036405
0.0020499213133   46.832876
0.002099817415   46.8670945
0.0021496781701   46.903432
0.00219947368896   46.939572
0.00224928211537   46.9774395
0.00229912823124   47.0171075
0.00234899237694   47.057701
0.00239886867348   47.0986485
0.00244878679223   47.1363775
0.00249877010356   47.1710005
0.00254884778406   47.202591
0.00259907309373   47.230717
0.00264946722018   47.254883
0.00270002770412   47.2783445
0.00275076119578   47.3023255
0.00280163863499   47.32584
0.00285263314436   47.347982
0.00290374516044   47.368885
0.00295496439503   47.389255
0.00300628894183   47.410344
0.00305772939464   47.4321615
0.00309176529117   47.446697
0.00309176529117   47.446697
0.00342597423878   47.0716745
0.00378325267229   47.254881
0.00414582018857   47.4070825
0.00451376891579   47.5681555
0.00488505230169   47.717121
0.00525740918238   47.876632
0.00562978431117   48.029193
0.00600121318712   48.1733055
0.00637188204564   48.310317
0.00674156835885   48.417402
0.00711154509918   48.540769
0.00748406187631   48.683599
0.00785906962119   48.8206785
0.00823679659516   48.956277
0.00861683819676   49.0963115
0.0089982811478   49.253523
0.00938041531481   49.4179195
0.00976331118727   49.557938
0.0101467393106   49.6802505
0.0105308104539   49.796894
0.0109155862592   49.912607
0.0113008631743   50.0268195
0.0116865718155   50.1489955
0.0120724866865   50.2804395
0.0124583569122   50.413955
0.0128440756234   50.545176
0.0132296882221   50.6763275
0.0136152560008   50.805126
0.0140009066672   50.9341335
0.0143866579747   51.0634325
0.0147725660354   51.1945965
0.0151590538444   51.3342745
0.0155465377029   51.4727865
0.0159342031693   51.5963495
0.0163222020492   51.7131315
0.0167110785842   51.824258
0.0170995719964   51.9307735
0.0174884586595   52.047268
0.0178778368281   52.171529
0.0182673307136   52.2975495
0.0186569193611   52.4251075
0.0190470929956   52.5594455
0.019438163843   52.704925
0.0198306170059   52.8756705
0.0202249047579   53.076601
0.0206202575937   53.2359955
0.0210170574719   53.395298
0.0214150273241   53.552735
0.0218138039345   53.6859575
0.0222136732191   53.8172065
0.022614847403   53.950495
0.0230171269504   54.0829995
0.0234204630833   54.212866
0.023824841599   54.337593
0.0242299578385   54.455713
0.0246354917763   54.5729475
0.0250404494582   54.690324
0.0254447429907   54.809163
0.0258494882146   54.932279
0.026254181168   55.049275
0.0266590019455   55.1522375
0.0270640375093   55.247211
0.0274693915853   55.33559
0.0278750535799   55.416671
0.0282811358338   55.4984585
0.0286878910847   55.589705
0.0290679687168   55.6741755
