0.0   0.0
6.76739664414e-05   5.7654828125
0.000148275432366   12.633386
0.000228871216677   19.5019595
0.000309454593662   26.3707005
0.000390919867641   32.5852345
0.000489796122565   35.957678
0.00060527860478   37.8124635
0.000719744857633   39.0704755
0.000822672547656   39.8809095
0.000916367265745   40.563392
0.00100431208557   41.2178145
0.00108865998482   41.8654535
0.00117028172826   42.509984
0.00125007507449   43.147808
0.00132942378696   43.7846145
0.00140842639667   44.365328
0.00148707945482   44.837535
0.00156506198982   45.2010065
0.00164269161178   45.486818
0.00172015240241   45.72
0.00179694846156   45.898416
0.00187310950423   46.02584
0.00194883107906   46.109134
0.00202439098211   46.157717
0.00209986240952   46.188785
0.00217514179531   46.1986855
0.00225017854245   46.184964
0.0023248000216   46.1638915
0.00239894677361   46.136769
0.00247256361763   46.105325
0.00254581519403   46.072353
0.00261882427731   46.0360035
0.00269201862102   46.017402
0.00276559307531   45.998272
0.00283935051993   45.975457
0.00291325020953   45.955614
0.00298727481277   45.94241475
0.00306132735568   45.9317215
0.00313532329164   45.92944925
0.0032093222253   45.93341925
0.0032832819852   45.93914975
0.00335718953284   45.94550325
0.00343109323876   45.95420825
0.0035050335282   45.96519925
0.00357902245014   45.97624875
0.00365297973622   45.98309
0.0037268405431   45.98572375
0.00380061595934   45.9870195
0.00387432344723   45.9873795
0.00394798474736   45.98547775
0.00402159543592   45.98206575
0.00409518720699   45.978306
0.00416881474666   45.9767225
0.00424245654722   45.97745725
0.00431609354564   45.9807395
0.00438975583529   45.98702825
0.00446343218209   45.996211
0.00453711903538   46.0079075
0.00461079372326   46.021294
0.00465943233576   46.0313405
0.00465943233576   46.0313405
0.00514926225878   45.46321825
0.00567200165824   45.4880305
0.00619675722555   45.553954
0.00672418708564   45.6053085
0.00725511671044   45.686539
0.00778790196637   45.74942375
0.00832158140838   45.81662425
0.00885666947579   45.901111
0.00939229276264   45.99103675
0.0099287906196   46.09750325
0.0104663967504   46.216045
0.0110042341985   46.3381275
0.0115427580895   46.474449
0.0120825714548   46.60452125
0.0126233019982   46.73022775
0.0131647480302   46.84419675
0.0137071899371   46.944838
0.0142506278935   47.0520365
0.0147950015962   47.17746825
0.0153401925927   47.31001975
0.0158864692785   47.45224625
0.0164332751883   47.576835
0.0169805341866   47.68673775
0.0175286530284   47.78533875
0.0180776905036   47.87763175
0.018626748817   47.9612225
0.0191761874594   48.05051575
0.0197265465977   48.154807
0.0202784305438   48.27869425
0.0208329835441   48.44023375
0.0213919639355   48.66102125
0.0219565116568   48.92833375
0.022518673446   49.05064175
0.0230777667603   49.1555445
0.0236355651869   49.2947385
0.0241921740817   49.42426225
0.0247493868228   49.55245775
0.0253076022491   49.6865315
0.0258664770517   49.8262335
0.0264257941162   49.9678355
0.0269860255066   50.103263
0.0275466665626   50.221175
0.0281074136728   50.3397585
0.0286686960608   50.47158575
0.0292315059341   50.62429725
0.0297946892679   50.74932725
0.0303556933068   50.8613545
0.0309144661296   50.97361825
0.0314709239174   51.0915815
0.0320249560755   51.21882525
0.0325771849602   51.363741
0.0331289428286   51.5126675
0.0336805039551   51.66254075
0.0342317256145   51.83172175
0.0347826920915   52.02679425
0.035333278589   52.22930875
0.0358809411991   52.37056925
0.0364254461601   52.48997
0.0369673843961   52.60863775
0.0375069722068   52.73595675
0.0380457125138   52.8282745
0.0385835159104   52.91166875
0.0391197938006   52.99555675
0.0396546635311   53.095285
0.040189652238   53.246719
0.0407246488612   53.42350775
0.0412237232085   53.5650445
