0.0   0.0
6.29343289802e-05   6.2995758125
0.000137893192004   13.80376475
0.000212849421587   21.308765
0.000287804901745   28.81476525
0.000370289559214   35.1141825
0.000472062598419   37.9534625
0.000573167468247   39.577323
0.00067342575494   40.717327
0.000776875669544   41.5098425
0.000884456254425   42.0568685
0.00099597278313   42.429088
0.00111050788109   42.672204
0.001227078581   42.838216
0.00134517536208   42.951421
0.00146426775609   43.028717
0.0015841917193   43.0806215
0.00170481321402   43.149212
0.00182634875819   43.235
0.00194839420146   43.3105665
0.00207102966669   43.369968
0.00219413365994   43.435297
0.00231765129138   43.5004335
0.0024412945786   43.5187325
0.00256527142483   43.504683
0.00268996393424   43.477774
0.00281528072082   43.4446755
0.0029410845309   43.416993
0.00306721791276   43.395733
0.00319370199577   43.376373
0.00332075118786   43.36057
0.0034482103656   43.338838
0.00357594309025   43.3170135
0.00370380652021   43.3046495
0.00383175356546   43.298663
0.00395977951121   43.2941095
0.00408796803094   43.290439
0.0042164005863   43.285022
0.00434511931962   43.2767385
0.00447415784583   43.266804
0.00460346753243   43.2555205
0.00473300268641   43.239497
0.00486279779579   43.220788
0.00499287323328   43.20102
0.00512321217684   43.1806325
0.00525377684971   43.1608465
0.00538447749568   43.1423005
0.00551524816547   43.124792
0.00564607675187   43.108158
0.00577693257947   43.0907
0.00590784405358   43.0723705
0.00603882473661   43.0562565
0.0061698546051   43.040176
0.00630093453219   43.0248365
0.0064320655656   43.011963
0.00656324595911   42.999951
0.00669445545645   42.9869205
0.00682568619959   42.97316
0.00695691816509   42.958208
0.00708811468212   42.94261
0.00717473932309   42.9319945
0.00717473932309   42.9319945
0.00806830514921   42.4508415
0.00900778686628   42.422913
0.00994433334563   42.416626
0.0108791033272   42.455082
0.0118112503551   42.497594
0.0127395270392   42.525006
0.0136617175303   42.556002
0.0145781808533   42.5917205
0.0154896897729   42.6308275
0.0163971757283   42.6746565
0.0173010407016   42.722719
0.0182015396422   42.773069
0.0190984227229   42.8143395
0.0199926646892   42.8451295
0.0208852903452   42.8638145
0.0217763115652   42.882355
0.0226655129809   42.898158
0.023553134175   42.8920635
0.0244390566368   42.871942
0.0253231201787   42.8442945
0.0262050873134   42.813103
0.0270846744534   42.7768435
0.0279615507461   42.738618
0.0288352842908   42.7018635
0.029705354711   42.665423
0.0305713084526   42.629714
0.031433777418   42.58725
0.0322932763956   42.5469065
0.033149903873   42.508221
0.0340034610126   42.4713975
0.0348535121884   42.4407195
0.0356995086186   42.421776
0.0365423944313   42.411723
0.0373825393617   42.4255135
0.0382189662196   42.506889
0.0390483769588   42.5593845
0.0398752461188   42.5595795
0.0407007033937   42.543964
0.0415246109478   42.5222405
0.0423465971835   42.4914235
0.0431669703685   42.4760965
0.0439858110622   42.469375
0.0448022163473   42.483146
0.0456153494306   42.51092
0.0464243586175   42.547641
0.0472297687083   42.5851465
0.048033493571   42.62979
0.0488358316943   42.6761605
0.0496360436082   42.725722
0.0504332892597   42.7752805
0.0512273935601   42.809158
0.0520183946937   42.8398985
0.0528057194315   42.870709
0.0535891032778   42.9036755
0.0543683320284   42.93877
0.0551429842599   42.976801
0.0559126585722   43.0196595
0.0566776837222   43.055302
0.0574388690293   43.088476
0.0581954228692   43.1185435
0.0589472758584   43.1389805
0.0596940824762   43.13954
0.0604357128032   43.1100295
0.0611717700958   43.04054975
0.061902821064   42.92809
0.0626308615319   42.780798
0.0633078836836   42.6176155
