0.0   0.0
5.98392671236e-05   6.5925448125
0.000131111858536   14.44562325
0.000202382056159   22.29943625
0.000273620978987   30.1506185
0.000343099112797   36.880033
0.00042259921247   39.0486215
0.000509069457621   39.3938795
0.000597398800892   39.5985565
0.000690250650223   39.8793185
0.000787046170444   40.2049525
0.000886586036358   40.5563535
0.00098797854298   40.8883685
0.00109124863957   41.1790035
0.00119635390001   41.418351
0.00130218701088   41.616313
0.00140853387711   41.7800265
0.00151556337369   41.917651
0.00162268256827   42.0388895
0.0017294253048   42.1551715
0.00183575833216   42.2765875
0.00194188789465   42.3988275
0.00204783174559   42.509523
0.00215355902037   42.60941225
0.00225908061839   42.69869625
0.00236421280715   42.780642
0.00246906760731   42.85483325
0.00257380885887   42.924867
0.00267834335682   42.9945385
0.00278246327071   43.0589165
0.00288611435099   43.11832125
0.00298932098667   43.173075
0.00309209633269   43.22512825
0.00319401157321   43.27071925
0.00329491921002   43.31350675
0.00339499267284   43.35893575
0.00349442890729   43.4069905
0.00359332966036   43.4554025
0.00369169289479   43.5018235
0.00378958921647   43.54538525
0.00388696661685   43.58312925
0.00398373859935   43.613601
0.00407994992565   43.636956
0.00417576194741   43.65567725
0.00427132859477   43.6708175
0.00436669983901   43.683072
0.00446186622139   43.6934805
0.00455684470944   43.70294625
0.00465167104267   43.71152975
0.00474634041893   43.71939275
0.00484093214618   43.7278555
0.00493555585854   43.73742725
0.00503026961815   43.74819225
0.00512510212138   43.759138
0.00522010825807   43.76998925
0.00531532493187   43.78156375
0.00541076069931   43.79347625
0.00550638302229   43.8049445
0.00560219265753   43.816594
0.00569815491326   43.826498
0.00576160725905   43.83276725
0.00576160725905   43.83276725
0.00640934007242   43.55650025
0.00710261712084   43.576287
0.00780175725231   43.63666625
0.00850763148628   43.7004165
0.00921617232962   43.75580725
0.00992256804602   43.80869825
0.0106246558717   43.864785
0.0113232058357   43.9268985
0.0120193078183   43.99383775
0.0127138308017   44.06428825
0.0134076952236   44.13198625
0.0141012066742   44.20161
0.0147953688866   44.2674655
0.015490240301   44.331292
0.0161863135872   44.39724775
0.0168836005032   44.46314525
0.0175817264244   44.5319
0.0182803196367   44.598879
0.0189792257734   44.6641655
0.0196782735875   44.72785125
0.02037679567   44.78529425
0.0210744449869   44.8250795
0.0217707975535   44.85796075
0.0224651088938   44.88910725
0.023157246178   44.91868875
0.0238465897273   44.94088925
0.0245328294113   44.95737625
0.0252160364762   44.961977
0.0258966665715   44.95688575
0.026575564174   44.932483
0.0272532270756   44.89528225
0.0279301195405   44.85553725
0.0286064140964   44.8172825
0.0292830080725   44.77914075
0.0299595014658   44.7374875
0.030635930365   44.67995425
0.0313097892795   44.61269075
0.0319806495681   44.5455195
0.032648322871   44.467765
0.0333148748614   44.41693175
0.0339811875019   44.38921625
0.0346473746467   44.366639
0.0353137277998   44.347225
0.0359807740897   44.3303865
0.0366492669564   44.33035125
0.0373184345663   44.3338705
0.0379869050812   44.3339065
0.0386542412452   44.32316475
0.0393199331593   44.31082525
0.0399835479911   44.2996665
0.0406445141416   44.29096375
0.0413024618756   44.282593
0.0419572279789   44.27682025
0.042609822005   44.2743875
0.0432602150831   44.27064425
0.0439080630895   44.268514
0.0445527166594   44.269383
0.0451934267767   44.26092875
0.0458303126507   44.25027775
0.0464640934952   44.24108875
0.0470955898054   44.22976075
0.0477253072895   44.21764325
0.048353582155   44.209642
0.0489812283777   44.2045665
0.0496067903005   44.18821525
0.0502297994681   44.17211925
0.0508085875772   44.1639955
