0.0   0.0
7.65502945796e-05   5.38348625
0.000167718708326   11.796193625
0.000258875334112   18.2093585
0.000350061785866   24.62579225
0.000440387972048   30.71580275
0.000514256073075   34.89482925
0.00057628142531   37.617316
0.000640813086648   39.3117425
0.000708173254679   40.454527
0.000775641237851   41.3595015
0.000842248467961   42.109794
0.000908132067707   42.739264
0.000972970578005   43.280659
0.00103656289866   43.7552665
0.00109902629629   44.209802
0.00116033328231   44.6473125
0.00122093175014   45.041964
0.00128093022795   45.4021115
0.00134001298284   45.723497
0.0013978722709   45.99382
0.00145496412006   46.2150565
0.00151176420331   46.4046275
0.00156832882203   46.5771365
0.00162492455274   46.7294675
0.00168158966699   46.8672345
0.00173833071312   47.002135
0.00179544610728   47.142673
0.00185305278865   47.2824135
0.00191106174316   47.419283
0.00196935993154   47.5504815
0.00202785049623   47.6728365
0.00208646443207   47.7868225
0.00214517788845   47.8956165
0.00220402341802   47.999599
0.0022630521853   48.0984785
0.00232222690829   48.1925435
0.00238154313411   48.2810605
0.00244094661321   48.3594825
0.00250049383612   48.4319745
0.00256024941336   48.5040425
0.00261995769688   48.570675
0.00267951720161   48.631363
0.0027389471943   48.6887215
0.00279824726749   48.743731
0.00285745505244   48.797608
0.00291658501374   48.850812
0.00297566741938   48.904033
0.00303467109916   48.956281
0.0030936630792   49.012758
0.00315266178222   49.072826
0.0032116571092   49.1341305
0.0032706335187   49.195561
0.0033295735775   49.255973
0.00338849489344   49.3162285
0.0034474406275   49.3740275
0.00350643772981   49.4311135
0.0035654756939   49.4875995
0.00362454130664   49.543769
0.00368362685549   49.6002165
0.00372269051149   49.6403325
0.00372269051149   49.6403325
0.00411640750826   49.6082595
0.00453940534499   50.032332
0.00496437220136   50.439117
0.00539122556802   50.81674
0.00581905781291   51.1583895
0.00624655303545   51.467236
0.00667234795401   51.7564755
0.00709574308712   52.0200495
0.00751854671398   52.2251615
0.00794113834854   52.4100595
0.00836431054631   52.5662675
0.00878772547003   52.70785
0.00921082508285   52.8294115
0.00963303504977   52.921778
0.0100543588633   52.9992835
0.0104746358702   53.0689385
0.0108936077449   53.1317495
0.0113117806613   53.189245
0.0117292255163   53.241403
0.0121457875939   53.294461
0.0125617084559   53.350638
0.0129766049795   53.404981
0.013390621054   53.4550575
0.0138032437535   53.502952
0.0142141907709   53.5481655
0.0146231773542   53.5552995
0.0150318455417   53.556738
0.0154405367794   53.567706
0.0158491273178   53.586906
0.0162575867726   53.609547
0.01666558336   53.6333375
0.0170728192898   53.6588775
0.0174792363541   53.686431
0.017884967383   53.716449
0.0182892156299   53.7293145
0.0186911865603   53.7438155
0.019090959453   53.7811215
0.0194886857644   53.820655
0.019884142559   53.8393045
0.0202812245116   53.8998735
0.0206812529359   53.973912
0.0210835768376   54.0570065
0.0214878844563   54.1392275
0.0218936458696   54.2115245
0.0222994666547   54.253713
0.0227050660178   54.299297
0.023111098446   54.33839
0.0235158456489   54.352815
0.0239191781729   54.3632845
0.0243213507347   54.367494
0.0247226438951   54.368802
0.0251236972399   54.3714045
0.0255246958695   54.374483
0.0259254781995   54.372423
0.0263262577355   54.364406
0.0267279813997   54.358765
0.0271315707359   54.365391
0.0275355551858   54.366063
0.0279392476659   54.38073
0.0283425846137   54.402025
0.0287447746377   54.418368
0.029146238463   54.438796
0.0295472326688   54.460984
0.0299478154629   54.4885935
0.030348115135   54.5204025
0.0307480888441   54.55340525
0.0311206916813   54.58492925
