0.0   0.0
6.99523434378e-05   5.0345864375
0.000153266295456   11.031835875
0.000236573185248   17.029667625
0.000319950228004   23.0341435
0.000405252816563   29.14911375
0.000490101039759   34.59198775
0.000576865561015   38.3607285
0.000667233478453   40.9048695
0.000758176967793   42.9306265
0.000850210839417   44.7079315
0.000943556260609   46.3257905
0.00103778114135   47.8248895
0.00113220640924   49.2055095
0.00122693697631   50.4862375
0.00132251398463   51.663145
0.0014186277549   52.7297775
0.00151513041055   53.707297
0.00161235909036   54.610518
0.00171071467048   55.4493155
0.00180987497151   56.2334355
0.00190907415526   56.956521
0.00200792329269   57.62656
0.00210642581806   58.247665
0.00220486096805   58.799463
0.00230314731016   59.2929725
0.00240101350937   59.735706
0.00249826986692   60.137818
0.00259502240806   60.512493
0.00269135352573   60.852947
0.00278717835317   61.1406615
0.00288260626257   61.3863315
0.00297772744671   61.6122855
0.00307273856015   61.817812
0.00316769920755   62.006699
0.00326256090193   62.184382
0.00335730006918   62.354499
0.00345190946246   62.519347
0.00354641431477   62.6791375
0.00364089902723   62.8242455
0.00373542294255   62.9530215
0.00382991565857   63.070564
0.00392437269329   63.181198
0.00401874128147   63.281961
0.00411301825079   63.37185
0.00420719652902   63.4534625
0.00430129622691   63.530173
0.00439532252494   63.6030535
0.00448927795514   63.6725775
0.00458317034645   63.7397345
0.0046770015033   63.8031855
0.00477081292775   63.8608695
0.00486463849666   63.913643
0.00495842430973   63.962684
0.00505213538418   64.0088815
0.00514577352442   64.0532495
0.00523934804369   64.096542
0.00533285952406   64.138192
0.00542629184201   64.176964
0.00551963923499   64.2135245
0.00558126112446   64.2359485
0.00558126112446   64.2359485
0.00621159817092   63.886397
0.00687839300372   64.024918
0.00754242303083   64.201763
0.00820267130621   64.4429885
0.00886144698597   64.666596
0.00951718539   64.823554
0.0101701439125   64.9401685
0.0108211844927   65.011092
0.0114705602173   65.0686905
0.0121195773827   65.169575
0.0127696505515   65.282894
0.0134226551745   65.4292355
0.0140788796125   65.576097
0.0147356572561   65.665943
0.0153938791482   65.7218625
0.0160531339934   65.7726685
0.0167127610184   65.807624
0.0173726069042   65.83356
0.0180323394015   65.8532455
0.0186921914574   65.8727045
0.019352597883   65.902792
0.0200132515747   65.9361215
0.0206738484558   65.987893
0.0213351608254   66.054844
0.0219967039302   66.106463
0.0226575024426   66.149528
0.0233174974564   66.1963225
0.02397695533   66.2476435
0.0246360297315   66.3031865
0.0252945402171   66.3472255
0.0259522902779   66.39163
0.0266096999403   66.45062
0.027267500991   66.520372
0.0279254848137   66.6076055
0.0285831158981   66.706734
0.0292412512936   66.808439
0.0298992306925   66.8902625
0.0305559772532   66.961509
0.0312121571042   67.0290565
0.0318682042416   67.0948135
0.03252473264   67.1668065
0.0331819611602   67.240865
0.0338397561572   67.3245155
0.0344986158889   67.4316995
0.0351605783217   67.5995805
0.0358237118926   67.708542
0.0364855853841   67.761059
0.0371469822712   67.802139
0.0378089556471   67.857197
0.0384713546373   67.9119575
0.0391340968199   67.960348
0.03979797801   68.019917
0.0404631821439   68.0725435
0.0411292207427   68.1084765
0.041795224417   68.126952
0.0424605105072   68.11485
0.0431274529546   68.1204945
0.0437968880869   68.1600545
0.0444675749168   68.2066545
0.0451390356757   68.271417
0.045810487587   68.348424
0.0464809373952   68.4243335
0.0471502109431   68.4982425
0.0478181303479   68.577375
0.0484842560254   68.651139
0.0491489684209   68.734006
0.0497684092261   68.8234895
