0.0   0.0
8.22183801574e-05   5.3178965
0.00018013825138   11.652528875
0.000278046441963   17.987670125
0.000375941210223   24.32290975
0.000470721923193   30.444457
0.000548008887563   35.4759815
0.00060873907205   39.4369675
0.000657895805489   42.3058355
0.000701781566022   44.402247
0.000743038770452   46.1115215
0.000782822309702   47.5129885
0.000821521760372   48.702801
0.000859647254401   49.745377
0.00089701689285   50.6546715
0.000933514442295   51.4608205
0.000968732783804   52.160331
0.00100317085162   52.7544355
0.00103691639379   53.2601945
0.00106963037979   53.6969025
0.0011013285548   54.0854475
0.0011322838327   54.4507425
0.00116259700008   54.781464
0.00119212838763   55.0554135
0.0012211333451   55.292458
0.00124972064077   55.4974815
0.00127824312221   55.6830895
0.00130696068663   55.858191
0.00133580792317   56.02658
0.00136465783726   56.1909465
0.00139348627999   56.353946
0.00142226127355   56.516165
0.00145092869934   56.6751925
0.00147956472938   56.8342695
0.00150813237997   56.990962
0.00153658790077   57.14313
0.00156480394071   57.2837705
0.00159269027063   57.410167
0.00162034052482   57.526662
0.00164781770582   57.6372685
0.00167521524418   57.7437345
0.00170250314113   57.846398
0.00172964012017   57.9431675
0.00175668649899   58.0357185
0.00178375646647   58.1263135
0.00181090976548   58.2150755
0.00183812697651   58.301801
0.00186539105198   58.3860985
0.00189269266411   58.4681335
0.00192004063865   58.546014
0.0019473786233   58.6205295
0.00197467835096   58.69205
0.00200198947277   58.7581665
0.00202935660491   58.8202855
0.00205675972393   58.8808335
0.00208416646637   58.9404835
0.00211158487946   59.0011355
0.00213902245741   59.0611435
0.00216650112998   59.119121
0.00219409127021   59.1746565
0.00221235501522   59.209278
0.00221235501522   59.209278
0.00238093537337   58.9566225
0.00256865822303   59.220814
0.00275835199864   59.4900235
0.00294879917055   59.7480835
0.00314305326901   59.99186
0.00334211366135   60.175824
0.00354579629493   60.3540625
0.00375330359384   60.5285705
0.00396455088048   60.6835065
0.00417874426057   60.822936
0.00439544505207   60.965622
0.00461493618786   61.1138895
0.00483845731651   61.263954
0.00506361214502   61.4065265
0.00528944963298   61.5459835
0.00551567411458   61.677768
0.00574216776295   61.80197
0.00596870671143   61.923063
0.00619540258776   62.036874
0.00642240421439   62.143458
0.00664977809356   62.240989
0.00687731808284   62.32999
0.00710467735189   62.408062
0.00733147529536   62.4753965
0.00755778193707   62.5306165
0.00778428904596   62.577443
0.0080114286975   62.627638
0.00823984172894   62.6902565
0.00846981263021   62.757782
0.00870185063104   62.827234
0.00893649997306   62.897578
0.00917447940446   62.963197
0.0094148569915   63.019783
0.00965798832476   63.090744
0.00990570581052   63.196492
0.0101576082525   63.2749525
0.0104092556867   63.325434
0.010661127948   63.3777365
0.0109135325765   63.4309865
0.0111666383455   63.4829465
0.0114204270067   63.531289
0.0116751092428   63.581265
0.0119309209113   63.628046
0.0121880311344   63.672374
0.0124475408229   63.7177575
0.0127084662381   63.7594945
0.0129702147678   63.8154045
0.0132330752676   63.878012
0.013497335196   63.9393535
0.0137637509033   64.0144785
0.0140328030102   64.0925845
0.0143038036767   64.175633
0.0145767470822   64.2671565
0.0148515986511   64.365378
0.0151287288754   64.468226
0.0154080671491   64.573412
0.0156882791198   64.6697825
0.0159688202548   64.7665245
0.0162491826341   64.8572185
0.0165296209161   64.95944
0.0168105969205   65.0824475
0.0170923081459   65.2187985
0.0173749402165   65.3642945
0.0176586797461   65.522974
0.017942900653   65.6688925
0.0182269565994   65.7978725
0.0184921524487   65.919489
