0.0   0.0
6.74758266541e-05   5.77189925
0.000147839678903   12.647497125
0.000228196126045   19.52382375
0.000308563467115   26.403124
0.000390305376641   32.7250805
0.000490349557367   36.278919
0.000602850166615   38.6140905
0.000717320443073   40.4627475
0.000830523858895   41.9942265
0.00094192839606   43.2875485
0.00105118429201   44.3699885
0.0011590396316   45.2856715
0.00126567367988   46.0659175
0.00137201044708   46.75029
0.00147860044672   47.353441
0.00158546205785   47.8455495
0.00169204227859   48.293608
0.00179807429959   48.687599
0.00190443747852   49.0126785
0.00201117785764   49.294064
0.00211841712007   49.5628905
0.00222580271657   49.8145985
0.00233312274213   50.0224815
0.00244012151961   50.1933965
0.0025465543149   50.337002
0.00265242272872   50.4550395
0.0027577461442   50.557502
0.0028626282583   50.6444425
0.00296703504864   50.717407
0.0030708440172   50.7842325
0.00317426925176   50.847056
0.00327742169611   50.9081385
0.00338036444737   50.9669795
0.00348321165075   51.0235205
0.00358611211414   51.076018
0.00368918545428   51.1190855
0.00379244823125   51.152847
0.00389580830233   51.183058
0.00399919587653   51.2112095
0.00410257509793   51.237177
0.00420598272467   51.2633465
0.00430941389641   51.2909475
0.00441281715757   51.3194835
0.0045161084563   51.3457505
0.00461924989941   51.3690855
0.00472227419959   51.391527
0.00482522998936   51.4136945
0.00492814386962   51.43532
0.00503103411756   51.4566465
0.00513393239817   51.476511
0.00523682456696   51.4945185
0.00533968897071   51.510523
0.00544247525977   51.524996
0.005545174703   51.5389465
0.00564781145658   51.5521205
0.00575038866373   51.5655935
0.00585292285541   51.579515
0.00595540070208   51.5937335
0.00605779566104   51.6078255
0.00612536462722   51.617211
0.00612536462722   51.617211
0.00680590909906   51.303379
0.00752664764877   51.3329865
0.00824508903315   51.30947
0.00895919289906   51.302891
0.00966881460045   51.291323
0.0103748971596   51.2548435
0.0110795217333   51.2131275
0.0117834054399   51.164503
0.0124866921687   51.1173845
0.0131903885631   51.061171
0.013895368902   51.000504
0.0146015102509   50.9406525
0.0153083194746   50.8811175
0.0160161623498   50.83426575
0.0167246235069   50.801014
0.0174338435754   50.7735175
0.0181438882137   50.749169
0.018854620168   50.7321275
0.0195658673765   50.71510925
0.0202777097002   50.69552225
0.0209904236253   50.671685
0.0217043820303   50.641071
0.0224200140219   50.601485
0.0231378374156   50.55304575
0.0238577867858   50.4998225
0.0245791650377   50.4522315
0.0253013225738   50.40409575
0.0260227448307   50.36321675
0.0267429961823   50.32775675
0.0274618819822   50.2936325
0.0281793908216   50.2597345
0.0288953401614   50.22270675
0.0296105921734   50.1916925
0.0303266260307   50.18461975
0.0310472734272   50.212828
0.031772198854   50.20604
0.0324947491754   50.16195325
0.033216613112   50.11428875
0.033938304754   50.0680095
0.0346598306205   50.0199535
0.0353805150371   49.9811085
0.0360998804681   49.95794725
0.0368186060805   49.9548445
0.0375372427516   49.9580575
0.0382554267999   49.95830225
0.0389736080542   49.96491675
0.0396908484399   49.97779775
0.0404061032459   50.0048745
0.0411192760803   50.0374995
0.0418303012848   50.07262
0.0425398037769   50.10795625
0.0432479958981   50.1426095
0.0439552548341   50.17649675
0.0446616471745   50.2137585
0.0453670849092   50.25464625
0.0460719731636   50.2951985
0.0467775389552   50.32200025
0.0474843052216   50.3373275
0.0481924666092   50.343276
0.0489010899328   50.34697025
0.0496098976582   50.351564
0.0503186015412   50.3529995
0.0510270986706   50.3474685
0.051735506393   50.3381705
0.0524451639503   50.328133
0.0531563474797   50.31399875
0.0538212982938   50.3008995
