0.0   0.0
7.20727284715e-05   5.3513836875
0.000157911092174   11.72593
0.000243741085797   18.10101475
0.000329535807396   24.47440325
0.000412712925026   30.503514
0.000489465921419   35.2199375
0.000566528527997   38.35857
0.000649807989248   40.1206855
0.00073700305802   41.3398085
0.000825189214083   42.345943
0.000913846844924   43.2378795
0.00100282859057   44.0492095
0.00109139851702   44.7924385
0.00117929950648   45.480481
0.00126647105208   46.112059
0.00135318614775   46.6970405
0.0014398664207   47.23617
0.00152749655535   47.702436
0.0016162017273   48.083621
0.00170503996196   48.364432
0.00179435905011   48.537433
0.00188438766054   48.6444235
0.00197477934125   48.706915
0.00206515756145   48.725197
0.00215565899271   48.707287
0.00224643071124   48.6727925
0.00233780825511   48.6359935
0.0024297547061   48.6081
0.00252214318607   48.5857845
0.00261487308308   48.568064
0.0027078546409   48.55354
0.00280089495936   48.5327015
0.00289401120972   48.508914
0.00298730903887   48.485349
0.00308073937776   48.462193
0.00317427099799   48.4392615
0.00326784860226   48.4178805
0.00336144937319   48.398024
0.00345512607601   48.382182
0.00354886174318   48.3736385
0.00364249612903   48.372813
0.00373590708477   48.379323
0.00382895662915   48.3862535
0.00392159100738   48.394971
0.00401387389866   48.4090485
0.004105842032   48.4273185
0.00419750771835   48.4493095
0.00428887477028   48.4748145
0.00437991772196   48.5027355
0.00447055176483   48.52801
0.00456079945434   48.553513
0.00465083029121   48.5807785
0.00474067463074   48.6106
0.00483031163458   48.6451595
0.00491971551673   48.6825835
0.0050088998978   48.720814
0.00509784452152   48.761035
0.00518659345107   48.798767
0.00527518067975   48.8360835
0.0053336028941   48.861045
0.0053336028941   48.861045
0.00592555204639   48.4440355
0.00655303470558   48.528002
0.00718197587412   48.668484
0.00781539210584   48.7945165
0.00845281698275   48.8571085
0.00909319292987   48.8992205
0.00973487400915   48.941217
0.0103778631892   48.9852965
0.0110216049943   49.038613
0.0116659622872   49.100795
0.0123110689456   49.1510195
0.0129569894634   49.19475
0.0136044207029   49.2661155
0.0142519986257   49.353886
0.0148992524482   49.4417245
0.0155465848511   49.5312155
0.0161941739498   49.6217835
0.0168418129906   49.7158675
0.0174892479554   49.8105405
0.0181364794262   49.9066865
0.0187832404627   50.0047105
0.0194292480592   50.1017215
0.0200743773021   50.199447
0.0207184054889   50.30171
0.0213613028172   50.411825
0.022002452286   50.523285
0.022640872281   50.6306885
0.023276519496   50.736896
0.0239091226831   50.841307
0.0245388930198   50.9273295
0.0251659150235   51.0118385
0.0257908191998   51.106959
0.0264137813356   51.2051315
0.0270344964229   51.2927615
0.0276530117262   51.37778
0.0282694774214   51.4645045
0.02888468327   51.559065
0.0294986183289   51.6555355
0.0301113694441   51.7499945
0.0307228220627   51.8351115
0.0313345368486   51.9367895
0.0319465789944   52.0547815
0.032559031155   52.1862915
0.0331725506112   52.3307875
0.033789757872   52.508724
0.0344079618808   52.6526435
0.0350240150001   52.776005
0.0356390173547   52.9113655
0.036252760794   53.052219
0.0368647116702   53.2054865
0.0374741819687   53.371659
0.03808198357   53.524556
0.0386892901734   53.6776765
0.0392991690896   53.8356075
0.039912443608   54.045468
0.0405308543704   54.3333925
0.0411540796049   54.6855955
0.0417773574591   54.8959045
0.042398984544   55.033959
0.0430199527182   55.151577
0.0436408761889   55.266556
0.0442624897696   55.3863775
0.0448850165121   55.509618
0.0455084503628   55.64163
0.0461329389364   55.773844
0.0467581800185   55.8932475
0.0473404391669   55.9854155
