0.000179316889962
0.000140703784151
0.000134689004855
0.000157220974545
0.00011985848381
0.000150682347235
0.000211820332744
0.000158311354492
0.000158113385172
0.000145794507283
0.000144823068475
0.000146128479322
0.000159678391371
0.000129608186989
0.000173260555961
0.000162891489002
0.00016298522149
0.000158215442644
0.000163410392175
0.00019852607695
0.000141936086279
0.000140820187841
0.000300394178976
0.000180025755745
0.000144634984693
0.000198254435271
0.000170282385619
