-0.513610491699   -0.778099950939   -0.361614061073
-0.0721378437817   0.459117157139   -0.885442018156
0.854985610588   -0.428686251668   -0.291937841533
-0.149392789614   -0.857392584561   0.492503553643
0.707918122912   0.25499728176   0.658656448801
-0.690314222412   0.447050715506   0.568868993795
0.781671962335   0.214339112638   -0.585702730139
0.259079816265   0.742646910889   0.617538026805
0.567332875923   -0.63445591694   0.524975330237
0.950346225254   -0.180017336555   0.253842097936
0.0781891656923   0.92766235245   0.365142457427
-0.301211730372   -0.327164054241   0.895675820316
-0.60750842339   0.736683849431   -0.297036060938
0.371031600686   -0.0674644625449   -0.926166344447
-0.702331166049   -0.672863620863   -0.232347758578
0.588001268308   -0.689902261525   0.422243268756
0.534930526427   0.723240448533   0.436775211639
-0.606715617373   -0.0309535643732   0.794316080971
0.22905352664   -0.948781918038   -0.217594471296
-0.813542645401   -0.0638476503743   -0.577989482305
0.534493073901   0.309412911085   -0.786499080995
0.947125910163   -0.200324804644   0.250644136061
-0.116887054335   -0.942894317299   -0.311909799357
0.298814201179   0.266120797854   -0.916455014784
-0.995251579037   0.0729369780579   0.0644553462184
-0.0936497703263   -0.537019965352   -0.838355102168
-0.0265332798986   -0.840410467596   0.541300499734
-0.986206042903   0.0704688134735   -0.149772451634
0.0608035704634   0.99581943333   0.0681658420372
0.153949883923   0.0581188655202   -0.986367898256
-0.888835290556   -0.223330064159   -0.400119368071
-0.457199317203   0.373784997395   0.807002825318
-0.0306693758021   0.900226892603   -0.434339649609
0.891609760168   0.0331548040815   -0.451589187802
-0.448997901986   0.19378440089   -0.872266295339
0.0585911220778   0.980483740272   0.187666500675
0.19856579932   0.678499695598   0.707255107026
-0.367714439262   0.720484128833   -0.587952983883
-0.908492000239   -0.143320560888   0.392557642046
-0.447864808146   0.797810285816   0.403628370498
0.8606862552   0.262434297429   0.436288218546
0.242149300503   0.542795529992   -0.804199433528
-0.838899561919   0.526838193767   0.13670787322
-0.496139024298   -0.843460745377   0.205961257464
0.223815981514   0.104954697825   0.968963837211
-0.00806130078532   0.587808794075   -0.808959725226
0.508216898503   0.699122764935   0.502934333313
0.861191383785   -0.407072697632   -0.304370201132
0.732083705555   -0.680149706226   0.0380765699885
0.670266820276   0.709211539295   -0.218543776319
0.121638142448   0.185513799087   0.975083992613
-0.207799594874   -0.922174498336   0.326210856639
-0.962910558942   0.251526038018   0.0976622121258
-0.172112125802   -0.293817710185   -0.940238570435
0.10604554797   0.923363999888   0.368989519453
0.868935388896   -0.266462529752   0.417071948424
0.483431103343   0.276399428271   -0.830600821317
0.925080105822   -0.00165563159269   -0.37976842509
-0.0476708147778   -0.992587284399   -0.111794348102
-0.376768219506   0.121522597624   -0.918301675397
0.816355043631   0.136551446288   0.561175681275
-0.564959120214   -0.0129779158747   0.82501682782
0.119940131833   -0.99054796765   0.0665513978788
0.204090222191   -0.668491458321   -0.715168757258
0.977746395857   0.102947880808   0.182794199101
-0.0485712527499   -0.736560183548   0.674625769903
-0.499957650854   0.359884770708   -0.787734282081
-0.842177669744   0.0100570084114   0.539106324547
0.201938406298   0.932942553641   0.298058839271
-0.287013059138   0.869605826311   0.401757651738
-0.173173428216   -0.459595277779   0.871081594573
0.942143549383   0.180438043353   0.28250246878
0.160463625407   0.752997196822   -0.63815879411
0.635773310056   -0.573401716642   -0.516723107256
-0.755012399329   -0.322809065751   -0.570745638553
-0.206128884515   0.435548442138   -0.876246790305
-0.914393121285   -0.40458528805   0.0139987299376
-0.348419435042   0.80411958019   0.481659213594
0.943642254215   0.183874572702   0.275189820984
-0.000521056938023   0.832295879479   -0.554331396821
-0.330966802805   0.522947139313   0.785485369008
-0.0759983474615   -0.84877616721   -0.523262141913
-0.024232929997   0.526197072481   -0.850017297481
0.996813431033   -0.0519197350672   -0.0605584413907
0.922438829202   -0.107687305654   0.370823476308
-0.104648841547   0.854670201344   0.508514962314
-0.371692381336   -0.507880193683   0.777111628095
-0.960459170722   -0.262231240702   -0.0935572433127
0.253268460457   -0.96245844577   0.0976157113551
-0.11564284809   0.0700608061992   0.990816943295
0.205373259926   -0.150426247813   0.967054170187
0.24525497783   -0.948677430797   -0.199652518506
0.94745544484   0.278178137648   -0.157940190509
-0.334276119203   -0.243349862447   0.910516513072
0.844595306245   -0.506059214131   0.174822311111
0.418232285697   0.827456896908   0.374695661784
0.634414129753   0.494185776161   -0.594389712738
0.186560706634   -0.844102810709   -0.502678374005
-0.750142529597   0.208016498366   -0.627706397688
-0.329951325013   0.0905012538512   0.93964974654
0.81062150306   0.537262719428   0.232898151752
-0.483761203383   0.838545343654   -0.250632808581
0.761700374975   -0.271272964541   -0.58840761167
0.497123793088   -0.337750248713   0.799245083713
-0.41554840044   -0.901296703757   -0.122408245998
-0.991807203191   -0.0685497731091   0.107793322176
-0.0852956932076   -0.272791561202   -0.958284617876
0.0950953017729   -0.959627892854   0.264709634954
0.742755495938   0.608914771388   0.278454797837
0.252016805574   -0.63953580284   0.72627920705
0.620323950015   -0.469272583975   -0.628475487961
-0.500245307721   0.393559644475   0.771275202728
-0.85631044287   -0.0927690932453   -0.508061335638
-0.128401937425   -0.914606309611   0.383416537053
0.381511641929   0.873876073586   -0.301312918883
-0.451353761791   -0.108354961758   -0.885742052733
-0.806677537055   0.473919624278   0.353088573781
0.724141736115   0.667675789111   0.172707228141
0.581114326994   -0.725590612923   0.368543622113
0.371382397239   -0.166515173703   -0.91342641299
0.614632385252   -0.782829973565   0.096975581918
-0.742839363884   -0.53306193998   0.405011910453
-0.265361471325   -0.320970716161   -0.909154051249
0.472009636393   -0.842740542209   0.2588344677
-0.809670289434   -0.298245084945   0.505454144027
-0.348770591593   -0.448149805114   -0.823116532829
0.644282264424   -0.697526364353   -0.313619729578
0.028991204744   -0.387504267201   0.921411934451
-0.764238100199   -0.602741581388   -0.229439997103
-0.165954332204   -0.56704817749   -0.806793358939
0.348489001549   0.731625860839   -0.585900175414
0.922504512413   -0.378391284462   0.076193572045
0.891217128028   0.446120664544   0.0819047213343
0.319479994934   -0.48923506569   -0.811530395818
-0.321969817757   0.749416708625   -0.578541297824
-0.233242804033   0.797159982673   0.556896540114
0.6281320195   0.560691391357   -0.539513975479
-0.742326047263   0.223966795939   -0.631498942098
0.117006311457   -0.0603825915972   0.991293834194
0.879777967049   -0.456786929732   -0.131667875809
0.460760514556   0.887524446682   -0.000323680089259
0.0564941389273   -0.688969446567   -0.722585298746
0.969039120238   0.212073100792   -0.126444388446
0.240357225221   -0.693070055346   0.679619233591
0.143056561296   -0.511703053794   -0.847168699261
0.985063480073   -0.00927088014316   0.171941824486
-0.0958371561362   -0.859112353257   0.502733730701
-0.390452812827   0.339312842575   0.855811542233
0.52904489743   0.843476577463   -0.0930524571137
-0.753430884328   0.41643013596   -0.508849530221
-0.11218948054   -0.993681718385   0.0031879465162
-0.960656487194   0.109280014937   0.255337016406
-0.254072104072   0.0255836057316   -0.966846857082
0.471631135581   0.167963914771   -0.865651312762
-0.233809995242   0.970373346929   0.0608970746028
0.850233472686   0.173676972869   0.496929925662
-0.807077303908   -0.364457485933   -0.464539520885
-0.398204471683   -0.244932076936   0.883991785267
-0.435958053313   0.89843142122   0.0525505196575
-0.703712287817   -0.140053258386   -0.696544399727
-0.326267592243   -0.80719157316   0.491926033538
-0.631140613673   0.573434258687   0.522335789255
0.0657029511849   -0.317306786584   -0.946044145584
0.669978250897   -0.688573738923   0.277480358568
-0.739467555428   -0.652060280383   0.167347319118
-0.900306748411   0.418310998083   0.120264989292
-0.435227184114   -0.862021931645   -0.259798936816
-0.00500569418159   -0.286241328682   0.958144480118
0.483669038004   -0.870076443236   0.0950328606459
-0.543250639272   -0.213296818023   0.812024143946
-0.686252872203   -0.444377598836   -0.575834650786
-0.594931738425   -0.181508365106   -0.783014010099
-0.438044945543   -0.743571816935   0.505190636041
-0.67392347659   0.64354927275   0.362865651784
-0.341075845287   -0.893694417056   -0.291509102232
0.938389849246   -0.342036741355   -0.0493493505112
-0.0556035843654   -0.290381053937   0.95529423997
0.643913404625   0.359843075738   -0.675195148226
-0.545049633649   -0.403573285191   -0.734880602778
-0.536932420518   0.84121433911   -0.063733911481
0.759705790278   -0.580098047718   0.293825402666
-0.514073442763   -0.8124922023   -0.274927111517
0.39821552916   0.0578158822043   -0.915468031174
-0.692715907935   -0.355625573152   -0.627435353334
-0.625937763086   -0.135699947054   0.767976198272
-0.358254919905   0.924724811006   -0.128597963725
-0.89602894733   0.188785887993   0.401860689843
0.101730160759   -0.793728418949   0.599705070302
0.432184104217   0.578234455431   0.691998420962
0.570069650477   0.146944075599   0.808348954506
-0.38041583473   -0.824847539605   0.418222822301
0.728220012284   -0.545924880413   -0.414320695422
-0.442112008394   -0.468096042249   0.765129444777
0.408038609166   -0.86460937084   -0.293181052059
0.79877497799   0.18258349073   0.573255443454
0.80298116489   0.13308184904   0.58095651325
0.173211232495   0.880572496916   -0.441123504943
-0.570279859165   0.454842059546   0.684031858249
-0.629782561542   0.523721672836   -0.573663258872
-0.030561195153   -0.754656840645   -0.65540755734
-0.776170044854   -0.395232415509   0.491275278436
-0.590891469006   -0.377497381737   0.712981765993
-0.517867892242   0.855135729693   0.0235739260001
-0.618595278062   -0.355300732597   -0.700786180925
0.572474760552   0.494613680113   -0.653934213799
0.0453844754017   -0.815448983617   -0.577046969068
-0.818665314963   0.300666364204   -0.489271744037
0.926750191479   0.359839331045   0.107933954004
0.342265359878   -0.927175786904   0.152313766965
0.154882232751   -0.104214759089   -0.982420876186
0.688571330162   0.725042673725   -0.0135146053071
0.299513755841   -0.26737610238   0.915861086595
0.660424888493   -0.634683496835   -0.401267772821
0.217055839714   -0.167129007308   -0.96174563028
0.792900603171   0.604860725536   0.0738385820296
0.569381590796   -0.778595785771   0.263805243393
-0.307055474457   0.272186079604   -0.911938415506
-0.27028147195   0.893832245035   0.35778742803
0.912504718632   0.35634064574   -0.200889229844
-0.16851164563   0.0776012707501   -0.982640253636
-0.0232288508685   -0.996931989014   -0.0747464364921
-0.985425920998   0.0102299588908   0.169797238395
0.560428616146   -0.826951252904   -0.0455125425045
0.304490294824   0.154626649374   0.939880981647
-0.770198303402   -0.540594325371   0.33845582993
0.183205186065   0.883972014465   -0.430150366083
0.372704017713   0.342436334119   0.862455258118
0.909685426386   -0.318325045697   -0.266723809029
-0.466503403851   -0.626827451748   0.624068842301
0.183068627441   -0.758691747764   -0.625198136211
0.865367235249   -0.177409632235   0.468684724039
0.17766398   0.459545168236   -0.870203280022
0.808606449946   0.435821407689   0.395240824948
0.560884229869   -0.773872043009   -0.294161421219
0.255912681447   0.529860960354   -0.808551830229
0.362561177537   0.722742381251   0.588381545331
0.896135085809   -0.443723802647   -0.00714807293494
0.280848458367   0.24702858686   -0.927416314665
0.770646264932   -0.633990302739   0.0645029486093
-0.572038877856   -0.732825472611   -0.368426856939
0.950264708121   0.296144600801   -0.0964124468936
0.236131544575   -0.886934369314   -0.396975211048
-0.203073578183   0.354465513057   -0.912751511583
0.751309897103   0.565494633179   0.340219426784
-0.0328365884657   -0.482852832574   0.875085653255
0.659132154407   -0.668632157409   -0.344203197408
0.608791274756   0.030292907423   0.792751867573
0.337173531509   -0.914408357715   -0.223989653759
0.718113635458   0.403657893644   -0.566897796316
-0.741406642817   0.527675341655   -0.414578006888
-0.203295291789   0.41214992554   0.888146082136
0.639521082001   0.742759161967   -0.19829678008
-0.763648606548   -0.445677121914   -0.467132431672
0.398466684104   -0.894629831681   0.202142934396
-0.508001089936   -0.031770540911   0.860770309289
0.0352546497911   -0.981616503049   -0.187579718014
0.923426717336   -0.0397768072069   0.381707876941
-0.382152073628   -0.186673100769   0.905048587685
-0.63468409842   0.557289718633   0.535354335667
-0.629313756378   0.0293199399392   -0.776598053794
-0.448486667858   -0.829800283579   0.332101186578
0.991485484647   -0.129540238432   0.0132612352675
-0.00521484713513   -0.141257471379   -0.989959156808
0.130112793772   0.981460979054   -0.140730265012
-0.474249828874   -0.879867966506   0.0303226207531
-0.85308242109   0.450755179769   -0.262812006458
0.217571787327   -0.150506243814   -0.964370461976
0.10517776623   -0.983270626019   -0.148716218007
-0.0541926013735   0.143656271094   -0.988142721337
0.992975729536   0.111989962867   -0.0381765473795
0.34845180501   -0.299411626622   0.888219577261
-0.851756690933   0.294416764197   0.433392787677
-0.391269573358   -0.907563467094   -0.152435803408
0.388821915153   0.251406035123   -0.886347857108
0.441508987863   0.793541190754   0.418762692002
0.808633002006   -0.554154657186   0.197548181432
-0.439369354272   0.21314324461   0.872653727319
-0.889605597105   -0.238120599466   -0.389744097723
0.124725507119   -0.947559252705   0.294236317416
-0.774062974044   0.623275183044   0.111151061247
-0.617804500156   -0.781987974665   0.082537307121
0.13836224847   -0.00478055241608   0.990370150255
-0.589911307172   -0.75228060218   -0.293391453958
0.770589291634   -0.633046106789   0.0737886867881
-0.241240115424   -0.182555531999   0.9531404327
0.0347820719695   -0.73678735709   0.675229292835
0.854856427599   -0.328053992412   -0.401996351048
0.517697494356   0.591206367097   0.618437010407
0.990641808558   0.130393497083   0.0403279438594
-0.0688023274333   0.221896814827   0.972639729452
0.117877253434   -0.966312237058   0.228791638035
-0.761409744405   0.114563247308   -0.638067757759
0.0244736515575   0.98863912595   0.14830279505
0.647808800114   0.0973033453004   -0.755563245194
0.735319106812   -0.562141926793   -0.378552856677
-0.411665097547   -0.814192128114   0.409417911159
-0.538365729424   -0.145215814075   -0.830105239547
0.0823651573233   0.922354125877   -0.377463703337
0.881215165123   0.109500577278   0.459858082817
0.465484493421   -0.370503023002   -0.803773411063
-0.40332534066   0.849544052243   -0.340005254194
0.910107604089   0.411016815724   -0.0526243876117
0.0950411414097   -0.330666116332   -0.938949999174
-0.964257939717   0.253847268596   -0.075948600511
0.173998130198   0.390470197193   -0.904023050476
-0.199828117093   -0.884926318588   -0.420682937958
0.589696812423   0.738078289493   -0.327869040926
-0.804937350025   0.504033013516   -0.313091973421
-0.06582956746   0.448543375679   0.891333443882
-0.648003837013   0.178894033653   -0.740329623843
-0.36433834787   0.780786792885   0.507572213905
0.668841233393   0.598639214202   -0.440774881014
-0.794712689274   0.471699098592   -0.38201008088
0.435237938685   0.00416198388081   -0.900305845043
-0.423083535765   -0.881749759443   -0.208608924754
-0.972996472881   -0.144699901963   0.179832705961
0.194008048515   -0.0905799595815   0.976809166641
-0.125054951413   0.985320866162   0.116206926787
-0.576575668462   0.519135644065   0.630918918404
0.69035815995   0.722553481681   0.0363603781695
-0.436996692811   0.456524532936   -0.774996284701
0.931908739421   0.362597715538   -0.00830650814024
-0.353142873223   0.901911953595   -0.248686427163
-0.0826813913901   0.234686438999   0.968548430832
0.997843644195   -0.062021673385   -0.0214796129144
0.00387542585593   0.382356310768   -0.924006835846
0.065521315729   0.921931105694   0.381772174914
-0.852875395909   -0.405338865254   0.329095675097
-0.511511255985   0.522291588687   -0.682325238714
0.104689035018   -0.750274550216   -0.652785037547
-0.340053637917   -0.796417532466   0.500082630492
-0.442560206243   -0.333678438562   -0.832345579365
0.829761403772   -0.504358814356   -0.238994140496
0.438753430029   0.296615773461   -0.848242011794
0.335790065994   0.821452161335   0.460935329757
0.833510923274   -0.487068198072   0.260814323245
0.16013087724   -0.405120785078   0.900130685874
-0.958600152995   -0.28135043031   0.0439053759994
0.235465175412   -0.869896019569   -0.433401737775
0.042503172696   -0.593299360985   -0.803859035258
0.997855734735   0.0652919561248   0.00457089938862
0.0497736171742   -0.802329625977   0.594802285061
-0.996203125267   0.02235354261   -0.0841406699587
0.0839323693025   -0.0101004045681   -0.996420262345
-0.023123377599   -0.999699105211   0.00818586880362
-0.577585785907   -0.131523989729   0.805665004853
0.334579530629   0.862091672413   0.380597538142
-0.744614798136   0.48938674735   -0.453926661385
-0.829165820578   0.551044810349   0.0939875468988
-0.00107015062065   -0.169698771509   0.98549539914
0.559001696565   0.817038520472   0.141298122075
-0.93340360886   -0.0159168378293   0.358475044097
0.261215232351   0.654796402327   0.709230762085
-0.246016880222   0.75563769478   -0.607031604509
-0.58121454889   0.169441725366   -0.795914034217
0.52949969287   -0.663951082507   -0.528014237771
-0.617915628066   -0.728325793683   0.296178687363
0.298142989781   -0.109013708369   0.948275681979
0.727835798712   -0.616774718707   -0.299739881359
0.617548223022   0.779554332777   -0.104542979156
-0.243729084459   -0.814885683244   -0.525887304118
-0.223135816753   0.574809020636   -0.787276950683
0.943825482105   -0.0745379972811   -0.321927858829
0.949872701922   -0.123644941309   0.287147659979
-0.222815316313   0.376545623076   0.899203385536
-0.219306144371   -0.918109646083   0.33012042168
0.999685199357   -0.00532473204385   0.0245183485215
0.00596789304865   0.999638020157   -0.0262338123361
-0.0243697853523   0.0263718767969   0.999355110897
0.893142988412   -0.403342635556   -0.199023417201
-0.25752581542   -0.821379842751   0.5089357605
-0.368749314093   -0.40329873824   -0.83748078849
0.858529465011   -0.512650116651   0.0108173751962
0.512563775116   0.858592678171   0.00984832118476
-0.0143364621447   -0.00291047925057   0.999892991756
