-0.514551125482   -0.772578094973   -0.371968044907
-0.0700640274457   0.470234246728   -0.879756094189
0.854592400693   -0.426617909107   -0.296089493745
-0.137995083864   -0.862607055861   0.486689247886
0.711749125082   0.255344081314   0.654379540544
-0.688745627772   0.436701805946   0.578723589383
0.769566739942   0.217864586602   -0.600251659456
0.259229137837   0.752471370488   0.605464359555
0.583581431226   -0.6215479535   0.522600090536
0.94974526222   -0.197945543508   0.242490203298
0.103791909993   0.929986542898   0.352636171497
-0.295315384479   -0.309746011812   0.903795459082
-0.609794178997   0.730947454568   -0.306377019246
0.405907333024   -0.0439946451935   -0.912854702673
-0.680727769566   -0.681014162741   -0.269869253319
0.599463612134   -0.682668353583   0.417860379484
0.534582616933   0.73003403888   0.425760176332
-0.59570529912   -0.0318468380291   0.802571476884
0.228864382331   -0.949265024331   -0.215678019471
-0.819597567278   -0.0683569372975   -0.56884721748
0.525243678888   0.306958047143   -0.793659772876
0.947302753183   -0.195365659998   0.253869558445
-0.112812192662   -0.94518868068   -0.3064176351
0.299818116528   0.261630687816   -0.917419467961
-0.993689937601   0.0820525602921   0.0764701592766
-0.10843751916   -0.528564798066   -0.841938571799
-0.0286637811287   -0.844918121237   0.534127097288
-0.986025411904   0.0758350862966   -0.148333835539
0.0648869487622   0.994893407044   0.0773097180224
0.153439144157   0.0666044165709   -0.98591088884
-0.890219354219   -0.221200064512   -0.398221085371
-0.454647098061   0.376972534925   0.806962033888
-0.0283816419419   0.899423281538   -0.436156214021
0.895113141429   0.0350042240997   -0.444462786223
-0.443144129335   0.179299226499   -0.8783365346
0.0489463448852   0.98317164914   0.176005010299
0.192964665623   0.685304382326   0.702226844678
-0.376538922064   0.712601835573   -0.591960356873
-0.906081165234   -0.150188306813   0.39555074833
-0.442729691976   0.803644227975   0.397676218406
0.864910607599   0.265789936001   0.425776174513
0.236474228417   0.532458134282   -0.812753514007
-0.839391348409   0.520959045749   0.154996247918
-0.48404654439   -0.846203355167   0.222797721192
0.247226833253   0.111989081416   0.962464201185
-0.0177761919837   0.599469765368   -0.800199979635
0.516648634939   0.690705372142   0.505964699272
0.856012964279   -0.404428101526   -0.321993347264
0.732636157084   -0.680479913544   0.0138328809887
0.66689625787   0.713653960964   -0.214353458661
0.135991332708   0.166268190778   0.976658203346
-0.217338078203   -0.918711475459   0.329747455825
-0.962294723289   0.258276918781   0.0853340421853
-0.163563520669   -0.298767900024   -0.940204614231
0.116330787242   0.922126886098   0.368983947992
0.869524036259   -0.274095061008   0.410852586579
0.479994894043   0.273045606936   -0.833697186169
0.916637655218   -0.0117597030474   -0.399546140541
-0.0575399722863   -0.993038450254   -0.102780289487
-0.395556014524   0.117202157412   -0.910933089569
0.816303804029   0.127714526696   0.563326813847
-0.566345501219   -0.014806288679   0.824034918595
0.113582009036   -0.99170044544   0.0602441178626
0.209696649391   -0.659936493679   -0.721464579549
0.976292318925   0.1008167929   0.191544465538
-0.0536714378703   -0.744526560023   0.665431873431
-0.505567846537   0.342799081166   -0.791763817372
-0.846035124816   -0.0170139619728   0.532855602087
0.16919137131   0.939254659317   0.298621775537
-0.299881971724   0.863605184546   0.405286180693
-0.176842096747   -0.467799674115   0.865962087921
0.937442092   0.188014760388   0.293006440242
0.160980395151   0.74741466042   -0.644559258537
0.642716441725   -0.575007032611   -0.506243506609
-0.748999925176   -0.332773553391   -0.572940550363
-0.222900531961   0.426022254985   -0.876824036571
-0.909672687495   -0.414242199441   0.0299833591929
-0.350443939137   0.804306184522   0.479875616241
0.949312760008   0.18556116881   0.253717039859
-0.013483334542   0.830455769914   -0.556921371386
-0.314043760286   0.52527161245   0.790864242319
-0.0846631452148   -0.845851961883   -0.526656064639
-0.0278823809006   0.530357930294   -0.84731519437
0.99601943991   -0.0570519443458   -0.068486137055
0.923502365609   -0.104977063343   0.368948772712
-0.105646681883   0.85502029493   0.507719483441
-0.368757588832   -0.507858357645   0.778522786596
-0.961663661624   -0.265930432779   -0.0669627272038
0.261117107557   -0.962565211375   0.0727053642533
-0.0837905606464   0.0524329931659   0.995102971141
0.205837106817   -0.160545090821   0.965327073727
0.243939452787   -0.946892592789   -0.209494537148
0.947694375224   0.278603107546   -0.155742350163
-0.338717124342   -0.242937817096   0.908984007946
0.83731527091   -0.518480028705   0.173440470867
0.429154805144   0.819853448403   0.379033608487
0.640333136127   0.491356721594   -0.590374497181
0.191418720096   -0.846452073732   -0.496867950738
-0.743863124758   0.20515228251   -0.636066185712
-0.327824886183   0.0860529488452   0.940811210602
0.812605726588   0.533624730409   0.234342868917
-0.481874233712   0.841332001704   -0.244862585532
0.764467706569   -0.261554199991   -0.589218572416
0.503836494328   -0.327780494455   0.799192551541
-0.402166523466   -0.907826716902   -0.118797051654
-0.990317183405   -0.0956601354365   0.100603254132
-0.0694071873968   -0.286428268439   -0.955584370622
0.120226946195   -0.953314211332   0.277015335102
0.744037885375   0.612523200947   0.266876288622
0.24786706499   -0.623978777661   0.74108866077
0.620459139041   -0.485248197659   -0.616088178307
-0.492888286587   0.397200628204   0.774140037655
-0.860977336953   -0.0941992549174   -0.499844501447
-0.12561513523   -0.912884527926   0.388410448461
0.386974990072   0.874079546613   -0.29365848064
-0.461140480105   -0.0923333926971   -0.882510057847
-0.798498475056   0.476927133623   0.367342748053
0.717205862047   0.674650002874   0.174536887415
0.592271427862   -0.72210759556   0.35745653746
0.367192466132   -0.152996712569   -0.917475721073
0.62298470701   -0.775114345811   0.105298650277
-0.738266321017   -0.538121731246   0.406679040045
-0.258559266095   -0.331093269758   -0.907482425525
0.473551599906   -0.840004085031   0.264843386473
-0.809588982947   -0.296717115453   0.506482607883
-0.346863893938   -0.454259937182   -0.820568917613
0.648884397123   -0.695154215871   -0.309369771191
0.0276828893735   -0.384753281078   0.922604232776
-0.760383256527   -0.607227740519   -0.230416523578
-0.161889509159   -0.564939335217   -0.809095380254
0.352638161152   0.73265250996   -0.582122518847
0.921649669953   -0.379557435936   0.0806104131115
0.888846509834   0.451421385137   0.0785532621673
0.32045593676   -0.489895571691   -0.81074676776
-0.32750553362   0.745802294096   -0.580102631928
-0.226877023834   0.792795161778   0.565687765041
0.626110893946   0.563630069347   -0.538800791954
-0.745997295262   0.231941752146   -0.624252400134
0.107922604715   -0.075105278753   0.991318268012
0.881700317578   -0.45344808115   -0.130343345377
0.459300839728   0.888112625068   0.0172830501076
0.0664155223402   -0.679479787182   -0.730682008266
0.968372170948   0.220408130086   -0.116942698471
0.240508454999   -0.699805312215   0.672627837716
0.14792257225   -0.514368988662   -0.844715014737
0.98260767189   -0.0205083605244   0.184557769521
-0.112254513321   -0.857323714038   0.502389265
-0.404704842872   0.347430317356   0.845875974797
0.52184808546   0.847348761223   -0.0983598116894
-0.750925139983   0.401612065849   -0.524231993211
-0.114579235178   -0.993154776447   0.0226977727273
-0.965050492603   0.116699524348   0.234646047792
-0.23568866242   0.00498106794213   -0.971815848486
0.464330108534   0.185923362766   -0.86592727956
-0.229498702614   0.969580104319   0.0851161959125
0.855410951419   0.159207174731   0.492874405612
-0.809825306531   -0.36918803949   -0.455942062546
-0.380231158366   -0.26155418123   0.887137912891
-0.446774259675   0.891790110832   0.0714363990789
-0.697288335725   -0.14323650178   -0.702333454578
-0.331451338154   -0.804350614979   0.493112663212
-0.635554078972   0.576631071606   0.51338837147
0.060154713401   -0.324069445793   -0.944118850971
0.67292385702   -0.685424807917   0.278148009781
-0.737261753456   -0.652052012492   0.176842528527
-0.900180356761   0.421509441694   0.109567859633
-0.435377971629   -0.864585086334   -0.250875766683
-0.0110157669691   -0.273536869638   0.961798437214
0.489352173809   -0.866364071799   0.0997383832005
-0.540924254255   -0.211827166981   0.813959582834
-0.684058039311   -0.452263801806   -0.572295424086
-0.58694939477   -0.19179112148   -0.786579032075
-0.432600262713   -0.74692779281   0.504931564698
-0.684359131363   0.63664357222   0.355439926389
-0.344569639724   -0.887767473394   -0.305189574795
0.93591819354   -0.350146095037   -0.0381424583627
-0.0729993039707   -0.298775208665   0.951527443801
0.64682864997   0.355892096407   -0.674502419042
-0.548642914386   -0.397170487179   -0.73569460825
-0.52972035082   0.845929323188   -0.06164357305
0.761454677272   -0.583964069452   0.281376509414
-0.521187832825   -0.809642746308   -0.269892323467
0.385421869354   0.0588607589142   -0.920861223901
-0.691263177718   -0.34559871965   -0.634599672319
-0.625543174209   -0.153429004054   0.764954428653
-0.36173326683   0.925754322535   -0.110127099196
-0.897056960634   0.192919190024   0.397581432537
0.0960238955793   -0.793088921468   0.601489296764
0.431356257467   0.577747478371   0.692921085247
0.56372419783   0.150624435621   0.812112866648
-0.381131193744   -0.824858776546   0.417548813806
0.732771480024   -0.544903916438   -0.407585181176
-0.445045140431   -0.467018926131   0.764086477837
0.400963011771   -0.866856626891   -0.296290822683
0.800726848663   0.174507624618   0.573047644424
0.810558592922   0.129817906228   0.571088503354
0.170574126479   0.880519087652   -0.442256264689
-0.56026711024   0.455887538219   0.691568736771
-0.621667508643   0.531816036743   -0.575066267278
-0.0291766033732   -0.749388857986   -0.661487010713
-0.782737653696   -0.394446501556   0.48138728992
-0.589433316224   -0.383769897927   0.71083685271
-0.513445854688   0.857319667948   0.0370990734766
-0.623651922172   -0.343108805475   -0.702377838188
0.566399342346   0.485290309103   -0.666096915531
0.03856327303   -0.822962802299   -0.566784879831
-0.823228193737   0.29533970597   -0.484839972687
0.928014586382   0.354731353528   0.113818251114
0.337459437532   -0.929858734366   0.146573743022
0.157829197182   -0.0976135285031   -0.982629911803
0.68265212419   0.730722412749   -0.00555273322318
0.30377328618   -0.276862236418   0.911629909914
0.664611065167   -0.624012866496   -0.410974542405
0.202701447829   -0.161442674065   -0.965840766399
0.796778560397   0.600563960764   0.0668345324239
0.569259210501   -0.783108671911   0.250369245789
-0.316214272637   0.281003899368   -0.906115523717
-0.251372539635   0.896168183835   0.365642492879
0.914778869508   0.343393935331   -0.212744506581
-0.165721987511   0.0733265374279   -0.983442647928
-0.0498163397017   -0.996581158813   -0.0659115027728
-0.984913475974   0.038068527787   0.168808270052
0.554128751438   -0.832043002206   -0.0254119914511
0.286427342559   0.161915357157   0.944321340726
-0.781601371714   -0.530554294673   0.328041820717
0.170162506465   0.878311577374   -0.446781260175
0.393420648522   0.355139365808   0.847995415182
0.903473804108   -0.320069998444   -0.285114505745
-0.466692026317   -0.633812912351   0.616830401901
0.202110525752   -0.755415223125   -0.62329702073
0.861016775651   -0.166219832774   0.480646522135
0.167177857673   0.447694090259   -0.878419925463
0.81377233574   0.440346948745   0.379300870439
0.55662029202   -0.778244541438   -0.290704806003
0.259552314796   0.522222969603   -0.812351996307
0.371888676102   0.722260386664   0.583128413338
0.891252718633   -0.453456837941   -0.00674445355191
0.28105575531   0.250146034193   -0.926517470955
0.768813087706   -0.636522401098   0.061365047644
-0.574398901965   -0.729565757474   -0.371213829138
0.948586271381   0.299876117527   -0.10128375923
0.234943725399   -0.88151509992   -0.409551675016
-0.212097929368   0.364699112626   -0.90664713401
0.754280526047   0.561248371169   0.340677492486
-0.0362516743298   -0.482494777353   0.875148333676
0.655550687693   -0.672457475003   -0.343590221307
0.6059811745   0.046821200117   0.794099862342
0.334539106555   -0.920696181254   -0.201002805977
0.72171351819   0.387461374907   -0.573588075728
-0.736741133679   0.522704790314   -0.428943124583
-0.209881710468   0.426256254562   0.87991776494
0.642776920522   0.738298928368   -0.204334340763
-0.760418099445   -0.453886725996   -0.464490208724
0.399775552796   -0.890801239837   0.215992264887
-0.511804475774   -0.021447402401   0.858834202572
0.0348083899285   -0.983120102731   -0.179619708264
0.9286894012   -0.0345808018701   0.369242690167
-0.369221305033   -0.179663662849   0.911809517477
-0.632596356773   0.558470471447   0.536593497836
-0.625272254283   0.0405577620862   -0.779352087287
-0.457008159032   -0.828532317087   0.323539398097
0.989545909422   -0.142083109015   0.0247241436526
0.00332782408518   -0.148894356964   -0.988847508998
0.144179813891   0.978592285171   -0.146864974277
-0.472022073986   -0.881095994655   0.029411050194
-0.851149121269   0.446780747716   -0.275557864763
0.229652639941   -0.155102584357   -0.960834456758
0.108725581388   -0.982047111334   -0.154149988882
-0.0626776173406   0.147988350422   -0.987000995148
0.992093878741   0.116974011045   -0.0454622536163
0.344669388135   -0.280132881621   0.895951216037
-0.853881924652   0.302952782496   0.423208306075
-0.389985476185   -0.910903496652   -0.13478185394
0.365781417759   0.263694120159   -0.892563367731
0.440558162496   0.795715225601   0.415626978438
0.819824651911   -0.54525470263   0.174885246314
-0.425560373837   0.22563731427   0.876348201703
-0.897559770011   -0.228591851931   -0.377004276486
0.115259825949   -0.94701297121   0.299802609866
-0.769855417639   0.62798990866   0.113803824859
-0.623633468472   -0.778109179856   0.075016006461
0.135661095871   -0.0132203950389   0.99066709253
-0.583328021793   -0.756022452848   -0.296914920106
0.778535052625   -0.624634656852   0.060948480649
-0.231541769072   -0.195605716301   0.952956878838
0.0315782651519   -0.743110046546   0.66842372182
0.86176352085   -0.31853598101   -0.39483979401
0.506326423665   0.588491535643   0.630326316422
0.989524009781   0.14157639192   0.0282552529162
-0.0583478657509   0.213171756413   0.975270900227
0.132052113307   -0.96670260552   0.219199251487
-0.767431811651   0.103651205214   -0.632696484994
0.0312452024327   0.991718876837   0.124568883151
0.640368762348   0.07582939392   -0.764315217189
0.744804134996   -0.550319248319   -0.377379815867
-0.420334882685   -0.826167185393   0.375188443555
-0.518252242534   -0.120816003532   -0.84665111256
0.0886589392798   0.927928214465   -0.362061902561
0.886256178916   0.0924195868027   0.453881708497
0.454631254775   -0.361120269129   -0.814188291125
-0.415956473841   0.847608567635   -0.329453984558
0.905926194741   0.417790664199   -0.0689107436418
0.0792334623188   -0.327124864508   -0.941653535792
-0.961428843163   0.262798304361   -0.0811888585866
0.178866879482   0.373119664083   -0.910378138852
-0.208952671575   -0.889785798662   -0.405733919635
0.59833316098   0.728712721841   -0.333129400531
-0.799642074181   0.516772067172   -0.30580906427
-0.0506949866399   0.449359988893   0.891911216833
-0.643629695409   0.16802132458   -0.746665688025
-0.361238079846   0.793397251483   0.489926373049
0.674720582802   0.585055241688   -0.449958330646
-0.793849004048   0.473830967224   -0.381166595166
0.434553571807   0.00353798061241   -0.90063903753
-0.425402106249   -0.880608708333   -0.208713561626
-0.973911740186   -0.14942082731   0.170790335484
0.185462268558   -0.0904042702496   0.978483936946
-0.130765703723   0.984632156842   0.115757705762
-0.572727809289   0.51957756384   0.634052057501
0.694507941948   0.718448882829   0.0385994991308
-0.435478558643   0.46246119612   -0.772326399293
0.93421908763   0.356693788802   -0.00205847949671
-0.344879378449   0.901772493212   -0.260508320032
-0.0910654194989   0.24408177219   0.965469408037
0.997467880422   -0.0709664920283   -0.00464591610103
0.0227473582936   0.380255257125   -0.924601804627
0.067382380619   0.922154919977   0.380906705565
-0.851781568478   -0.409117527459   0.327247625395
-0.512032084442   0.51791663254   -0.685263092718
0.110866154   -0.751255755695   -0.650633141972
-0.344435312911   -0.795654602468   0.498295162321
-0.463377215344   -0.317531247396   -0.827318235764
0.816483846454   -0.515856240148   -0.259319239511
0.436974951584   0.307925318508   -0.845124186087
0.31721640368   0.826449773848   0.465139252851
0.84168084505   -0.471341457468   0.263458887775
0.155420508008   -0.411673761995   0.897980611915
-0.961945405826   -0.269873695591   0.0427694357905
0.224734291776   -0.87045557159   -0.437951590918
0.0336786992979   -0.600687631325   -0.798774132523
0.998395730824   0.0566191789847   -0.000482953687957
0.0455160398845   -0.797476418551   0.601630826977
-0.995988955166   0.0128400313004   -0.0885501822866
0.08848992923   -0.00518827333829   -0.99606355934
-0.013248909829   -0.99990410311   0.00403124948023
-0.561773081546   -0.137028286351   0.81586411466
0.336379480486   0.863151162533   0.376588523094
-0.755817339016   0.48599724213   -0.438801584641
-0.833147810336   0.544792832585   0.0952128966932
0.00382257530825   -0.166482849468   0.986036940865
0.553037172395   0.82187847666   0.136622309863
-0.929062208866   -0.0133238694787   0.369683495113
0.269706391956   0.659579710062   0.701578982163
-0.253183479308   0.751516520495   -0.609197049589
-0.577437213151   0.169279104864   -0.798693213647
0.526196127224   -0.67082142008   -0.522605260265
-0.624246666441   -0.722041000926   0.298283241934
0.301338237443   -0.10415006728   0.947812233589
0.719476779146   -0.627480255916   -0.297693958128
0.625738308661   0.771635465697   -0.114150239394
-0.249203352478   -0.809967885662   -0.530895199931
-0.218084407426   0.581044113133   -0.784109003794
0.943576642542   -0.0796226273713   -0.321439507309
0.948019204757   -0.117435104152   0.295750881191
-0.23387237783   0.37311539456   0.897824377721
-0.215785306035   -0.920322714408   0.326255732585
0.999999927319   0.000123774398308   0.000360612831217
-0.000123681613894   0.999999959248   -0.000257307424568
-0.000360644664593   0.00025726280469   0.999999901876
0.897197955368   -0.403734092658   -0.178982153604
-0.276506425437   -0.829550494455   0.485170252429
-0.344354505669   -0.385804042975   -0.855906078288
0.865964543743   -0.500105340557   0.000239430607376
0.500105342656   0.865964573863   5.53216280459e-05
-0.000235005065521   7.18339575545e-05   0.999999969806
