-0.508795144663   -0.79301187024   -0.335051748876
-0.0798241016962   0.430974096136   -0.898826702567
0.857178869056   -0.430573457284   -0.282578987766
-0.167270846361   -0.855347699703   0.490306818809
0.700884807175   0.246591359318   0.669293051347
-0.69338369683   0.45560181532   0.558252662195
0.790331240445   0.206763817071   -0.576736728782
0.266116247234   0.732054779016   0.627118763456
0.551868347828   -0.649110564134   0.523542550511
0.952093663494   -0.161006198551   0.259989730493
0.0520716026898   0.923116517225   0.38097827211
-0.30134067785   -0.349188916855   0.887277237519
-0.606961610344   0.747863009426   -0.268883846114
0.311854520953   -0.0870692620262   -0.946131968264
-0.730988619152   -0.658118426078   -0.180376761052
0.565662175452   -0.71565955352   0.409704413838
0.545508196239   0.697332048767   0.464918080525
-0.618423084222   -0.0394894570525   0.78485251588
0.233080110076   -0.950486880808   -0.205544038345
-0.797390753902   -0.0658163343814   -0.599863480903
0.556634213716   0.303715161856   -0.773249928923
0.946480818869   -0.197347956439   0.255397422857
-0.109477249999   -0.94067698135   -0.321156579398
0.303626071419   0.276008334743   -0.911937831163
-0.995866871776   0.0729516591335   0.0541038735155
-0.0853033499192   -0.546729202242   -0.83295289057
-0.0311851277417   -0.834125431122   0.550692521252
-0.986703474986   0.0439498158765   -0.156475768521
0.0365623160456   0.99809063329   0.0497823742231
0.158364925079   0.0433993251368   -0.986426403277
-0.879586169619   -0.244640478319   -0.408018635093
-0.47336671323   0.364501758348   0.801911730159
-0.0474565593058   0.898492907334   -0.43641536459
0.888667204683   0.0191246143751   -0.458153738876
-0.452054521455   0.204145967578   -0.8683151119
0.0769240466511   0.978753632457   0.190063194754
0.216209848394   0.658982479027   0.720413349261
-0.352715734512   0.740753113142   -0.571731087136
-0.910409200352   -0.130487231964   0.39259160741
-0.467813704501   0.782921357196   0.410103019165
0.847284243921   0.265224798091   0.460179548091
0.25151490589   0.562752125651   -0.787432725501
-0.82971405348   0.548742183655   0.102257544143
-0.526153464695   -0.830028713508   0.184972609705
0.186378971577   0.0996712126388   0.977409089545
-0.00441020588371   0.561500412039   -0.827464704603
0.496287610893   0.719603943437   0.485663228857
0.868146967603   -0.408518606517   -0.281839299552
0.714845795415   -0.694856889133   0.0785454798363
0.691373602954   0.685443585035   -0.228406726857
0.104871492393   0.217579859728   0.970392175733
-0.175184255957   -0.929897059303   0.323422224908
-0.965809022248   0.226081370376   0.126886352749
-0.191110986104   -0.290135611515   -0.937708866291
0.0753397317583   0.928690637808   0.363122051199
0.865601490478   -0.241693184232   0.438541291532
0.495033316557   0.281279405474   -0.822085099947
0.937204207093   0.0270147163631   -0.347733345117
-0.0203816178601   -0.991050159108   -0.131924871744
-0.348185099997   0.130727912976   -0.928265774931
0.821464485105   0.146810703731   0.5510378544
-0.556519713664   -0.00445102331508   0.830822482059
0.124426315604   -0.989154591387   0.0780466932276
0.18191808107   -0.682859915629   -0.707536675662
0.982029477004   0.0894053215155   0.166207084026
-0.0502386114037   -0.725057945348   0.68685301034
-0.478200838959   0.382754211792   -0.790457570635
-0.843065654631   0.0521453025143   0.535276722273
0.24609806907   0.922377406912   0.297751002717
-0.261253596831   0.882145830378   0.391874076827
-0.174565025704   -0.442457506465   0.879635382857
0.949354312121   0.161400399377   0.269585424564
0.148485256867   0.763771145438   -0.628176540385
0.632046891972   -0.56184014109   -0.533715637966
-0.760571400226   -0.317788126362   -0.56616415632
-0.163929685199   0.447432296281   -0.879165171373
-0.921328830921   -0.38793777883   -0.0256410816907
-0.352534031867   0.805796885078   0.475826792409
0.937610508698   0.161061006788   0.308132903261
0.0351585440182   0.837772350098   -0.544886562684
-0.345905204879   0.521724871463   0.779841488852
-0.0651210937627   -0.860784098656   -0.504787062678
-0.0218131194842   0.506967890531   -0.861688891532
0.997638928153   -0.0451031425875   -0.051790689928
0.922672576531   -0.126305485855   0.364310637725
-0.0863719126641   0.853115514519   0.514522897052
-0.375786121643   -0.506202373691   0.776237043467
-0.961150288636   -0.244812068577   -0.127503622438
0.229150569553   -0.965218404192   0.125870761828
-0.153883524554   0.0917631913604   0.983818772733
0.192993994219   -0.129869344793   0.972567360895
0.257110505655   -0.949873788153   -0.177859423317
0.946914730098   0.284383086459   -0.149929163471
-0.338261106318   -0.242864660652   0.909173350115
0.85299945822   -0.487174619927   0.187223967418
0.397456095978   0.838854961424   0.371955649863
0.625253980626   0.509747290757   -0.590944294564
0.187444939867   -0.833136713563   -0.520334134025
-0.75757630258   0.214571470795   -0.616471596824
-0.344468485618   0.0943303730893   0.934046702863
0.802519530218   0.545857675045   0.240835633189
-0.487138446476   0.83255100703   -0.263732733383
0.749730112096   -0.291923287991   -0.593873347563
0.489638362417   -0.3589799024   0.794599083641
-0.445150573477   -0.886518033433   -0.126201201783
-0.993362834364   -0.0290969127098   0.11128184477
-0.0991177121674   -0.274340118184   -0.956510940183
0.0583605897783   -0.961192420499   0.26963525796
0.729790429656   0.614872672133   0.298893837083
0.265370046839   -0.657677198908   0.705010241257
0.630067192467   -0.435192255332   -0.64313531537
-0.505497359493   0.393713874043   0.767764159708
-0.851584795144   -0.0844750432523   -0.517365734996
-0.138837157223   -0.915343297596   0.377982660079
0.376217537348   0.873585164322   -0.308722084192
-0.437048149002   -0.126481135512   -0.890500666936
-0.816975691221   0.469948383374   0.334214357739
0.727529910888   0.664022893396   0.172550936856
0.568477471059   -0.724253900874   0.390243067801
0.384101020127   -0.185822184129   -0.904398431126
0.607782387621   -0.791289326667   0.0667964879342
-0.74244147122   -0.536383844325   0.40133905038
-0.281746749955   -0.29351928906   -0.913490665436
0.480664427754   -0.843976896358   0.238043496668
-0.801151962198   -0.312281094611   0.510525270104
-0.35653504927   -0.436100351253   -0.826256160206
0.639367006603   -0.694997016083   -0.328920930472
0.0370451130303   -0.399440017389   0.9160105524
-0.768008782806   -0.597851837953   -0.229642525219
-0.179168013328   -0.578514816159   -0.795750859556
0.339709119919   0.722711221253   -0.60190215527
0.923307390225   -0.378165437552   0.067040025336
0.890314890364   0.445404527536   0.0946266497718
0.327566233531   -0.48214165998   -0.812551402904
-0.31629062371   0.754423108449   -0.575157382628
-0.238100105355   0.794651877544   0.558423435527
0.630995900588   0.563651847628   -0.533048560739
-0.738344440807   0.225443980139   -0.635627641429
0.114828760499   -0.0359722341563   0.992733778076
0.877602668932   -0.464551439659   -0.118344900157
0.465433036263   0.884815211375   -0.021774537301
0.0291071504219   -0.708635417475   -0.704974197325
0.968838776473   0.193554341822   -0.154557891953
0.245976013053   -0.678507598971   0.692187286174
0.123485901424   -0.517238537905   -0.846885781588
0.990183439264   0.00790886918026   0.139550013958
-0.0654827363272   -0.855804735144   0.513137668223
-0.386083616188   0.321119374782   0.864766898332
0.538683110067   0.839491693439   -0.0712334442229
-0.748839066983   0.438333256537   -0.497095572273
-0.0953442798174   -0.995310751254   -0.0163087934508
-0.954496864673   0.0867593978831   0.285321822174
-0.282568936077   0.0427704958667   -0.958293003756
0.478029623324   0.123311786407   -0.869644687535
-0.233089327994   0.972406374027   0.00975750620357
0.846851252819   0.198040518796   0.493581714121
0.556555215935   -0.779900916964   -0.286357907756
0.455159001256   0.574569898326   -0.680220343354
0.695037103463   0.248241800783   0.674758796277
-0.702216936232   -0.132150128437   -0.699591107736
-0.33138825172   -0.809022185726   0.485453323838
-0.63013744619   0.572729819861   0.524316080577
0.0772003189256   -0.290546133251   -0.953741608199
0.665928983473   -0.696902224211   0.266206459089
-0.742009905411   -0.655675403186   0.139682017199
-0.89614376962   0.425366152336   0.12645149512
-0.443741158841   -0.856066431308   -0.265035939333
-0.00448643758355   -0.29362203874   0.955911068167
0.482920267432   -0.87121465261   0.0881648704455
-0.548722171437   -0.222613294217   0.805820885688
-0.682416290747   -0.437525256774   -0.585559267545
-0.596569425919   -0.161033163434   -0.786239938145
-0.453094302214   -0.741027569714   0.495564016273
-0.6624277118   0.651879176841   0.369111183035
-0.342931356214   -0.898412443449   -0.274323105809
0.938831861902   -0.337593585316   -0.068009603959
-0.0315090463543   -0.280865897911   0.959229653101
0.641738559496   0.369769922054   -0.671894207447
-0.538687811281   -0.406253260484   -0.73808788794
-0.545881913268   0.835600678009   -0.0615178321848
0.754516007341   -0.568927276373   0.327150345963
-0.496659888192   -0.820847511103   -0.282025387114
0.4289924826   0.0503102148065   -0.901905944186
-0.686081599847   -0.382819809963   -0.618660675533
-0.631487760809   -0.108910360219   0.767698991393
-0.36126893902   0.917380796909   -0.167024630408
-0.895766765755   0.20309765752   0.395415279015
0.0843582397077   -0.795693236172   0.599796599943
0.436446547428   0.570634397333   0.695622595822
0.575913814628   0.154549460034   0.802768797677
-0.372090521481   -0.824803176918   0.425732736784
0.727923019244   -0.543888025009   -0.417509154757
-0.445265683753   -0.471745033618   0.761048680525
0.418924347835   -0.860947362624   -0.288568933847
0.791353815725   0.190331978521   0.580975796647
0.784948372712   0.126272965348   0.606556831961
0.188639431868   0.883818325313   -0.428112523275
-0.590145081247   0.450466764659   0.669931695785
-0.64248735805   0.51615283707   -0.566388774191
-0.0384531172741   -0.759909927949   -0.648890020864
-0.765330877802   -0.395124221213   0.508080207539
-0.586137568156   -0.374581892788   0.718422686718
-0.534671615477   0.845048551212   0.00438288685924
-0.608743800625   -0.381551243858   -0.695593008527
0.583637741551   0.516476034274   -0.626593562573
0.0588413028708   -0.796524650505   -0.601735973841
-0.809879427886   0.31432624319   -0.495271970869
0.919528236644   0.37992267196   0.100630936318
0.362458649976   -0.918745222653   0.156623570735
0.151959037479   -0.107545242491   -0.982518433286
0.683055837748   0.729566881995   -0.034159730902
0.304175678337   -0.24163948547   0.921459448793
0.664011957142   -0.639798815065   -0.386969762404
0.228244194363   -0.181728793763   -0.956493195615
0.791321400096   0.606965218465   0.0735096274202
0.567199285516   -0.773671680425   0.282342170813
-0.287949903052   0.246243256704   -0.925445358657
-0.308962969536   0.890811800566   0.333160951235
0.906436283909   0.381862009763   -0.180429123791
-0.165674223693   0.109768373004   -0.980052527108
0.0126913710859   -0.993466503892   -0.113416201422
-0.986098869639   -0.03122835143   0.163198680642
0.565293825139   -0.820059431876   -0.0891370823515
0.341058079419   0.133966708059   0.9304473696
-0.751080739816   -0.556377074763   0.355418447685
0.198524354047   0.888907345974   -0.412833878361
0.339908908683   0.332630104465   0.879669908205
0.919266019522   -0.314961813362   -0.236112349265
-0.471858363323   -0.610576104017   0.636039704865
0.155956649041   -0.767825649167   -0.621386591504
0.867771403413   -0.19401183903   0.457528357301
0.175623843581   0.477086130626   -0.86113012346
0.795560753922   0.446448121573   0.409593898348
0.579861494139   -0.75701578498   -0.301144066696
0.237557046817   0.536900089769   -0.809509075374
0.353332730655   0.728517543227   0.5868715112
0.904832929858   -0.425441515154   -0.0166398986833
0.271226054189   0.253771322871   -0.928459230778
0.776603471036   -0.627554518529   0.0553387300974
-0.568615402802   -0.736053966746   -0.36728882604
0.94929908896   0.305021895412   -0.0761109914421
0.254253311962   -0.887304849248   -0.384766627786
-0.184895897886   0.345907137569   -0.919870512151
0.742020623835   0.583107626656   0.330742935737
-0.015359326102   -0.478451381078   0.877979707651
0.670201077965   -0.656559038991   -0.346064652072
0.607808055372   0.014808389134   0.793945892008
0.351280921245   -0.901689581325   -0.25210635315
0.712159449979   0.432130316618   -0.553256095552
-0.748991082337   0.527922392543   -0.400387694655
-0.197711218018   0.398681474492   0.895524067888
0.632394364972   0.749900679656   -0.194232689839
-0.773454060521   -0.419651215089   -0.475038602577
0.382721294081   -0.906602601162   0.177753015793
-0.505265501812   -0.0443235968818   0.861824919249
0.033728450029   -0.975531451561   -0.217257401886
0.913166917374   -0.0582675227672   0.403399401097
-0.406187853921   -0.211998308498   0.888857775193
-0.629767875608   0.561561372192   0.536694743885
-0.641192942196   0.0142021824735   -0.767248270699
-0.438479228391   -0.827313195395   0.351125110174
0.993245678432   -0.11574666642   0.00810749579905
-0.0075224045911   -0.133963096216   -0.990957770181
0.115786163702   0.984203534877   -0.13392895964
-0.464863475612   -0.88473484886   0.0338555202912
-0.860961494698   0.442791931084   -0.250360960243
0.206512115113   -0.14553196549   -0.967560433943
0.105618493385   -0.985560692676   -0.132343699915
-0.0351023577615   0.129310008185   -0.990982717439
0.993786978348   0.109311677488   -0.0209379757859
0.36302566022   -0.331249270046   0.870911184401
-0.84671224537   0.272896078507   0.456734172003
-0.388961108033   -0.903217388799   -0.181404534147
0.41871656777   0.229440680617   -0.878654317666
0.446159118384   0.790756264771   0.419102100697
0.790960477494   -0.567504628883   0.228735697341
-0.450269669651   0.205935469517   0.868819778198
-0.881513378194   -0.257377178134   -0.395842332553
0.14209640621   -0.944112054033   0.297424008398
-0.778185477565   0.619823183014   0.101225413338
-0.612383860568   -0.784630059673   0.0966523500666
0.139331869372   0.013224645787   0.990157431382
-0.602599305042   -0.743988155119   -0.288713876711
0.754988014254   -0.648698000189   0.0958332034508
-0.258586882684   -0.160226494666   0.952607103958
0.029791236222   -0.727980602955   0.684950161665
0.844577672987   -0.348169116687   -0.406776130664
0.53460362563   0.590611977449   0.604463775223
0.991853547226   0.115203875179   0.0543563059658
-0.0797131963281   0.228491863827   0.970276906092
0.0993596859174   -0.966705505989   0.235813734769
-0.754715407089   0.117107911837   -0.645515601119
-0.00188721192867   0.983547592633   0.180639340835
0.656049611488   0.137549518397   -0.742077514317
0.725964219011   -0.571764142626   -0.382180216552
-0.38326823978   -0.797768943254   0.465478430816
-0.571035383397   -0.191443146617   -0.798290744354
0.0647078074221   0.915561464023   -0.396938414939
0.87160625542   0.141835627252   0.469238948036
0.485917107304   -0.376337428962   -0.78883122681
-0.386859297952   0.84733165406   -0.363825441134
0.913874559117   0.404993568145   -0.0285219206861
0.123179437355   -0.343524784825   -0.931030369227
-0.969190876348   0.239320851096   -0.0582629851221
0.155554101975   0.411306061982   -0.898125962622
-0.190976350796   -0.879518535113   -0.435861422736
0.585236619992   0.7409155725   -0.329457452562
-0.806021825911   0.487230028912   -0.336059094626
-0.0884698523518   0.46222398613   0.882338977871
-0.6535045937   0.189524027728   -0.732811291484
-0.373179082375   0.761630486462   0.529770114832
0.658535586351   0.619677048958   -0.42700261885
-0.799513489484   0.475301761394   -0.367241631285
0.421181657736   0.00772782971241   -0.906943378516
-0.428233804504   -0.879788904376   -0.206366887888
-0.973415346146   -0.14317488457   0.17878343412
0.191288143612   -0.0788392735415   0.978362517199
-0.1259817844   0.986552239557   0.104131016626
-0.591012470552   0.502417032095   0.631095385431
0.669916787809   0.741511217526   0.0370487745474
-0.449350372275   0.444677681185   -0.774819980894
0.933620023637   0.357803634714   -0.0181716936095
-0.3526940687   0.909010269428   -0.222052300098
-0.0629328639679   0.213721522221   0.974865408953
0.99759642695   -0.0548420631209   -0.0423522968687
-0.0177890761159   0.388028628884   -0.921475627424
0.0669695282077   0.920014201672   0.386120384094
-0.84886973508   -0.403725356559   0.341212557413
-0.519506078082   0.517943957667   -0.67959362236
0.0976401951106   -0.754148455669   -0.649404726739
-0.340649589331   -0.782741313654   0.520839604089
-0.417288481157   -0.370547227309   -0.829798213922
0.842513015201   -0.500010788117   -0.200402173103
0.427220468071   0.271666440647   -0.862368840281
0.36946194548   0.818072139502   0.440744648762
0.825215452172   -0.506907604595   0.249126750671
0.181375543826   -0.391771495961   0.902007764409
-0.951751994228   -0.300798668479   0.0607313965235
0.247529904424   -0.869502878657   -0.427426824641
0.0486153566169   -0.58193861851   -0.811778289552
0.997760818964   0.0656709105467   0.0126759476138
0.0459335959943   -0.810576816714   0.583828167327
-0.995180404481   -0.0106965761629   -0.0974758728893
0.0979106367211   -0.0533594999343   -0.993763689709
0.00542860516183   -0.998518075462   0.0541496373104
-0.604429692346   -0.12679111564   0.786504138581
0.326449528881   0.861141346866   0.389700251233
-0.726701762832   0.492300308463   -0.479108499386
-0.824096347218   0.560630704472   0.0809840953817
-0.0163084083699   -0.166391067967   0.985924970937
0.566214841132   0.811176445481   0.146265265794
-0.941285323965   -0.0273266140795   0.336504375977
0.238603676285   0.651307645747   0.720323980064
-0.238851888317   0.758321572128   -0.606546097748
-0.588525645494   0.179777982508   -0.788236919715
0.525908076011   -0.655369735127   -0.542135781762
-0.614050698381   -0.733600972794   0.291155203513
0.290120415775   -0.112370315313   0.950369957746
0.744512271702   -0.59744911174   -0.297919512899
0.601274996683   0.793994629149   -0.0896711059767
-0.229737054023   -0.824106601979   -0.517753990408
-0.22546353439   0.562576485809   -0.795408003653
0.946777207515   -0.0660000468832   -0.315050651709
0.953831100912   -0.139363027263   0.266052960075
-0.196155688302   0.381752759578   0.903209707932
-0.227440490853   -0.913697311579   0.336790804407
0.99821988706   -0.0255519206647   0.0538902257177
0.0296534799819   0.996610289633   -0.0767372251489
-0.0517467699718   0.078198656951   0.995593914128
0.89289350094   -0.39020899686   -0.224673395732
-0.216950744018   -0.810071673285   0.54471667756
-0.394554901947   -0.437630920881   -0.807963864562
0.842106754298   -0.539011960295   0.0179533012407
0.538670681788   0.842262486279   0.0206833456894
-0.0262699628454   -0.00774666808683   0.999624868731
