-0.506755372043   -0.79741908801   -0.327600047288
-0.0823982222307   0.423069108423   -0.902343095763
0.858143068421   -0.430273549704   -0.280098458664
-0.171799180523   -0.855839350256   0.487877083009
0.69898401427   0.243082939632   0.672556341323
-0.694194777686   0.456562910247   0.556456574784
0.79059618733   0.20409383623   -0.577324323576
0.269196990162   0.730981108219   0.627056297245
0.549991499087   -0.651162288097   0.522969430744
0.952563036725   -0.159362647693   0.259282100394
0.049786566568   0.922064562624   0.383820583272
-0.300241500885   -0.352704534808   0.886258738898
-0.607567568081   0.750451933108   -0.26016061637
0.299283319756   -0.0871004602513   -0.95018051145
-0.735724911045   -0.655160595517   -0.171678331044
0.559858624529   -0.723701189556   0.403503294629
0.549573071144   0.688775176002   0.472819412034
-0.620103023709   -0.0429574808259   0.783343407981
0.235034028176   -0.951132422642   -0.200265124771
-0.792254293924   -0.0680978771811   -0.606379264885
0.563109349379   0.301180666251   -0.769544064312
0.946428213254   -0.194451921089   0.257802419581
-0.10506561406   -0.940353748123   -0.32356768246
0.305343828985   0.279147414058   -0.910407528157
-0.995721277627   0.0751418132262   0.0537851762653
-0.0863181467624   -0.548532869361   -0.831661510934
-0.0329896168562   -0.832745698959   0.552671951563
-0.986715024916   0.034418478238   -0.158772881694
0.0278137488424   0.998660274855   0.0436354305682
0.16006203479   0.0386396659059   -0.986350404896
-0.876707564035   -0.250733723317   -0.410507548232
-0.478169680328   0.361445747247   0.800444082127
-0.0523221174977   0.898047644498   -0.436775484926
0.888906351794   0.0150488347995   -0.457841708794
-0.450936205   0.204676000455   -0.868771704107
0.080635207944   0.978714088694   0.188723861319
0.220797207906   0.653442280326   0.7240592374
-0.34940440941   0.74610252203   -0.566787072281
-0.910585060094   -0.127844487185   0.393052967716
-0.473706760314   0.779134688324   0.410549683576
0.843398945112   0.267139647213   0.466170170937
0.253535253205   0.567085131473   -0.783667231065
-0.826255504857   0.555315166586   0.0944823076208
-0.534206726571   -0.825689976376   0.181271167586
0.178675722973   0.0993032158171   0.978883985643
-0.00493515189545   0.553481087145   -0.832847123096
0.493259664604   0.725832185336   0.479439821046
0.869868120781   -0.408443784263   -0.276591987495
0.708032612706   -0.70061452219   0.0884822617313
0.698758730703   0.676953980052   -0.231234826869
0.102108058497   0.225549551514   0.968866009416
-0.165456894398   -0.932012110204   0.322455334162
-0.966540059021   0.218230414372   0.13481765667
-0.196021249876   -0.28935948693   -0.93693476663
0.0665121442175   0.930299678125   0.360719619029
0.864266521801   -0.234375548574   0.445097159646
0.498617602945   0.28215352401   -0.819615687333
0.939478366526   0.0357318536165   -0.340739832521
-0.0118957697491   -0.990544836414   -0.136672666307
-0.342401649371   0.132454375883   -0.930170386982
0.82344066818   0.148921447836   0.547510610274
-0.553486164814   -0.0015777387095   0.83285687612
0.124894080515   -0.988847770446   0.0811267868039
0.173888459159   -0.686249397563   -0.706275136271
0.983386040964   0.0830609341976   0.161408722342
-0.0521027658496   -0.722608224112   0.689291416048
-0.471413495314   0.386943392756   -0.792492351534
-0.844708608367   0.0601377051014   0.531837215111
0.25344956774   0.920140351918   0.298504689049
-0.254510273722   0.885371795919   0.389026096248
-0.175940489761   -0.437951174824   0.881614265159
0.950930841141   0.155934446039   0.267235820776
0.143544379384   0.766929188035   -0.625471527479
0.632625287322   -0.557132583785   -0.537948445415
-0.761038932636   -0.318469629046   -0.565152048911
-0.152270497967   0.449963125829   -0.879969818144
-0.922708757712   -0.383759721484   -0.0365653470921
-0.3541500302   0.806388034113   0.473620200739
0.936593556385   0.152854087806   0.315322276376
0.045352588499   0.839402756184   -0.541614397545
-0.347470362555   0.521573236231   0.779246884109
-0.0627736970778   -0.864541353246   -0.49862582312
-0.0217567246685   0.500677852851   -0.865360232849
0.997790613249   -0.0434733963738   -0.0502389880555
0.922619891052   -0.133280368245   0.361951488567
-0.0794432496554   0.852618598212   0.516459384721
-0.377440467782   -0.505250303734   0.776054652623
-0.961930876372   -0.238802391335   -0.132899988622
0.221970527326   -0.966373590211   0.129812053142
-0.159430467857   0.0953703414861   0.982591687266
0.188622432861   -0.12406525171   0.974181395398
0.261198865934   -0.949918981951   -0.171549060516
0.946676676726   0.286813076842   -0.146770326348
-0.341168957033   -0.241797496492   0.908370911824
0.854248890179   -0.483001165741   0.192272482481
0.392253204428   0.841572245611   0.371340246988
0.623109451665   0.515008616452   -0.588643131469
0.189041056179   -0.829465137963   -0.525595913211
-0.75894538033   0.216226061992   -0.614205340086
-0.349686341305   0.0944030239037   0.932098456056
0.799719606587   0.548337939461   0.244487330937
-0.488024603422   0.830911290828   -0.267242236986
0.745685334204   -0.296607964361   -0.596638163237
0.488902190865   -0.364809612116   0.79239421671
-0.452689772494   -0.882574451469   -0.127020893928
-0.993205823254   -0.0154548540686   0.11534010638
-0.106769392326   -0.273209608689   -0.956010882042
0.0462870340002   -0.961830368207   0.269703268941
0.725026930742   0.618308895275   0.303364565699
0.269827729821   -0.660275004588   0.700877959802
0.633663117057   -0.426299223949   -0.645554045563
-0.505410097887   0.394416583122   0.767460873213
-0.851179713437   -0.0819206974806   -0.518441987843
-0.141611187369   -0.915272941959   0.377122941929
0.375530410457   0.873820710386   -0.308892014989
-0.434143469772   -0.128606597693   -0.891616392113
-0.81883842025   0.468932520872   0.331067866746
0.726852172642   0.6647755028   0.172509275119
0.566855890212   -0.722501629111   0.395810302625
0.387763225251   -0.1899076797   -0.901983788288
0.607452904551   -0.792283114664   0.0573448774589
-0.740939999499   -0.539101703227   0.400471310733
-0.286371936292   -0.28575657437   -0.914513146056
0.483777988524   -0.844051445895   0.231378509164
-0.797984788987   -0.31683558922   0.512674834519
-0.359414989066   -0.432657331021   -0.826818298992
0.637977614951   -0.693649752405   -0.334416781591
0.0403417682308   -0.403573901793   0.914057245214
-0.768997467198   -0.596639025526   -0.229488057778
-0.182507548691   -0.582597054445   -0.792004840151
0.336619116645   0.719826673943   -0.607072590214
0.923784912726   -0.377399299988   0.0647395040836
0.889041313363   0.447058708287   0.0987119773802
0.331451280632   -0.479762071429   -0.812384393859
-0.315825255008   0.754961499789   -0.574706483464
-0.239265784578   0.792848627265   0.560484556945
0.63107285109   0.565682256314   -0.530801885366
-0.737901714964   0.226703857785   -0.63569365257
0.111251231427   -0.0297470538002   0.99334700699
0.877232295624   -0.466764525628   -0.112224672553
0.466997497874   0.883881208311   -0.0258330519691
0.0208826762193   -0.714076167837   -0.699756486473
0.96827592515   0.18876697045   -0.163733819482
0.249009330365   -0.674138158981   0.695364721565
0.117744013527   -0.520837292456   -0.845496813752
0.991310321269   0.0113589841204   0.1310527391
-0.0586531689206   -0.853580393558   0.517648836093
-0.389626025246   0.316898661078   0.864735103403
0.540447967104   0.838944671088   -0.063936169
-0.745726193253   0.442433133321   -0.498141914755
-0.0889346598522   -0.995848095828   -0.0194215424994
-0.953436899065   0.0794731809621   0.29093314182
-0.288181723533   0.0443912552632   -0.956546240742
0.479143811988   0.110683511231   -0.870729790334
-0.231456347635   0.972838245515   -0.00370232404713
0.846669455321   0.203309882705   0.491747826656
-0.833505744049   -0.448584800717   -0.322552090681
-0.227403604875   -0.253525162871   0.940219438366
-0.503543220714   0.857027810726   0.109304878739
-0.700408312591   -0.128901712422   -0.702006085578
-0.335014389847   -0.809105145246   0.482819037044
-0.6302329365   0.573352607451   0.523520040953
0.0786302117145   -0.282790349274   -0.955953402716
0.665466394523   -0.699105193108   0.261546184697
-0.742274725129   -0.656720296113   0.133216684792
-0.894204166088   0.429353554828   0.126706094198
-0.447627745348   -0.854213354363   -0.264478632072
-0.00532080311315   -0.293215057907   0.956031703905
0.484475437483   -0.870549689158   0.086178820967
-0.549997635386   -0.226505467273   0.803864338284
-0.680283875706   -0.43685067472   -0.588536605872
-0.595550143044   -0.155180799043   -0.788187126721
-0.457735199748   -0.740747315421   0.491703062436
-0.660150372288   0.653614821057   0.370120455611
-0.344792175806   -0.898889620481   -0.270399344849
0.93829832242   -0.338246597398   -0.072010398506
-0.0267322585502   -0.278543873637   0.960051403214
0.641436802189   0.373382468899   -0.670182333934
-0.537012652326   -0.40534025003   -0.739808551551
-0.547883418293   0.834436824226   -0.0594890438224
0.752985352703   -0.565532248164   0.336431768567
-0.492016771582   -0.823360491999   -0.282837403284
0.436958299036   0.0474423492414   -0.898229741437
-0.683355027456   -0.389772337993   -0.617335752234
-0.633529691234   -0.103677599938   0.766740559509
-0.362858149661   0.915056544595   -0.176083739788
-0.896706436798   0.205475557199   0.39204255075
0.0800348122877   -0.795851417246   0.600179098678
0.435329754355   0.569561512975   0.697199890929
0.576726618195   0.158294236006   0.801454516933
-0.368753275679   -0.824975567926   0.428294681266
0.72897697463   -0.542547921545   -0.417413851336
-0.447288970744   -0.472575806125   0.759344904583
0.420589233356   -0.860416016321   -0.287730734616
0.789327101673   0.190673507133   0.583614890353
0.779260705297   0.12343596054   0.614423564673
0.193888307501   0.884825714266   -0.423663521664
-0.595953083216   0.449273879743   0.66557712069
-0.645958316514   0.515184388466   -0.563314210017
-0.041109896018   -0.760334225657   -0.648229775422
-0.762264934111   -0.395571625847   0.512323393034
-0.583850940069   -0.375367038532   0.719873368145
-0.539835261161   0.841769973559   0.00109655034257
-0.606379394923   -0.387972805747   -0.694104553661
0.585687169871   0.522158500599   -0.619936318747
0.0622076613323   -0.791548129263   -0.607932369537
-0.80814648791   0.317493400423   -0.496081842812
0.916979413853   0.386706014006   0.0980163930239
0.369523737302   -0.915929649997   0.156604865273
0.15033616378   -0.107384053698   -0.982785685117
0.679810210463   0.732290376578   -0.0401108728594
0.307081120678   -0.234553910848   0.922326215733
0.666002449751   -0.639324070622   -0.384324693
0.228542025263   -0.186541570554   -0.955495047158
0.791799221948   0.606646316114   0.0709523732322
0.566411983286   -0.772775833991   0.286347648129
-0.282575748044   0.23826818056   -0.929182017018
-0.31971438212   0.889879321069   0.325418972709
0.904396849001   0.389028364089   -0.175280550694
-0.166903038326   0.115542789476   -0.979179881124
0.0226934901043   -0.992396665036   -0.120970511831
-0.985712118879   -0.042411354915   0.16301194947
0.564413560812   -0.819414005504   -0.0999900992892
0.35038318427   0.128128274458   0.927801039806
-0.747441607453   -0.558698337986   0.359426224112
0.20059517259   0.88915840903   -0.411289314699
0.334133067136   0.332554912891   0.881908341813
0.920932500339   -0.314331916235   -0.230388316231
-0.473566380265   -0.606321150097   0.638834521944
0.150962724828   -0.77046753978   -0.61934645059
0.867724114679   -0.196861456589   0.456399416865
0.172181910995   0.480019293488   -0.86019466832
0.792256840728   0.451453654151   0.410510287902
0.585390884662   -0.752177556188   -0.30256641605
0.232007970333   0.536873452828   -0.811134512489
0.352441550931   0.730828710617   0.584529168575
0.906618582911   -0.421492931597   -0.0196584265563
0.266569366472   0.256950470659   -0.928933382158
0.778643688811   -0.625435595117   0.0504412751242
-0.56802709331   -0.736754214096   -0.366794832674
0.94827759622   0.309595519053   -0.0701442448841
0.260950257956   -0.886078497936   -0.383105544685
-0.180761067104   0.344986246216   -0.921037418643
0.739605038181   0.588294241008   0.326946897055
-0.00932290341236   -0.476773954219   0.878976495732
0.672976575349   -0.653143539029   -0.347139808227
0.606836391325   0.0139634409696   0.794704106243
0.356921914802   -0.898152923692   -0.256764624504
0.710180498815   0.439461429456   -0.550015737159
-0.75013646612   0.527081973319   -0.39934931526
-0.197642800789   0.397597226958   0.896021075875
0.631056737142   0.751066600587   -0.194078221317
-0.776846422568   -0.411538794251   -0.476597793291
0.376625179438   -0.91024028925   0.172093259717
-0.504641565824   -0.0458086962585   0.862112784611
0.0321680913295   -0.973667888204   -0.225690180071
0.910856356051   -0.0644019624555   0.407667862203
-0.411467996983   -0.21868523204   0.884799896444
-0.627586643026   0.562921570867   0.537823679795
-0.644317511732   0.0122349344529   -0.764660218957
-0.437023969104   -0.826419754987   0.3550217444
0.993525346644   -0.113231705536   0.00927180870304
-0.00600635590481   -0.133846607116   -0.99098385933
0.113451792687   0.984511892577   -0.133660106655
-0.460260336388   -0.887117359956   0.0343978547741
-0.863544279524   0.438365225867   -0.249253296973
0.206038103393   -0.144425477028   -0.967827247775
0.106974215747   -0.986109189612   -0.127063697914
-0.0300473579547   0.124532316835   -0.991760484363
0.993807664211   0.109910728438   -0.0163082288741
0.36767955928   -0.339205543661   0.865881828448
-0.844941605088   0.26706700333   0.463410077278
-0.388439732363   -0.902005994926   -0.188413798433
0.424353817165   0.223734817645   -0.877420406208
0.447962414551   0.790237674689   0.418155584265
0.78692662492   -0.570497282093   0.235115584591
-0.450442806374   0.205945195634   0.868727721776
-0.880767288678   -0.261750758391   -0.394633404157
0.146117286387   -0.942906738165   0.299293537755
-0.77828029912   0.620100070563   0.0987708382566
-0.612211177228   -0.784328351506   0.10013246977
0.139560920316   0.0174625173591   0.990059498216
-0.606656080489   -0.741198033431   -0.287391501691
0.750641235037   -0.653115687864   0.0998881100458
-0.261736769042   -0.155130182441   0.952590410527
0.0269668546699   -0.726216633559   0.686936816521
0.842464213591   -0.353383240211   -0.406662432929
0.538076981079   0.589686091646   0.602281890607
0.992113038952   0.112045866019   0.0561911189487
-0.0808100916621   0.22905191842   0.970054095272
0.0958198675968   -0.966944125881   0.236299831565
-0.753447893823   0.114308664498   -0.647495019683
-0.0107015112005   0.982509497741   0.185904718892
0.65742052672   0.146998694106   -0.73904643628
0.724767715715   -0.572406591959   -0.383487225002
-0.374663692425   -0.79453227263   0.477855192844
-0.578220438791   -0.202655276843   -0.790311307607
0.0593620217561   0.914136351097   -0.401037257592
0.86903329257   0.150353019255   0.471354543848
0.491179485298   -0.376495287095   -0.785489663851
-0.384430212051   0.845742150835   -0.370045438242
0.914145639298   0.404619236784   -0.0249203406411
0.128651320304   -0.347855555548   -0.928679358153
-0.970447294121   0.235558388288   -0.0523860195147
0.148935807575   0.413858118599   -0.898075488415
-0.189868835134   -0.879337081771   -0.436710570135
0.586134964886   0.739736469121   -0.330508334524
-0.804877450704   0.484885137963   -0.342138411072
-0.0928336807735   0.466557991288   0.879605336773
-0.654113988367   0.190290140587   -0.73206868026
-0.376079119525   0.757913334992   0.533040216587
0.656276912651   0.623984806736   -0.424197565862
-0.80141538285   0.475651835394   -0.362613727839
0.417436346062   0.0106235209145   -0.908644065512
-0.428345982959   -0.879569481218   -0.207068217246
-0.974064033249   -0.143040905337   0.175324152732
0.18727781882   -0.074792444444   0.979455516515
-0.126989281867   0.986886715715   0.0996410188452
-0.596183553953   0.496067151284   0.631254743675
0.662357270506   0.748246315683   0.0375539249001
-0.453704767668   0.440505201426   -0.774665832028
0.935004916076   0.354111858319   -0.0192509405395
-0.349803214438   0.911976546611   -0.214327995372
-0.0583396784586   0.207131770207   0.976572020738
0.99747066205   -0.0544163666396   -0.0457289557292
-0.0209664104516   0.389474377461   -0.920798631045
0.0679167724728   0.919428392178   0.387348349259
-0.847252064322   -0.40388084461   0.345027829109
-0.522274661739   0.514867851   -0.679808997964
0.0969180953626   -0.756168869607   -0.647159581114
-0.341507330439   -0.777138341299   0.528610198293
-0.414133299612   -0.380461793086   -0.826887195544
0.843721727472   -0.501303124352   -0.191908374246
0.422030815367   0.26444183998   -0.867156562651
0.376985733583   0.8187020339   0.433138241631
0.824482715135   -0.509703338184   0.245826685874
0.188305104892   -0.388664657802   0.901931799665
-0.950005375467   -0.304978011561   0.0669193473351
0.249060181593   -0.869441312706   -0.426662430623
0.048549558473   -0.580416751893   -0.812871044197
0.997879749945   0.0635042720331   0.0142552475536
0.0433467994361   -0.811839640296   0.582269227611
0.985670092964   -0.0732507558341   0.151949974026
0.136822976656   0.874037183079   -0.466195748216
-0.098660736343   0.480305454233   0.871534697955
-0.611650382491   -0.126229771035   0.780992864566
0.323213072148   0.861172698626   0.392319886232
-0.722092182198   0.492389711555   -0.485937498413
-0.822696915501   0.563399431908   0.0758344601852
-0.0216206857066   -0.164311588435   0.986171510365
0.568068949314   0.809680666703   0.147359719031
-0.943345413193   -0.0302984869017   0.330426138644
0.23215834352   0.651215124783   0.722510459985
-0.237069472817   0.758288113414   -0.607286754436
-0.5907420907   0.183245725967   -0.785776549784
0.523933593117   -0.653500123815   -0.546288548458
-0.613610114225   -0.734410370357   0.290041437786
0.287446645224   -0.111817498011   0.951247219858
0.748483809407   -0.593459246006   -0.295935990352
0.597617279875   0.797058950435   -0.0868942824723
-0.225474259589   -0.826240712357   -0.516224411963
-0.226661530657   0.559817194979   -0.797012709263
0.947515650944   -0.0626976351263   -0.313501352097
0.954880033872   -0.143888160472   0.259808233488
-0.188325349555   0.383077453925   0.904314783142
-0.229646867227   -0.912440607147   0.338695224062
0.997771178559   -0.0321403099993   0.0584779933793
0.0372151475169   0.995436374331   -0.0878718240096
-0.0553868940438   0.0898522405543   0.994413830774
0.893871242797   -0.385177526841   -0.229417684838
-0.206498129748   -0.807936652196   0.551902970139
-0.397935577337   -0.445955870972   -0.801729778314
0.837370771741   -0.546341992363   0.0179058095237
0.545979043639   0.837521249666   0.0215647922417
-0.0267782475268   -0.00828152996259   0.999607093673
