0.07382217104804045	0.9893867932075999	-0.1251561444282125
-0.9893867932075999	0.056909586878474805	-0.1336976901360044
-0.1251561444282125	0.1336976901360044	0.9830874158304344
0.7830781716491073	0.25944790806459533	0.565221514176165
0.21371037590838565	0.7412305480149741	-0.6363215774421905
-0.5840517548263919	0.6190832397104015	0.5249947523489028
0.9913896121251775	0.12876728250331712	-0.02378284942981136
-0.12876728250331712	0.9256987355672226	-0.3556695628331954
-0.02378284942981136	0.3556695628331954	0.9343091234420451
-0.6072963362944761	0.36497896115504336	-0.7056780553747523
0.7377279122617435	-0.07060627252028229	-0.6713957713232346
-0.29487062823081567	-0.9283345906487472	-0.22637623641139326
0.7343812711422458	0.67105468920582	-0.10183198264975264
-0.67105468920582	0.6953412804948513	-0.2572666082776012
-0.10183198264975264	0.2572666082776012	0.9609600093526055
0.22921366533916376	-0.8122894002148526	0.5363273495920013
-0.9488492230410177	-0.06354922667706364	0.3092679222344348
-0.21713186674517188	-0.579782222983201	-0.7853065174544362
0.9470443934963392	-0.11689967560575854	0.2990675217913497
-0.20063974048803296	-0.942603704426902	0.26691187859961657
0.2507002418906807	-0.31278222814595796	-0.9161422741430525
-0.9940306486684702	-0.10655070685957937	0.023452427922577557
0.10655070685957937	-0.9943064801236341	-0.0012531767124003925
0.023452427922577557	0.0012531767124003925	0.999724168544836
-0.9862861535539931	0.059289819979880115	0.15402707734168714
0.06874372602028714	0.996016612055615	0.05679092041957233
-0.15004640429052724	0.06660049366189345	-0.9864331963207011
-0.8882183645538486	-0.4583140873000309	-0.0318799976729387
-0.2248342293607925	0.37311921308933016	0.9001286697641276
-0.40064661009052044	0.8066785296547435	-0.43445603185712134
0.8911287259393886	-0.4496958774583601	0.06052447110547565
0.03210556894483502	0.19554202951710875	0.9801696522210115
-0.4526133297289977	-0.8715141608082371	0.18869086162913096
0.20014122022332914	-0.3662134043270815	-0.908752570537595
0.6769258754068406	0.7222310268442751	-0.14196373856780004
0.7083183261586556	-0.5867453334749528	0.39244752830559004
-0.4493597065082089	0.8596394812001673	0.24309631121998465
0.796507302585665	0.26230426692104203	0.544768380582723
0.4045392083526198	0.4384249467319599	-0.8025780927663761
-0.8384185452644033	-0.49870102294927227	0.2198900467644478
0.5284545290091955	-0.8425609258849489	0.1040523759534916
0.13337973506642936	0.20344133277494747	0.9699595199761494
-0.007225007213252699	0.5070041532810616	0.8619133296489399
0.5857441376482007	0.700731793299171	-0.4072821614931025
-0.8104638205876522	0.5019180634480908	-0.3020375028088136
0.7312565325126673	0.6715175398931021	0.11969994683986429
-0.6808131677310665	0.7077629210664969	0.18858705736982753
0.04192033279377915	-0.21939881763431582	0.9747342430217187
0.980568909511393	-0.05023574402326324	0.18963381481704872
0.05023574402326324	-0.8701241199483629	-0.49026562790646055
0.18963381481704872	0.49026562790646055	-0.8506930294597559
0.10360857548394864	0.8687627930224082	0.4842690084509754
0.9237144245611728	-0.26458566936015937	0.2770308384040616
0.36880472467663417	0.4186234979419339	-0.829902067732724
0.9264427150145762	-0.04555408543393718	-0.37366926699515735
0.0005725381172649313	-0.9924791071998444	0.12241280150336924
-0.37643534371326626	-0.11362238807592696	-0.9194489572191584
0.8647581111393079	-0.36043536664997095	0.3496852237179568
0.36043536664997095	-0.039397818039065946	-0.9319518004712805
0.3496852237179568	0.9319518004712805	0.09584407082162616
0.20264201917800329	0.9780662469734748	-0.04819365720386526
-0.6698070095484646	0.10253742831777224	-0.7354214069183198
-0.7143492017376409	0.1813077282555811	0.6758940195412263
-0.4984125385219582	-0.8418549150734417	0.20703923157408116
0.36241042916820654	0.01462337580925166	0.9319038779348747
-0.7875554725060414	0.5395057542293964	0.29780852721028017
-0.28478333788628674	-0.17288731504192195	0.9428724339803026
0.8707443429899013	-0.45799160661787	0.17901948893533182
0.4008774620921337	0.8719826056551687	0.28096903000400664
0.15999716794268504	0.6349075543209535	-0.7558394695413211
0.7539516556355104	-0.5728347764765414	-0.32158547825351746
-0.6371481830899253	-0.5184136536832883	-0.5703415436911032
-0.20259062504986725	-0.9151994191868813	-0.34837775727204423
0.43687001211642773	-0.40285808706851456	0.8042698267353373
-0.8764140751695494	0.010741731866528492	0.48143845301472454
0.9428816040039742	0.002322371173609006	-0.33311992948940267
0.18262455913645068	0.8327160097892883	0.5227162877133474
0.2786082397042658	-0.5536954520607317	0.7847284849781817
-0.0748851317811996	-0.023813082894772075	0.996907796198404
-0.8496320914643116	0.5248763782538977	-0.05128446845830331
-0.522032112223081	-0.8508453000599567	-0.059537796178479985
0.9999964302561892	0.0025689134348504537	-0.0007349548576694126
-0.0025689134348504537	0.8486806296167179	-0.5288994134966833
-0.0007349548576694126	0.5288994134966833	0.8486841993605286
-0.9603106317898957	0.25661270004216885	-0.10933166352141109
-0.25661270004216885	-0.9664083453126984	-0.014311963074298217
-0.10933166352141109	0.014311963074298217	0.9939022864771974
0.20462705339261933	0.24597304830331185	0.9474307513102109
-0.14859425959776862	-0.9488878708519817	0.27844488604494744
0.9674954857953835	-0.1977601275747197	-0.15761794601880053
-0.33413561235301015	0.8456510631484404	0.41620628533624004
-0.24357352514567238	-0.5040605785879992	0.8286102044759297
0.9105082813492635	0.17549134596738403	0.37440280058376474
0.633547562852854	0.1861858951587456	-0.7509675745644053
0.4951987684534792	-0.8433446388658996	0.2086815751768785
-0.5944709120935747	-0.5040879214383959	-0.6264979665845303
-0.33080502162561	0.81006035486535	-0.4841180219148047
0.09099961922789868	0.5379915571878129	0.8380239577094499
0.9393013930404115	0.2331679777972429	-0.2516854925542733
0.7609349896928642	0.496182028870106	-0.418068577732728
-0.27304752310512326	-0.3396214652743792	-0.9000568373447543
-0.5885770906068957	0.7990373298859256	-0.12294858218577809
-0.502905407260613	-0.8456032260429813	0.1790009370191668
0.8456032260429813	-0.5242250028246094	-0.10071410288157714
0.1790009370191668	0.10071410288157714	0.9786804044360035
0.7420305367019713	0.2529941762151231	0.620793548132562
0.6088900310597595	-0.6417547521066058	-0.46626576994739116
0.2804346852260424	0.7239784423239546	-0.6302472549502698
-0.3289558265131143	-0.8399960930136091	0.4315027554082896
0.8399960930136091	-0.4690617835436648	-0.27274091541370993
0.4315027554082896	0.27274091541370993	0.8598940429694494
0.3809102926937017	-0.44981238949823565	-0.8078218635156429
0.8737764461669589	-0.11058792777992732	0.47358740730004756
-0.3023608292154229	-0.886250034969381	0.35091139119859416
0.724873184060455	0.5795328287387657	0.3724252508143107
0.6668951288672801	-0.7258437744691768	-0.16852804561090784
0.1726550147639841	0.3705300466607032	-0.9126323084344894
0.9940413336115498	0.025115313825410112	-0.10607095777460797
-0.025115313825410112	-0.8941409121726485	-0.4470808094634748
-0.10607095777460797	0.4470808094634748	-0.8881822457841984
0.9978010221157635	0.02284507446252438	-0.06221915169414741
-0.02284507446252438	-0.7626636307079122	-0.6463917457457408
-0.06221915169414741	0.6463917457457408	-0.7604646528236758
0.7291235083497155	0.3823239931322361	-0.5676330450627627
-0.3823239931322361	-0.4603753362499501	-0.8011759569833383
-0.5676330450627627	0.8011759569833383	-0.18949884459966548
-0.16711900907454802	0.3478030391968049	0.9225531327416363
-0.5677516126351763	0.7310482386291027	-0.3784528757288592
-0.806057903103802	-0.5870276984289178	0.075293679158012
0.8914405521318061	0.31979716805527286	-0.3210350655594624
0.44548202079581484	-0.4888165645486451	0.7500694203675665
0.08294281863198227	-0.8116576479813934	-0.5782147968624585
-0.23384887013936995	0.6283964799963401	-0.7419114299313295
0.7973742265517757	0.5605811042218535	0.22347968234353016
0.5563353743610936	-0.5393205813962758	-0.632158415048701
0.11766123568561748	0.8795184502249148	0.46108906876101274
-0.05808250246283175	-0.45742435502922163	0.8873496392819216
0.9913537494379032	-0.13118786201499427	-0.0027364822941402522
0.05428514304363197	0.9691388475429796	0.24046417077768134
-0.6905914673110081	0.21037580386610666	-0.6919721428098955
-0.7212049282429797	-0.12849869777844003	0.6806992993585962
0.14158077696019045	0.9855533142662222	-0.09294917070213232
-0.5115172346492346	-0.007553747335539818	-0.8592398149282835
-0.8475287619025968	0.16919694335317115	0.5030580404961191
-0.38875054675845777	0.5300288644084039	-0.7536195427992416
0.33760524086023536	0.8430136745930842	0.4187489054227701
0.8572605868338417	-0.09163704132611075	-0.5066625493543944
0.9585826007320828	0.03726410304166156	-0.28236640061844615
-0.03726410304166156	-0.9664727047075787	-0.2540509745695096
-0.28236640061844615	0.2540509745695096	-0.9250553054396615
0.4724818253465547	-0.23411745892650868	0.8496763737700269
0.16421005515888284	0.9705760298485345	0.17611708624711384
-0.8659076062155272	0.05631328181922269	0.4970239750644272
0.6744052938599604	0.4175318923559769	0.6089701293818092
-0.7074375074621732	0.6015820058309006	0.3709868775255778
-0.21144661891212232	-0.6810038246046106	0.7010878106375296
-0.7040609428774764	-0.326114649342505	-0.6308307413234501
-0.13948683650766577	-0.8075067983786219	0.5731284262827933
-0.6963056880103468	0.49150992467754145	0.5230452970708322
0.06684045472723699	0.6694416265580665	-0.7398515136452358
-0.315294123482473	-0.6893426145190957	-0.6522241758056787
-0.9466371899039651	0.27686579499690445	0.16499503705098761
-0.8980630860562613	-0.43582085774899654	0.05952204141352946
0.43582085774899654	-0.8999296591117414	-0.013667062667403234
0.05952204141352946	0.013667062667403234	0.99813342694452
0.9012546537708351	0.20938499805923272	-0.37933886123642424
-0.20938499805923272	-0.5560086719376354	-0.8043707349959233
-0.37933886123642424	0.8043707349959233	-0.4572633257084706
-0.595560256979847	-0.43926019556395557	-0.6725759889404422
-0.17974082911678746	-0.7431614762922016	0.6445186223093986
-0.7829439409399043	0.5047390422270808	0.36364444804943863
-0.34088579683116516	0.9386114484796733	-0.052966237375057665
-0.8943488925335017	-0.34114237673310677	-0.2894165462114869
-0.2897187117582851	-0.051287694233377076	0.9557367003926046
0.6436802085318849	-0.5443946055188724	-0.5378757315833281
0.36050182147601345	-0.4042783621342998	0.8405935061743487
-0.6750660899918065	-0.7349785843083861	-0.06397073355226568
0.7593227973861615	-0.5125315309849725	0.40092433091027846
-0.5791916327677431	-0.8131668816335591	0.05741668003453847
0.29659052901515603	-0.275809811936691	-0.9143101255799131
-0.6924526416948709	-0.6262712203198325	-0.35818109610768456
-0.35792028881122695	-0.13286038228633323	0.9242516895716324
-0.6264203108672981	0.768200805400409	-0.13215565336027213
-0.8960459953145494	0.10101162501359208	0.43231727457143315
0.18939451587811662	-0.7937466871722665	0.5780103061004589
0.40153616479222926	0.5998023409550564	0.6921024925173886
0.5784424475676688	-0.26480227609940815	0.7715465568742418
0.26480227609940815	-0.8336638852207898	-0.4846486160623496
0.7715465568742418	0.4846486160623496	-0.41210633278845865
-0.4421042663082919	0.40921731708375525	0.798176048945833
-0.46831566630550675	-0.8642542621715534	0.18369814101164408
0.7649995126827446	-0.29258461633701444	0.5737333769949988
0.8016588173664522	0.1741997998539791	-0.5718370137280857
0.13282291519824613	0.8807789315219964	0.45451792812298397
0.5828389260652216	-0.4403213639125453	0.6829464713616544
-0.6309090755519768	-0.031113138233023113	-0.7752326818545789
0.5227935219917267	-0.7553426305627144	-0.3951511657810016
-0.5732719003663411	-0.6545910808160247	0.4928182678903781
0.915885789469251	-0.33304959584045873	0.22412315221501314
0.33304959584045873	0.3187074168513293	-0.8874139671846845
0.22412315221501314	0.8874139671846845	0.4028216273820783
0.5736907640181306	0.04664669301050289	-0.817742620456753
0.4965225137143489	-0.8138262924930277	0.3019141583659774
-0.6514171479590307	-0.5792329856614142	-0.4900457607884041
0.9262760991476362	0.34363144220470865	0.15469330973300155
0.36125102917143037	-0.9265499494766076	-0.10489463783948572
0.10728598263715883	0.15304451330644453	-0.9823782850187455
0.6887545092715225	0.29944409136063393	0.6602654482156012
0.7248351784978693	-0.2653132787042092	-0.635785205989558
-0.015204932426891249	0.9164835515667628	-0.3997833284886536
0.21872871195132515	0.7925034415894355	0.5692943400711222
-0.1682020006551289	0.6053100697538989	-0.7780152996118663
-0.9611793992505907	0.07441783740092384	0.2656993562898552
-0.3054863668367027	-0.27359481307612316	0.912043835533552
0.270146225032238	0.8935721897911041	0.3585383643806649
-0.9130712440865406	0.35591378153953557	-0.1990635158246854
-0.16887395080062673	-0.018568108350902203	-0.9854627410984427
0.07868100444795245	-0.9968857546571774	0.005300160436340844
-0.982492182299711	-0.07664213928289595	0.1698089933015694
0.6661243604913565	0.6049408645655124	-0.4362624058278591
-0.6049408645655124	0.09607712069030949	-0.790452868461232
-0.4362624058278591	0.790452868461232	0.4299527601989531
0.18496910704175873	0.3692162558129768	0.9107501226371703
0.8847073540138437	0.3409344008691243	-0.317894057915266
-0.4278777012114531	0.8645479111925825	-0.26358600505061824
-0.4669423993045947	0.17995675556869964	0.8657830916903235
-0.6252722149695513	-0.7595162889805784	-0.17935903646106335
0.6252994905793057	-0.6251004502464841	0.46717231744068866
0.17837916776487472	0.8075306438592625	0.5622055956104987
0.46150732085102775	0.4359599305166436	-0.7726253502085145
-0.8690177589142912	0.3972822651618974	-0.2949151343682024
0.2545514368723384	0.36134181457040265	0.8970148599823731
0.5309476299803242	0.7230429750022949	-0.4419315224309164
-0.80826863121397	0.5887622179987431	-0.007801951851660771
0.2804921598706307	0.7710608370579889	-0.5716549079703086
0.24723836300289614	-0.6335051852808755	-0.7331741758149231
-0.927468242103608	0.06431458448654698	-0.3683290568385367
0.950404321954025	0.2371168634120726	-0.2012640501846527
0.2962079775749523	-0.8873839615951731	0.35328535028304336
-0.09482857603099626	-0.3953799410557857	-0.9136094588929433
0.7504879803046605	-0.03166944586393072	0.6601248651709032
0.5668672997925512	-0.482644560967342	-0.6676194216726647
0.3397488128664077	0.8752435512286354	-0.3442665685025972
0.6088621273219587	0.3379698590238429	0.7176790956300615
0.02801592462216254	-0.9132996632705683	0.40632355707912426
0.7927811916793589	-0.22728858189814735	-0.5655421139563217
-0.7422582376314195	-0.20249776850058254	0.638785850203794
0.5279912082092296	0.41027111452351595	0.7435744055852044
-0.4126475405501133	0.8891975406735652	-0.19761007296700783
-0.7638422347562317	0.4215049448860173	-0.4887521067363717
-0.4215049448860173	-0.8992730670223925	-0.11679697070033625
-0.4887521067363717	0.11679697070033625	0.8645691677338391
0.040455594163474884	0.9565832415604976	-0.288637916543359
-0.9565832415604976	-0.046368784530974594	-0.2877471768527554
-0.288637916543359	0.2877471768527554	0.9131756213055504
-0.4528055983073478	-0.8891729569412524	0.06586761560793221
0.8891729569412524	-0.45579191856308543	-0.040313516553771286
0.06586761560793221	0.040313516553771286	0.9970136797442624
0.9917068121775077	-0.005990265853467271	0.12838113333247336
-0.12794906342711646	-0.1401355019369388	0.9818304732819235
0.012109329000784909	-0.9901142145287517	-0.1397397808044072
-0.47403534524684265	-0.8536373708114919	0.21585580976835017
-0.8799680802609777	0.4507231929120544	-0.1500159361300401
0.03076798951046429	-0.2610590786109658	-0.9648323627948421
0.1047431643166461	-0.05255080361452791	0.9931099045767307
-0.9835051402772561	0.14260187256975643	0.11127598567441888
-0.14746697453040314	-0.9883840948634625	-0.036747414110153365
0.8603043432341911	-0.3783727545359001	0.341629178550812
0.3783727545359001	0.024841750199101287	-0.9253199155275763
0.341629178550812	0.9253199155275763	0.16453740696491015
0.39211725125566677	0.4418020026142394	0.806879824852343
0.24931906505842383	0.7932564643153485	-0.5555035424012216
-0.885485214481921	0.41899304565584367	0.20089988209540188
-0.27716389540278197	-0.7115544178803934	0.6456550824395716
0.7115544178803934	-0.603567176125481	-0.35971790933842435
0.6456550824395716	0.35971790933842435	0.6735967192773009
-0.7746330029086839	-0.6170438949198539	0.1385660223388534
0.6227225768150894	-0.7824369358998375	-0.0030056055045530466
0.11027376446576286	0.08395994927231722	0.9903486374952708
-0.5910209022439317	0.769151292094288	-0.2431061146504891
-0.7515645225578007	-0.6345192169366858	-0.1803777474372065
-0.2929932790069329	0.076102911953111	0.9530809437025917
0.034736723779868806	0.8537554319042772	0.5195142178179362
-0.7358709194038405	-0.3298858038744594	0.5913284589615555
0.6762302492470944	-0.4028362184511749	0.6167946425733365
0.9907768290802615	-0.07025277631950827	0.11586985102719088
0.12881343661859349	0.22294059788551024	-0.9662839067070086
0.04205203329412113	0.9722972987897542	0.22993388019597671
-0.7606390593449126	0.022692898063919047	0.6487782778240558
0.1157030840287237	0.9881263373319875	0.10108975129612992
-0.6387808839853688	0.15195846093038676	-0.7542331260336816
0.8649994987484738	0.08281132617319957	-0.49489206037511346
-0.08281132617319957	-0.9492022942212108	-0.3035741901127718
-0.49489206037511346	0.3035741901127718	-0.8142017929696848
0.08093830838378979	0.880338719905066	0.4673892686742823
0.921584286065282	0.1125139744138216	-0.37151448052417907
-0.37964640642776437	0.4608083590794722	-0.802199639920743
-0.40143428486892874	0.9106512121055901	0.09780022915305975
0.8496438399428239	0.41014213322416004	-0.3314947598402552
-0.34198809946982756	-0.049977999609376406	-0.9383743066474382
-0.9647038924005469	0.17274587900162702	-0.198759304877003
0.2525522432161917	0.39312636830359693	-0.8841204799069493
-0.07459064575202269	-0.9031115766240514	-0.42287789695598477
0.5888041111688938	-0.805397597262217	-0.06815004765116991
0.7389002903325775	0.5021736059882489	0.44927500530876596
-0.3276218546083909	-0.3148910601668564	0.8907904021766015
-0.648691606469032	-0.3650197089355747	0.6678022250526087
0.18026369043568263	0.7788089199377561	0.6008008556384504
-0.739394483078644	0.5101149657812188	-0.43940700959234924
-0.7948913220740395	0.43490585364767903	-0.4230894521899239
0.47170430107086786	0.004360059286696805	-0.8817460191201665
-0.3816318100507744	-0.9004653732076544	-0.20861273501723154
-0.9728953710154142	0.19467431734372598	-0.1248058781609788
-0.14443370789675847	-0.09007014003147296	0.9854066540763282
0.18059208476556401	0.976723748068749	0.11574635578955506
-0.5775028485820741	0.6890853995896329	-0.43778050659204304
0.5182103909558629	0.7237717269286638	0.4556451228797161
0.6308315548424648	0.03627394893164698	-0.775071448347791
0.9318100126767247	-0.35382988132074417	-0.08083634924927152
0.36282127357195965	0.9022432913688873	0.23306172277630313
-0.009530147901439898	-0.24649839404017473	0.9690963409365404
0.9978512219492816	0.0012878576055646504	0.06550786423868048
-0.0610101750088763	0.3828004403848372	0.9218142879054115
-0.023889273737639865	-0.9238301598583815	0.3820564596186349
-0.393989937289555	-0.22022337563358674	0.8923416353275917
0.22022337563358674	-0.9652089775699881	-0.14097267268107827
0.8923416353275917	0.14097267268107827	0.428780959719567
-0.3397925509290354	-0.43935414034023046	0.8315701784570176
-0.7957788261753772	-0.3369481765015041	-0.5031917985850425
0.5012754553577082	-0.8327267653427552	-0.23513624165090752
0.4382658395064428	0.339182449155672	0.8323931283392919
0.29451964932084296	0.8207553624652546	-0.4895087447109155
-0.8492238986778696	0.4596910932020421	0.2598131419791364
0.5423702902565133	-0.3679601103002419	0.7552746688952962
0.3679601103002419	-0.7041393076335485	-0.6072834533174609
0.7552746688952962	0.6072834533174609	-0.24650959789006177
0.043479589358154214	0.9978055162331672	0.049936730809184704
-0.5919272966411757	0.06599500580786155	-0.8032849648160296
-0.8048177438403777	0.005367586336801511	0.5934977575497662
-0.9962699070903864	0.08266313585123489	-0.024760415936586327
0.02394372401052596	-0.010856664653237091	-0.9996543557215737
-0.08290337934378932	-0.996518408662804	0.008836904974725557
-0.5800439630580587	0.3340721840444268	-0.7429298599246689
-0.13092905079804745	0.861941282738413	0.48981099290275376
0.8039941446161308	0.3813830108421792	-0.4562240836079685
-0.8286749463409655	-0.0021766609939157244	0.5597259110079819
0.5519093332981517	-0.16975865323444883	0.8164423356676304
0.09324119864731084	0.9854832630739822	0.14187606237793982
-0.9341404512372877	0.2593813821103337	-0.24515896062907638
-0.01681233168812621	0.6541593221627788	0.7561699059938461
0.35650941483417287	0.7104905909595615	-0.606715878556453
-0.5818448093696711	0.5295434670529333	-0.6172846461002653
0.1700693571776783	-0.6629883883431855	-0.7290561094122157
-0.795319452521276	-0.5291787159586676	0.29569723539051496
0.29744750364546	0.7294159422481902	0.6160173421010717
-0.10970644077090808	-0.6148348836070405	0.7809881962957546
0.9484141919164133	-0.29988405941980617	-0.1028594744174538
-0.24277832741816696	-0.22354515512557466	0.9439736475961179
-0.8157813438162516	0.5736106454315244	-0.07397044361757293
-0.5249375989747617	-0.7880345113429441	-0.32162420013907456
0.9982321785125295	-0.04906371494974776	0.03354503923770701
0.04906371494974776	0.36170317067169055	-0.9310013792693198
0.03354503923770701	0.9310013792693198	0.363470992159161
0.9995836174823827	0.007672522216197122	-0.027815895881235207
-0.006803892656426266	0.999490344253256	0.031189081250138237
0.028041018268842966	-0.030986838292246875	0.9991263769649446
0.9520945653310288	0.07669648476184382	-0.29602970778672827
-0.07669648476184382	-0.8772091138412363	-0.47394284446444496
-0.29602970778672827	0.47394284446444496	-0.829303679172265
0.8572436816034732	0.5149068567267949	-0.0020492063475743127
-0.5149068567267949	0.8572142661162843	-0.007391269339709706
-0.0020492063475743127	0.007391269339709706	0.9999705845128111
