0.07898327880898104	0.9890079699561379	-0.12499950812631876
-0.9890079699561379	0.06201846517170395	-0.13422721535137724
-0.12499950812631876	0.13422721535137724	0.9830351863627229
0.7768953198279164	0.25839838247108043	0.5741636856905953
0.21611896610742892	0.7470642022724507	-0.628639539141218
-0.5913765758957109	0.6124747779454728	0.5245458910929609
0.9896477838335808	0.1412568466089034	-0.025372568639987395
-0.1412568466089034	0.9274613660615929	-0.3462107995849823
-0.025372568639987395	0.3462107995849823	0.937813582228012
-0.6082988810137113	0.38839054181571736	-0.6921887447694886
0.7337300601543155	-0.057398640711417315	-0.6770122560710596
-0.30267585001683095	-0.9197054871384507	-0.2500582866933503
0.7397985802648733	0.6655999458592071	-0.09836042247925897
-0.6655999458592071	0.702616720457395	-0.2516077427384051
-0.09836042247925897	0.2516077427384051	0.9628181401925217
0.22878592985818125	-0.8168235291744557	0.5295812690096906
-0.9487348679268539	-0.0652198185822832	0.3092709582937088
-0.21808060133524573	-0.5731890590818014	-0.7898703399104035
0.9473592952037495	-0.11602280905540062	0.2984109139591731
-0.1987410525231434	-0.9438320787175472	0.2639753799612907
0.2510226281295137	-0.3093860290359096	-0.9172065880729074
-0.9930952187547752	-0.11391160065970228	0.028036292935232368
0.11391160065970228	-0.9934895971638718	-0.0016023614801564383
0.028036292935232368	0.0016023614801564383	0.9996056215909036
-0.985979357736765	0.06408304162788708	0.15407163883308772
0.07439923312419303	0.9952902453650716	0.062145648211821655
-0.14936351705663237	0.07273713808539627	-0.9861033660401013
-0.8901454199619243	-0.4548103585845702	-0.028083252037189615
-0.22026310745622857	0.37550548640675174	0.9002665123018598
-0.3989051200655809	0.8075538170317837	-0.4344324317806638
0.8930949987074234	-0.4467222095053876	0.053109234775245096
0.03550568714117802	0.1876811602268389	0.9815880644529764
-0.448464791777928	-0.8747657112796159	0.18347828455991044
0.19448232856551018	-0.3719878345149985	-0.9076352102296268
0.6825242823772866	0.7158947592017308	-0.1471573909556224
0.70451204946481	-0.5908635584636591	0.393119609582828
-0.4442960075477167	0.8632592303860129	0.23955074374860147
0.8012861500224475	0.26332518447508213	0.5372153692918397
0.4006763824576676	0.4306313369629673	-0.8087119933363944
-0.8397066580812429	-0.4893902805754814	0.23535055056719556
0.5230010688316978	-0.8454702327690904	0.10793501518173691
0.14615953740667137	0.21372234038497634	0.9658986234825248
-0.011253223804095658	0.5120145513414345	0.8589030586560074
0.5934528294985109	0.6947440219250727	-0.40637972779112086
-0.8047900994136461	0.505145368398052	-0.31167459420326526
0.7334920812436374	0.6676040719447053	0.12764861877719585
-0.6791602203127948	0.7124018158827771	0.17670610592618996
0.02703260804201415	-0.21630639345560404	0.9759512191972898
0.9782297610141752	-0.05278083255373446	0.20070056896053942
0.05278083255373446	-0.87203556713919	-0.4865882791017118
0.20070056896053942	0.4865882791017118	-0.8502653281533652
0.11229999460709339	0.8692646661043878	0.4814225290466515
0.9226069548919594	-0.27114354581216804	0.2743676080542138
0.36903267876467627	0.41335229263526774	-0.8324390453221997
0.9209432967780496	-0.05321921032559218	-0.3860455410594681
-0.0074176134807909695	-0.9928454712173163	0.11917570764847644
-0.3896260041755769	-0.10689053248808299	-0.9147491409859796
0.865722956691736	-0.3587259090615923	0.34905513092469026
0.3587259090615923	-0.041650942993722406	-0.9325132283864221
0.34905513092469026	0.9325132283864221	0.09262610031454144
0.2076075903173591	0.9769090027914382	-0.050476615453665274
-0.6648006891203475	0.10305063430999217	-0.7398787809590293
-0.7175925948529085	0.1871613395799086	0.6708438721333927
-0.5036079557790734	-0.8435256459143772	0.18666416785434642
0.3523401865824005	-0.0032584814014009478	0.9358663233699756
-0.7888190031909108	0.5370790137248795	0.2988489806260154
-0.2930848821638625	-0.17446714786502993	0.9400332260951401
0.8664676569148417	-0.4640816161177417	0.18401644791172633
0.40414731394319436	0.8684408257891765	0.287185446593511
0.16103624654234627	0.638738244002779	-0.7523834015631917
0.7501645662116446	-0.5745984041689849	-0.3272457754149787
-0.6413426938073338	-0.5117129366888257	-0.5716899680117278
-0.21544453164199617	-0.9120052148522886	-0.349041748029934
0.43153385497383434	-0.4095586266292701	0.8037662989731331
-0.8759921151454406	0.022543722757724094	0.4817982926155303
0.9460262451269088	-0.007869464789950972	-0.32399446763023826
0.18629640013567922	0.8312366631426651	0.5237740554322392
0.2651942586625296	-0.5558630059388439	0.787837752206039
-0.07935306731974823	-0.02568275658096869	0.9965156730936802
-0.8467725585502075	0.5292286252659218	-0.053789369632649686
-0.5260031604403941	-0.8480904776104642	-0.06374336822895366
0.9999999628867834	-0.0002619662631870166	7.483387516004119e-05
0.0002619662631870166	0.84910738667855	-0.5282201977031931
7.483387516004119e-05	0.5282201977031931	0.8491074237917666
-0.9607671090144367	0.26206560476184537	-0.09081949700834867
-0.26206560476184537	-0.9649737182537133	-0.012138446375522234
-0.09081949700834867	0.012138446375522234	0.9957933907607236
0.206835480139257	0.2438881918993978	0.9474901762063845
-0.15557926186774723	-0.9479102704953395	0.2779590120254056
0.9659265900844898	-0.2049016079524394	-0.15811753105286885
-0.3353009808704914	0.8413366981034007	0.42394081267525263
-0.24267060262266243	-0.5119350166088887	0.8240349005912374
0.910320949363487	0.17342173795151505	0.37581999674822497
0.6368651566529394	0.18823038029740438	-0.747644364771461
0.49199532268147683	-0.8458401432474145	0.20614328640715726
-0.5935851874002387	-0.49912300688736866	-0.631294582025488
-0.3282555285714144	0.8119338806839534	-0.4827128352963049
0.08902644068691812	0.5353476666033155	0.8399268829612516
0.9403842835888532	0.23273643732746535	-0.24801441474075392
0.7634158380863918	0.5000138643299764	-0.4088794365539259
-0.26666334569399996	-0.3325772254653345	-0.9045899895339667
-0.5882915248600257	0.799611483521581	-0.1205593513514478
-0.9910941710449412	-0.07011945990107207	0.11320603104041416
-0.08908182326407582	-0.2827736534799947	-0.9550410931795156
0.09897864863034467	-0.9566202602081758	0.27400895035482475
0.7442561366209205	0.24952918790500286	0.6195304572703199
0.6096512266963714	-0.6326520856792663	-0.47757378516129223
0.27277863715788175	0.7331347235461871	-0.6229809726156528
-0.3258095334718827	-0.8402292832643538	0.4334315395121869
0.8402292832643538	-0.46750628153489426	-0.2746864180670139
0.4334315395121869	0.2746864180670139	0.8583032519369883
0.3833131415034988	-0.45594645808874057	-0.8032333801001121
0.8742348862597885	-0.10145329010548543	0.47478478658557177
-0.2979671109318163	-0.8842058907760707	0.359715920581564
0.7215699673388237	0.586032327646598	0.36865009587379666
0.6703881910496003	-0.724429448340739	-0.1605666455960815
0.17296374052353697	0.3629987401215653	-0.9155956854060987
0.9947988670249907	0.023686380456457323	-0.09906649053371615
-0.023686380456457323	-0.8921303066420754	-0.4511568145906561
-0.09906649053371615	0.4511568145906561	-0.8869291736670661
0.9980616334444289	0.021551737459892445	-0.05838234714961735
-0.021551737459892445	-0.7603769079665799	-0.6491243951999052
-0.05838234714961735	0.6491243951999052	-0.7584385414110086
0.7315564619549706	0.3815466770727385	-0.565019713095638
-0.3815466770727385	-0.4576965128479682	-0.8030790965661858
-0.565019713095638	0.8030790965661858	-0.1892529748029388
-0.16294083801794423	0.35040502528549583	0.92231589033296
-0.5655583664494073	0.7328130335141347	-0.3783236604428669
-0.8084516172567706	-0.5832678425616166	0.07876932390486335
0.8902336585538928	0.31913462470883136	-0.3250186525258272
0.448553696528054	-0.49002366325655067	0.7474465805525161
0.07926925323711277	-0.8111904220098902	-0.5793845741220993
-0.23096490120826596	0.6273723231390083	-0.7436794891410007
0.7959110143569865	0.5614614518453664	0.2264656603481556
0.5596256531245586	-0.5395970776893227	-0.6290104308467819
0.11408215452464643	0.880598762841753	0.4599250818346277
-0.0670038654411399	-0.4550733999682737	0.8879294356294657
0.991209233227254	-0.1321136613787156	0.0070877670778460855
0.062251338571811865	0.968701805767475	0.24029478219231226
-0.6846459579660746	0.21663077727186808	-0.6959389474510694
-0.7262125605404617	-0.12119372030521791	0.6767033316541651
0.14646978536154842	0.9837403136034499	-0.10393073350808057
-0.5129974546752512	-0.01429454245753381	-0.8582710979362193
-0.8458015213233276	0.17902698524891558	0.5025625583744068
-0.39662573963131553	0.5259962706911482	-0.7523403125454041
0.34399090882416	0.8450052061971104	0.40943431237025973
0.8510924023325789	-0.09640604088325277	-0.5160887500934082
0.9650286606047718	0.03409541945310121	-0.25991765346678053
-0.03409541945310121	-0.9667585615024645	-0.2534075494810724
-0.25991765346678053	0.2534075494810724	-0.9317872221072363
0.4688296338260115	-0.23235433199312105	0.8521796986848481
0.1778773641268176	0.9698511235732632	0.1665786343892112
-0.8651927055736562	0.07348647840051553	0.49602552324898264
0.12092575610798617	-0.8586613055656775	0.49807401441347854
0.04385767052341222	0.5058876708256776	0.8614837022502693
-0.9916922235481993	-0.08233120204890138	0.09883373373100546
-0.7018990161116245	-0.3276749059590771	-0.6324293851381694
-0.1415341102114923	-0.8060305893896911	0.5747023443616253
-0.6980729666934354	0.49289334036160093	0.5193749013949449
0.06265908721733826	0.6715566189594593	-0.7382990900176092
-0.32208295124143	-0.6865662026428396	-0.6518354254780898
-0.9446355971001203	0.2786369625881163	0.1732773261883045
-0.8986439560994652	-0.4350904076562551	0.05599444018307334
0.4350904076562551	-0.9002953332949333	-0.012831602116590244
0.05599444018307334	0.012831602116590244	0.998348622804532
0.9022640951767201	0.20922937521777066	-0.37701799837794986
-0.20922937521777066	-0.5520895669490811	-0.8071060516511801
-0.37701799837794986	0.8071060516511801	-0.4543536621258013
-0.5923776654568689	-0.434860383730214	-0.6782220492802349
-0.1864840387208198	-0.7449503641280564	0.6405252987102448
-0.7837808397570345	0.5059104680153272	0.36019743694572637
-0.3420508219263996	0.9375316624497086	-0.06352650725295893
-0.8914877156583624	-0.3451379443074054	-0.29347819719613444
-0.29707051023235104	-0.04375135773372098	0.9538526776430135
0.6446519850567995	-0.5469984505176531	-0.5340566573816066
0.35815185453845577	-0.40108475696297385	0.8431241111619435
-0.6753895670300163	-0.7347950141796277	-0.06265157526964593
0.7606813835432751	-0.5181824123637085	0.3909614050614413
-0.5824686208690805	-0.8107274097187449	0.05874838579574354
0.2865207469513511	-0.27241155380721593	-0.9185302427894131
-0.692927447518461	-0.6252281712945378	-0.3590839543828693
-0.34973099728146584	-0.14405741995340327	0.92570820958706
-0.6305075590475198	0.7670314162901394	-0.11884033157089924
-0.8960393395324822	0.0997466779028108	0.4326246667234156
0.19067757676925054	-0.7935316378200381	0.5778837266233187
0.40094334229115225	0.6002983758315533	0.6920161098171047
0.5752660142388425	-0.26564130610807574	0.7736302148642796
0.26564130610807574	-0.8338600020802533	-0.48385141667656145
0.7736302148642796	0.48385141667656145	-0.40912601631909595
-0.4425315788798223	0.40468385884778657	0.8002479466279167
-0.4676961311208294	-0.8655583341704167	0.17907847185728956
0.7651314466343284	-0.29502498968087243	0.5723059713431804
0.8064958571400355	0.1710603950114051	-0.5659529783246144
0.1330173762851122	0.8801938958403215	0.45559311159373567
0.5760822944876751	-0.4427155373193709	0.6871187255444552
-0.6264652494379674	-0.029284856272699056	-0.7788990232627799
0.5267240319338433	-0.7525028517302816	-0.39534953183372995
-0.5745459819979433	-0.6579375770777052	0.4868419242825519
0.9240243644359877	-0.3173875670986238	0.21317623268058192
0.3173875670986238	0.32588384422148764	-0.8905418869018132
0.21317623268058192	0.8905418869018132	0.40185947978549996
0.5689614126714704	0.04187969054346044	-0.8212971462332428
0.48957444620617674	-0.8196915062273897	0.2973595403557582
-0.660756969325939	-0.5712721996900044	-0.4868760636430416
0.9277993542437706	0.3390909060432047	0.15558186174371633
0.35649649722438237	-0.9287399157740988	-0.10174682459254367
0.10999366223373194	0.14986502689659922	-0.9825690143606673
0.6870546601705186	0.3005378479447952	0.6615382799889091
0.7265482501050883	-0.2727040787224393	-0.6306822700198412
-0.009139704984698682	0.9139526724075252	-0.4057178556484
0.21156228424516632	0.7943657090858469	0.5694071654918886
-0.16440775334186142	0.6032172904548214	-0.7804479426184845
-0.9634373308763	0.07149839665952817	0.25821790942742084
-0.3112723307362355	-0.2610180217593421	0.913771923641163
0.277469381055081	0.8946801181132791	0.35008317415968354
-0.9089115901422657	0.3625149356504483	-0.20606465668670437
-0.16768695453043292	-0.03625809575250853	-0.9851733024055768
0.0748069601029595	-0.9969102141808288	0.023957119653411938
-0.9829979674447259	-0.06968052349355301	0.16988119567863236
0.6691307155142889	0.6029202102057388	-0.4344551825917186
-0.6029202102057388	0.09865979382027179	-0.7916776270735515
-0.4344551825917186	0.7916776270735515	0.42952907830598297
0.17806223659757037	0.38261927931413875	0.9065849805699406
0.8815021431740042	0.3474254850038855	-0.31976476345815874
-0.4373188899161664	0.8560946323082185	-0.2754163558243188
-0.4655322523619545	0.19240939347462582	0.8638624585624339
-0.6310480582028442	-0.7565339594700584	-0.1715654872256554
0.62053047487551	-0.6250079947258942	0.4736105322725529
0.17434639372346816	0.8113406037806339	0.5579693178414903
0.45367801774624833	0.4367349855480317	-0.7768132392101691
-0.8739448444893169	0.38857300093449265	-0.2919442270970718
0.2590947293141801	0.3664573526600725	0.8936324355813093
0.5263937433969154	0.7221648711724376	-0.4487622151619708
-0.8098021660592135	0.5866744476503709	-0.005791745845426632
0.281359982009148	0.7696119521636664	-0.5731788583074593
0.2470985905961796	-0.6352724448386604	-0.7316906500387257
-0.9272426042030173	0.06423678008385708	-0.36891027233632934
0.9496011690852934	0.23433495426358042	-0.20819401740234958
0.29700192254474955	-0.8850106880325856	0.35853303902543243
-0.10023710728351429	-0.40229741644506656	-0.9100051159444424
0.7534102904497462	-0.03547619259594714	0.6565930048388608
0.562193549992998	-0.4831501483647873	-0.6711962056517861
0.3410444935645487	0.8748184805398086	-0.3440658069546014
0.6083026799252018	0.3353792979258797	0.7193667883066062
0.03759235041681938	-0.9174970447842874	0.3959621042501905
0.7928143949159581	-0.21382212077996918	-0.5707236072559116
-0.7389487371169019	-0.20585653283603858	0.6415433358722237
0.5262857403835012	0.41817407813398955	0.7403740675130228
-0.4206876316013176	0.8847335916904664	-0.20066984913574126
-0.7614564876097507	0.4263342858088133	-0.48828587346032243
-0.4263342858088133	-0.8968121412395738	-0.11818231707484544
-0.48828587346032243	0.11818231707484544	0.864644346370177
0.04031692316252722	0.9590960382330945	-0.2801951733208292
-0.9590960382330945	-0.04149064127948443	-0.2800237777971717
-0.2801951733208292	0.2800237777971717	0.9181924355579885
-0.45031756784248644	-0.8906520892790257	0.06287244193869379
0.8906520892790257	-0.45304313915388894	-0.038610489876416874
0.06287244193869379	0.038610489876416874	0.9972744286885976
0.9907568571064221	-0.0022055476062962515	0.13563180178837514
-0.13451967879081073	-0.14476739753495282	0.9802789687782626
0.017473011034788183	-0.9894632566046669	-0.14372598134876258
-0.47401805890753224	-0.8517518888082709	0.22321648626631146
-0.880036496406686	0.44992689076220893	-0.15199196676566934
0.029028345143675957	-0.2684855915698166	-0.9628462194440113
0.1069855738882961	-0.05864703452671799	0.9925294012375725
-0.982576371469474	0.14635419187725818	0.11456057240533124
-0.15197947627780017	-0.9874922662285396	-0.04196740317376135
0.8549015575222771	-0.3873511495611546	0.3451121757916355
0.3873511495611546	0.034062878306801214	-0.9213027771884269
0.3451121757916355	0.9213027771884269	0.17916132078452407
0.3788952205440528	0.4407885983985076	0.8137222028252349
0.25737988890479346	0.7944006215143833	-0.5501665614383682
-0.8889285711665644	0.41789121079467645	0.18754447820271736
-0.2680922148077167	-0.7177511407741677	0.6426195330651522
0.7177511407741677	-0.5937466581160784	-0.3637282033240894
0.6426195330651522	0.3637282033240894	0.6743455566916384
-0.7723057225979104	-0.6201861473826197	0.1375245921180031
0.6250639762897084	-0.7805141864505087	-0.009624463330446816
0.11330885396745637	0.0785286402798615	0.9904515920873558
-0.5866500456005637	0.7747157125523453	-0.23591797032309458
-0.7543892903979194	-0.6287207295670387	-0.18869828495673815
-0.2945140447071759	0.06727413274953811	0.9532762813230051
0.03438752941029122	0.8581259815386431	0.5122863433953684
-0.7394746575714273	-0.322973826235035	0.5906480664293435
0.672305532202939	-0.39913369611627925	0.6234561444030211
0.9902070590977913	-0.06432170807866056	0.1239060046274873
0.13511702334770387	0.21828380077849485	-0.9664861987216116
0.0351193695068601	0.9737632670149035	0.22483711814979013
-0.76375930348574	0.028685399559641063	0.6448634539118197
0.11041884545303729	0.9900932921624923	0.08673494903241653
-0.6359869534100493	0.13744970231667064	-0.759360371908663
0.8696822865165545	0.07557776244612142	-0.4877916792473762
-0.07557776244612142	-0.9561686740529869	-0.2828948012661076
-0.4877916792473762	0.2828948012661076	-0.8258509605695414
0.0862164686129927	0.8836963189928853	0.460051667031356
0.9247159032073444	0.10086782348768863	-0.36705065119174174
-0.37076571968741934	0.4570629037487962	-0.8084715722407241
-0.408935170172225	0.9083564074967979	0.08752521668481869
0.8488600941443415	0.41384125717123865	-0.32889505078700765
-0.33497547248339354	-0.060200089887308544	-0.9403017505099556
-0.9629798916208907	0.1770331182026077	-0.20329535998954767
0.25762481937696724	0.3823419766904277	-0.8873804512729823
-0.07936737853049747	-0.9069034611908361	-0.4137957603761533
0.5928852246112527	-0.8031184615198366	-0.05905799864264921
0.7348491300407225	0.5095733367646768	0.44758437253428157
-0.32936889123907515	-0.30876488016697107	0.8922894049911263
-0.6458449326785551	-0.36256666328636883	0.6718852116298001
0.17463070839211975	0.7865579793241525	0.5923095988146507
-0.7432283892720318	0.49987194343641145	-0.444679211955322
-0.7942470875209215	0.43497595654834764	-0.4242257431950403
0.4727368309377181	0.003779548003715716	-0.8811955536042221
-0.38169549727432933	-0.9004341354267608	-0.20863105022686557
-0.9733931547035946	0.19108191605442154	-0.1264652827188336
-0.14587122765178878	-0.09110846486996493	0.985099402381505
0.17671262354326453	0.9773366610262859	0.1165577097168915
-0.5743982872705788	0.6932155643456634	-0.43533755745346575
0.5207900245679424	0.7197833004009475	0.45900953233505026
0.6315412558900235	0.03693483197258371	-0.7744620457427269
0.9325321879744431	-0.35029177791988575	-0.0876321214699452
0.3610554126064851	0.9013716012854358	0.23909877754536937
-0.00476523023143436	-0.2546073579413107	0.9670327739342586
0.9977654886707389	0.011973387524589783	0.06573178537684546
-0.06532644735230062	0.3812281368165332	0.9221700293198223
-0.014017306944230486	-0.9244034539585952	0.3811584570955373
-0.39550418588648806	-0.21332492077684573	0.8933470306223775
0.21332492077684573	-0.9673899066124703	-0.1365622450015714
0.8933470306223775	0.1365622450015714	0.4281142792740179
-0.3413473189118763	-0.4522811367611709	0.8239683132267266
-0.7973193866669798	-0.3249000475247876	-0.5086469844237573
0.49775878045160105	-0.8305911945406199	-0.24970875842653406
0.4392952741936941	0.3262089817278746	0.8370229162401412
0.3022979225448279	0.8237243049580949	-0.47968138951431577
-0.845952497541185	0.4637520562341117	0.2632458969147762
0.544419403575148	-0.36798191413289993	0.753788315034113
0.36798191413289993	-0.7027733617464351	-0.6088504848406558
0.753788315034113	0.6088504848406558	-0.24719276532158307
0.039169522221586095	0.9980519638766929	0.048559509169769755
-0.5973313331141388	0.06234524398016128	-0.7995676012903098
-0.8010374691667166	0.0023125645786541416	0.5986097435191405
-0.9960367443531664	0.08710609551182091	-0.017981435510861524
0.017368003083468232	-0.0077951791695412	-0.9998187774044892
-0.08723047843064016	-0.9961685416165281	0.006251425946240952
-0.5704681454958189	0.33581526052167365	-0.7495293228255463
-0.13340802370825397	0.862585141611542	0.488005299849555
0.8104124839764127	0.37838470406684854	-0.44727689583011565
-0.8306413823093977	0.0018176344158818414	0.556804804397613
0.5485466479481012	-0.16894665258131925	0.81887337458637
0.09555872027207038	0.985623520816492	0.13933702377066504
-0.9313150504025902	0.2660672059640603	-0.24871774927435253
-0.013656842925692497	0.6568969007909391	0.7538567187288061
0.3639584695194279	0.7054748072339208	-0.6081443322298898
-0.5795330417106059	0.5287425832414612	-0.620139286154973
0.16820113218585014	-0.6669654928854294	-0.7258549513721695
-0.797401926695096	-0.5249650578536087	0.2975934396718215
0.300232568934496	0.7234454846227154	0.6216808146709997
-0.1066408514404133	-0.6222053728193151	0.7755567051085569
0.947886139446641	-0.2991439533298007	-0.10965747503550016
-0.24602482062786812	-0.2212954937933217	0.9436631242460389
-0.8123355678716709	0.5781911916556866	-0.07619626672211022
-0.5287558158598684	-0.7853172927667816	-0.3220155848337434
0.9977438096585589	-0.055381084341839464	0.03795030678594697
0.055381084341839464	0.3593997131105868	-0.9315389319363684
0.03795030678594697	0.9315389319363684	0.3616559034520279
0.999903162897485	0.0018457074462660777	-0.01379341116722755
-0.0016629394949572033	0.9999108304510584	0.01325012373190189
0.01381663706701132	-0.013225903020111564	0.9998170712832728
0.9564785086426569	0.07086707778293466	-0.2830666348957898
-0.07086707778293466	-0.8846054545268895	-0.4609241229397553
-0.2830666348957898	0.4609241229397553	-0.8410839631695464
0.8623691340404525	0.5062792288094202	-0.0009050582627420306
-0.5062792288094202	0.8623631823925191	-0.0033292837045965145
-0.0009050582627420306	0.0033292837045965145	0.9999940483520666
