-0.14500133377915558	-0.7091388762252955	0.6899975850886664
0.8586563438927619	0.256308897262962	0.4438637541820232
-0.49161356398596356	0.6568316400796856	0.5717414628092399
0.7774246289039622	0.21755384303425582	0.590153600136916
0.2568010283448208	0.746722743244538	-0.6135620397012793
-0.5741638949068281	0.6285502924208834	0.524652600949469
0.9501306585077349	-0.08630702982057684	0.2996712004300848
0.18594638816295486	0.9282216972218409	-0.322224179005482
-0.2503510984453828	0.36187784874202406	0.8979803728907637
-0.6094555217672322	0.38266260319992007	0.6943581922175988
0.7333787157631109	-0.060619234003515876	0.6771122268387106
0.30119698911689247	0.9218973047910966	-0.24369188161658384
0.5926022047000512	-0.5352813603467016	0.6019107012257078
0.6869993427507709	0.7260078166530843	-0.030733584539236303
-0.42054075907651034	0.4317250460930037	0.7979717755230108
0.2282450598032465	0.8162263361348604	0.5307341715729962
0.9487305655472819	-0.06403074710255074	-0.30953251432090984
-0.21866528456009526	0.5741729979939421	-0.7889935751974801
0.9473964327608317	0.11595433210300199	0.2983196139354527
0.1990133978257727	-0.9433939778576217	-0.2653327534018634
0.25066644505775315	0.310744904074902	-0.9168445549347983
-0.9950164258224987	-0.07461531522311483	0.06614277796990112
0.09588126749568264	-0.5339055985640702	0.8400902298951962
-0.02736959785677864	0.8422454313061589	0.5383990514080246
-0.9861472354876157	0.06320221291392865	0.15335941517531754
0.07321198255150622	0.9954784284073473	0.060520279134482324
-0.14884097403272706	0.07090965278733313	-0.986315459470533
-0.8892397592332815	0.2213104049271351	0.4003427971997543
0.45649956763439853	0.3731968209092542	0.8076708968465024
0.029339314040095182	0.9009693876787456	-0.43288955533420226
0.8917318807382176	-0.036308253141900726	0.451105268899472
0.4493297802583959	0.18998638422267122	-0.8729306515313443
-0.05400927187088214	0.9811151229920877	0.18573129512335262
0.19582914326024392	-0.37071203070342773	0.9078675767653009
0.6816452871507157	0.7170192828941775	0.14574995870715618
-0.7049898220224015	0.5903015655151698	0.39310738048930427
-0.44623218949242416	0.8001960176558641	0.40070333962732846
0.8618177379078839	0.2635956655720053	0.4333445646584134
0.24113693140648546	0.5387055396219237	-0.8072479928079828
-0.8396448058294668	-0.49160365283019614	0.2309165402642372
0.5239201784449161	-0.8451807881047766	0.10572171979700307
0.1431930398512592	0.20975052787203374	0.9672127322339997
-0.00877094551043367	0.5104540800468219	0.8598602809052212
0.5916825844695667	0.6958560075104798	-0.4070579025728271
-0.8061233092711482	0.5051940706056712	-0.3081301044601208
0.7341893612980781	-0.6672218081646821	0.12562261128543772
0.6782673057346187	0.712529160099108	-0.17959860238866254
0.03032233052094356	0.2170650932736808	0.9756860671106597
-0.21206840777961267	0.9209512834879139	0.3269185278686177
0.9624612940589319	0.2548117650931717	-0.09348380506006747
-0.16939671738326678	0.2948214676920025	-0.9404174893778334
0.11050594855105045	0.8694618168361755	0.4814816553086621
0.9224760951200527	-0.2700298849888836	0.27590164034479703
0.3699003774895237	0.41366654478798126	-0.8318976502288491
0.9218631511985318	0.005999445596823735	0.3874691434357627
0.052419171858565254	-0.9926206340085675	-0.10934581547590862
0.3839538525447754	0.12111268964464462	-0.9153748715816186
0.8142692819473792	-0.13345017568962705	0.564939454353568
0.568245712740575	-0.015565820170115652	-0.8227116841241456
0.1185847647417469	0.9909332751759018	0.06315772098726491
0.20967174342309758	-0.6672862750024373	0.7146794996383277
0.9765145842417962	0.10585322902169114	-0.18765489780113198
0.04956840498735687	0.737240884039303	0.6738092104802045
-0.5019045967408338	-0.355146035722156	0.7886463523539928
0.8431859828626681	0.0022274144227791837	0.5376173703749771
-0.19268932008374862	0.9348081792195799	0.2983362096525267
-0.2900160668529981	-0.17293616964073427	0.9412671045973658
0.867390031020536	-0.4630850337993331	0.18217240613568236
0.4043825108153304	0.8692786277719369	0.28430520967021944
0.16177822020617982	0.638050649536598	0.7528075292482443
0.7503133796261757	-0.5750352126970792	0.3261354573062718
0.640981778072409	0.5120799476491442	-0.5717661124924969
-0.21223292394327187	-0.4311515931551577	0.8769637904236749
0.9125046162173029	-0.40857916536031813	0.01995973485743252
0.34970346205978914	0.804469619906952	0.4801417699702475
0.9457718815666173	-0.007884464408267247	0.3247358669117644
0.1865546430421166	0.8315794022207683	-0.5231377093668339
-0.26591899743600284	0.5553499194410172	0.7879552993536415
-0.07969791033053508	0.025535024709931464	0.9964919495921725
0.8453918567407006	0.531410445456345	0.05399580554450295
-0.5281674465976265	0.8467295323613981	-0.06393940398213793
0.9223200937178359	0.09958786960420425	0.3733736746906757
0.11255223695349768	0.8550961494964766	-0.5061052944527087
-0.36967233962130064	0.5088151249166983	0.7774635232439645
-0.9604264623944663	-0.2572884413581912	0.1066942748038721
0.26481408883912383	-0.9622102894040272	0.06344176319526162
0.08633949666726222	0.08918529536023104	0.9922658284989724
0.20715381193842664	-0.1531101601286855	0.9662528535868585
0.24448576077430018	-0.9482359817705976	-0.20267026336925212
0.9472665997373656	0.278218981633027	-0.15899744425961893
-0.33462710494944226	-0.2420958610392473	0.9107218536418353
0.8422061295808251	-0.5103821908035291	0.17377817644076177
0.4227452376191143	0.8251664155661302	0.3746823330397404
0.6367592675417186	0.18754561353517604	0.7479065971386055
0.49191760055155864	-0.8457410584595593	-0.206734458432312
0.5937631762473411	0.499548501028097	-0.6307904451188604
-0.32765943399708686	0.09064082702570209	0.9404379489306062
0.8121214228822912	0.5356755983492443	0.2313232539733564
-0.48280232995331696	0.8395450516853017	-0.2491305207765051
0.7626449911083352	-0.2697875667747057	0.5878667249905807
0.49886460969380475	-0.3331701997458738	-0.800082320262323
0.4117119365920974	0.9034446783367968	-0.11950311482344933
-0.991166181314072	0.0746272974846208	0.10963743653251952
0.08457616448996277	-0.2811049056524535	0.9559429399385155
0.10215905940956531	0.9567710271994379	0.2723099852966939
0.7436854127109996	0.24970438097270706	0.6201449258390391
0.6093105371270794	-0.6348694714060008	-0.4750593895741619
0.2750866704636561	0.7311555760573138	-0.624290675353651
-0.4982277927977756	-0.39402469766481507	0.7723429316786732
0.8577255338436242	-0.09372212225714582	0.5054929004370747
-0.1267910685991978	0.9143088654441494	0.38466001026062724
0.38273586555703654	-0.4548269436227196	0.8041428409002478
0.8737504523183487	-0.10455604435646837	-0.47500334805347344
0.30012231554782315	0.8844209885248899	0.3573878995809304
0.7228449183175598	0.5848420972304398	0.3680420429374625
0.6691679955829886	-0.7253017782221816	-0.1617143289729963
0.17236420089428567	0.3631763370799945	-0.9156383185708385
0.6166477063412119	0.7417788014167902	0.2636471430393139
0.7809850508074824	-0.5342916180913782	-0.32341122004737394
-0.09903512851183875	0.4053352644490323	-0.9087878557257885
0.47054912385291636	0.8109196491663192	0.3478402573556237
0.8423927093464955	-0.2955312371112726	-0.4505949524033217
-0.26259863914560505	0.5050451568795157	-0.8221747650174032
0.645317492949737	-0.027514253432830593	0.7634188228954668
0.6980716667441678	-0.3846420720935926	-0.6039424016117493
0.3102600222105416	0.9226556466166463	-0.22900933689335168
-0.163459039677468	-0.35008056499571727	0.9223474076290339
0.566622093428235	0.7320239117553999	0.37825969367265005
-0.807601724606086	0.5844523852552934	0.07870745696993142
0.891138837436097	0.3182223060820845	0.32342871907862725
0.4467503776169281	-0.49082752934942286	-0.7479989549002551
-0.07928223326933721	0.8110628214537651	-0.5795614092943775
-0.23104934592014992	0.627396840974542	0.7436325730392905
0.7962956058053644	0.5611076466067697	-0.22599008184980157
-0.5590433864423567	0.5399364896490859	-0.6292369023034836
0.11436814450729926	-0.06696016788425407	0.9911792287164164
0.8802939573698907	-0.45559366447729244	-0.13235165849436575
0.4604372662372308	0.8876658993140745	0.0068392291174332875
0.058967361233814075	-0.6872308479164928	0.7240418578929666
0.9691731942380466	0.21322159669648044	0.12344986947188302
-0.23921991948736704	0.6944424471287607	0.6786188309694008
0.14582139366522706	-0.5124195373202414	0.8462637525748345
0.9840624430752867	-0.012867424947337058	-0.17735709036833813
0.10177047350891644	0.8586388339387723	0.5023764759361613
-0.3936787698731212	0.34305567982936036	0.8528363422650336
0.528068427220118	0.8437970222687803	-0.09565731223283641
-0.7524365503645187	0.4126976929268625	-0.5133418470457947
-0.11614138681843933	0.9616424268054493	0.24850557586423727
0.9931886205295626	0.11479937318595734	0.0199365986742044
-0.009356405211121632	0.2491283743049711	-0.9684252737293098
0.4679011994089185	-0.17567402129709667	0.8661449681392849
0.23292143944038626	0.9699081470403689	0.07089280184713206
-0.8525350846978171	0.16857290572931782	0.49473943122947106
-0.8129782306859894	0.368998744250667	0.4504512439455668
0.3788029323557735	-0.25237089310355465	0.890402869914951
0.44223832360995685	0.8945104018710709	0.06539423579422032
-0.7028663740133148	0.14004459976907488	0.6973997206458395
0.32640515628024314	-0.8076142173522638	0.49114045840692105
0.6320114984990743	0.572840977938913	0.5219335970781577
0.060907324597545554	-0.32258036723256894	0.9445804383357037
0.6722241437603835	-0.6862857825095126	-0.2777166276457441
0.7378380569989518	0.6518847531591812	0.1750464802348365
-0.8999709398406004	-0.4195386327582777	0.11848899976681876
0.4359175123919868	-0.862714839705184	0.2563182157835072
-0.005313175360195176	0.2823303755811152	0.9593025222482313
0.4861475382569318	0.5424156495356578	0.6851611738748302
0.8685032329372591	-0.21308182603539239	-0.447546947024501
-0.0967610739101934	0.8126385411437442	-0.5746789503918799
-0.5935139624037606	0.18625135951246782	0.7829761219293632
0.43590832575546123	-0.7434126558136016	0.5072687204167415
0.6765538470579102	0.6423768786747582	0.36003727275827535
-0.342292054908361	-0.8918276751349943	0.29576941527129336
0.9375751446447615	-0.3448152955474193	0.04533497657328461
0.06155483158100661	0.2928238545949714	0.9541829975896536
0.6457779407780755	-0.3579540402353992	0.6744180871563148
0.5455617271444064	-0.40163202894527306	-0.7355638077016267
0.5341659415197122	0.8429475774948627	-0.06407908017365593
0.7612563983401851	0.5164450905888266	0.3921392155763409
0.5815707273067975	-0.8112350965022612	-0.06060616588111112
0.28681733756168226	0.2741935203641121	-0.9179072547182328
-0.6929769481907906	0.3521267963080794	0.6291181674359647
0.6250282727123456	-0.14149805693523465	0.7676704750045912
0.35933634325851294	0.9251945845093136	-0.12203431160226508
-0.8961700770546286	0.09975216680990973	0.4323525161354199
0.19092831746424277	-0.7928863776915012	0.5786860717708028
0.40053160996627213	0.6011494799864484	0.69151553281893
0.5671321458272607	-0.14829218142554862	0.8101669939570599
0.37944229322777506	-0.8260107955407392	-0.4168089631476292
0.7310161935822037	0.5437973837544704	-0.4121889495636426
-0.44250111049960195	-0.406153325381921	0.7995200081848027
0.46692621721597155	-0.865520522881688	-0.1812570885427473
0.7656191447991637	0.29311039004412215	0.5726374283656106
0.8049575497088803	0.1330213788887736	0.5782288957888604
0.1720549944885271	0.8803390436460259	-0.4420410016095265
-0.5678383766867368	0.45531141100452316	0.6857485668748
-0.6259121355887869	-0.02891072858409846	0.7793575355993041
0.5257624593477708	-0.753732038451896	0.39428650820403816
0.5760276337670507	0.6565456450117433	0.48697020561102744
-0.5914515129917337	0.37770079674981133	0.7124094440097966
0.5150677822477563	0.8567365079705923	-0.026603300560893633
-0.6203952671242485	0.35120459001116855	-0.7012596156095972
0.5697396096501336	0.04334721967366814	0.8206812997395982
0.4910527877961629	-0.8186975691245739	-0.29765995684191404
0.6589870535855238	0.5725865077488957	-0.4877302065185154
0.9273206275537855	0.34097661780758853	0.15430942881674836
0.3581501079591793	-0.9281428659651974	-0.10138698401046216
0.10865060460983	0.1492841802282051	-0.9828068374057595
0.6880452212616108	0.30056998391870293	0.6604933446039949
0.7255928155288601	-0.2718719653165853	-0.6321397792638894
-0.010432619611706884	0.914189979841175	-0.4051516274261149
0.2136044230349191	-0.16589653697906814	0.962731265451721
0.7940079329354666	0.6036099052033337	-0.0721559753310162
-0.569143701445836	0.7798290975327704	0.26065691194702245
-0.30956917716447974	-0.26248500131406655	0.9139302755871817
0.2771891592810309	0.8944893885683971	0.3507918239007439
-0.9095785257616753	0.361925901012472	-0.20414834716335095
-0.1679603015403277	-0.031032976163348547	0.9853051768345313
0.07552595743752964	-0.9969717256942754	-0.018525871621132194
0.9828963154166499	0.07130450586479967	0.16979546691166447
0.5568254229263676	-0.2984237856917932	0.7751701055357144
0.8298226682423374	0.15873422391599767	-0.534974565216846
0.03660310989573867	0.9411411638490608	0.3360260734746574
0.17942953671234518	0.37987059841464355	0.9074708644443049
0.8826941350269659	0.345102092959058	-0.3189915507098492
-0.43434560587646087	0.8582557159118595	-0.2733880406316853
-0.4646682821675041	-0.19109346427367566	0.8646193818434713
0.630522455224464	-0.7569741342080454	0.17155638605920184
0.621711203860132	0.6248787466795983	0.4722305908588724
0.17571570816890913	0.4553882946213105	0.8727803223174737
0.810630908129874	0.4361092851286088	-0.3907508441566692
-0.5585709629825333	0.7761637665766861	-0.29252057494517736
0.25880034651869643	0.3646396589114962	0.8944608989725098
0.5262517045125292	0.7232852739335709	-0.4471214108142183
-0.8099885950675234	0.5864267487587407	-0.004705762509163769
0.2820722980762622	0.24660592176450652	0.9271573426385915
0.7695383532020625	-0.6352685877942044	-0.06515016740588758
0.5729275186348044	0.7318601920535339	-0.3689643853793081
0.9496449877055109	0.23528493989663488	0.20691881109178278
0.2970796261894219	-0.8860313675774516	-0.3559383533309995
0.09958962309876133	0.39948643622364327	-0.9113136091622791
0.752715414006156	-0.0345875678162455	0.6574368453852414
0.5627400901982635	-0.4844735013534409	-0.6697828135821252
0.341676888889476	0.87412191749143	-0.34520686111361476
0.6083390582213821	0.03461769501092454	0.7929219415771345
0.3359902354029666	-0.9163443594680876	-0.21776954925994618
0.719050868823744	0.3988917523127692	-0.5690792721411206
-0.7393794400152025	-0.20654497830221197	0.6408254174273561
0.5261511699565489	0.4166142260499124	0.7413484558601221
-0.42009878604461737	0.885308849267289	-0.1993621111767927
-0.7622428368729479	-0.39984646384544265	0.5090271731314316
0.4490297844500346	-0.8930429511766229	-0.029095360979096957
0.4662168061241859	0.20639063133786784	0.8602585640278856
0.0353449979635202	-0.9257288331673649	0.37653267927438616
0.9823578319670992	-0.037050288770263284	-0.18330402634677767
0.18364046692343938	0.37636870691468105	0.9080874271585925
-0.6338466161522067	-0.5581445369921049	0.5354560140835716
0.6273542141500484	0.033925950258180015	0.7779946785725818
-0.4523993337534577	0.8290498813249709	0.3286504786159291
0.9911741253736286	0.0031672022729970356	0.13252857057851453
0.131628006173037	-0.14225357340627331	-0.9810392391969125
0.015745513034935467	0.9898251813744223	-0.14141495372257773
-0.4737475019029864	0.8520818316657596	0.2225305744966385
0.880145333404949	0.4494617582220941	0.15273611223739758
0.03012468300531694	0.26821759830598	-0.9628872329784008
0.1070676185953463	0.05609653931803299	0.9926679723476837
0.9826845479887552	0.14588181926902122	-0.11423473180647092
-0.1512203828604371	0.9877103184047946	-0.039505983397983835
0.346573857086078	0.29348203949425145	0.8909292082308076
0.8525394691924011	0.29759075718563655	-0.42966986711522914
-0.39123268658640714	0.9084646573928864	-0.14706784561693986
0.3824124492956663	0.25502343660837135	0.8881012134909767
0.4409740740427417	0.7942622631516862	-0.41795851870168654
-0.8119744975341503	0.5514621511161192	0.191277053617381
-0.4329748685423074	-0.21334554384775767	0.8757947488601858
0.893226147294077	-0.2321404797261546	0.3850426566793486
0.12116027814820968	0.9489965630036894	0.2910768118662722
-0.772540501136644	-0.6197618273655872	0.13811752764950533
0.6249381400007821	-0.7806393132775218	-0.007388080803743258
0.11239882239555148	0.08060731918422658	0.9903882899237175
-0.5887142717401495	-0.7532783106259542	0.2932358998996775
0.7730328483379263	-0.6306920557438822	-0.06817438090740441
0.23629583500353488	0.18654575192714462	0.9536062923439204
0.03532208461018149	-0.7379292064763074	0.6739531412257372
0.857394238583697	-0.3240951943784238	-0.3997967291315604
0.51344665738738	0.5919651942555907	0.6212485322378374
0.9903798244537414	-0.06514117977608563	0.12208370084641103
0.13358804647033642	0.22003199724516054	-0.9663023098536736
0.03608375195590845	0.973315235104067	0.2266173337569285
-0.7631146090505208	0.029634936274109076	0.6455833517104514
0.11300759063409363	0.9896760593708139	0.08815090451795937
-0.636306041078307	0.1402250621689531	-0.7585852318803505
0.7371765447132019	0.4157226495728676	0.5326775953208652
0.5590245855592025	-0.8180547205047841	-0.1351961057138937
0.37955533808005726	0.3974432700297681	-0.8354499341330868
0.08544328544391688	0.8830045866157565	0.46152177087119706
0.923812256205276	0.10329043958638606	-0.3686488849501217
-0.37318944285371514	0.45785804034174993	-0.806904984887902
-0.4063851294250649	0.849389750039429	0.336731612876084
0.9094343567123426	0.4115939596577385	0.05932590668899437
-0.08820588083217666	0.3303444640087374	-0.9397298854912506
-0.9632200040890031	0.17634782755500228	0.2027527248631011
0.25710176673622054	0.3853991160301813	0.886208893491974
0.07814029219228233	0.9057422177859361	-0.41656347614297484
0.5929153557506683	-0.7347491142230368	0.32953773693390725
0.8029593289944154	0.5085016599552623	-0.31093790023665646
0.06089086052846199	0.44896525586197134	0.8914720983479505
-0.6453036762220614	-0.17610870354452118	0.7433497763436546
0.362734250165133	0.7857364134454775	0.5010410685193144
-0.6723146801992591	0.592962067186178	-0.44315793761012867
-0.7957768904012803	0.43502643393605067	0.421296976585581
0.46961083863238295	0.00403975469368556	0.8828642821073943
0.3823673638560941	0.9004086195494231	-0.20750787189608877
-0.9732406397255757	-0.144839004362036	0.17839372186813768
0.19266274218866658	-0.09123171712512113	0.9770147601560304
-0.1252346795376414	0.9852402938399425	0.11669549449438144
-0.5747009444963602	0.5203828939978511	0.6316015104711291
0.6927083139837512	0.7202752884158403	0.03686055663262339
-0.4357453569836166	0.4586994141394768	-0.7744164456772082
0.9317471333934446	-0.3528058267723875	0.0858797299049703
0.36305627212252134	0.9011987891320222	-0.23670844036382518
0.006117408405217364	0.2517315853492148	0.9677777566424921
0.9978786568925578	-0.009949591591626936	0.06433655061832805
0.06321790699542033	0.38408951044806794	-0.921129059469346
-0.015546136286011529	0.9232422507613716	0.38390371716832006
-0.8528324225197212	0.4070104008156076	0.32713818598118777
0.5110220010723667	0.5216767171604927	0.6831617064741301
0.10739354505340536	0.7497972635323297	-0.6528940879501763
-0.3406830412063071	0.4488390715576427	0.8261226018441179
0.7969117345114534	-0.3283802083509506	0.507048445576291
0.4988654656642093	0.8310896020325723	-0.24581155497854867
0.4394099624579514	0.3007090016078721	0.8464590842118116
0.3301891384751651	0.8222672426233893	-0.46352099687237086
-0.8354005133621418	0.4831673396045359	0.2620215720389163
0.15751055175428008	0.4091279463064007	0.8987795890190039
0.9595184868938827	-0.2785956000756209	-0.04133720996123336
0.23348383112099313	0.8689066780555966	-0.4364475746701453
0.03998216191988657	-0.5980081738054355	0.800492130373622
0.9980382581086398	0.06252834248817218	-0.0031371543082333586
-0.04817740216827582	0.7990472016392834	0.5993350544334499
-0.9961184623856107	0.018949022370673335	0.08595896373109223
0.08583587536346633	-0.00721761225457529	0.9962831467880657
0.019499010106027975	0.99979439917642	0.005563090898654033
-0.5718565854488364	-0.1330001347426047	0.8095004693249082
0.3352036330538319	0.8627515421431873	0.3785476204086668
-0.7487446627965435	0.4878224479131737	-0.4487880226183507
-0.8295509811642119	0.0028465612872299317	0.5584237340392428
0.549947457479928	-0.1694786418129497	0.817823198485223
0.09696887985769331	0.9855297494536001	0.1390257144598377
-0.931566775870297	-0.014747355011066138	0.3632710525417576
0.26485665523894975	0.6569673220204368	0.7058646399791759
-0.2490668469914352	0.7537748027875919	-0.6081029949048691
-0.5788533037877193	0.16839176067738698	0.7978552924121092
0.5289766777374845	-0.6670894034664476	0.5245716368548655
0.6205743525991516	0.7256968669621972	0.2970715909968421
0.30021404884349856	-0.10642299052903154	0.9479164899735899
0.7247033666389966	-0.620709126801289	-0.29920763741536616
0.6202229883349193	0.7767846078498458	-0.10922050058694821
-0.24510687021991506	0.22389319301692395	0.9432891710878928
0.8131470611906795	0.5773009969666327	0.07426584530114239
-0.5279341616602955	0.7852358862291116	-0.3235585324636372
0.9486579067085865	0.1216435581897118	0.29197777447988915
0.22817713913081483	0.3760871053173791	-0.8980499331284822
-0.21905106531893334	0.9185648229520554	0.3290217269690554
0.9998495036142103	-0.005516600050311611	0.016448016485341884
0.005782044253136271	0.9998531083752936	-0.016134733853339567
-0.016356591535890055	0.016227408793403526	0.9997345313217804
0.8933829713856537	0.2652373202902577	0.36265138957872967
0.40575771269165983	-0.822915132880951	-0.39770763465988407
0.1929444091684773	0.5024538267351246	-0.8428004550128441
0.8623671085278637	-0.50616814926499	0.010806238889940884
0.5062356995509755	0.862382526097021	-0.004668531102532885
-0.006956049843559974	0.009496491571927864	0.9999307126088278
