-0.15201007297435787	-0.7059642921517573	0.6917422611934293
0.856676243881648	0.2549517833488263	0.4484477687937406
-0.4929490347725224	0.6607677401129094	0.5660275989233361
0.782347926358777	0.21698184994972924	0.5838241164207889
0.25707621430972066	0.7412920584563074	-0.6199983097604324
-0.5673125612555254	0.635141685659195	0.5241674322005252
0.9508194088052841	-0.0723802306298259	0.30117030738959494
0.17609587204150023	0.9262105540005127	-0.3333530463457728
-0.2548189468801594	0.3699933943627056	0.8934048312153062
-0.6102354128205594	0.3580979534407561	0.7066672460792727
0.7358578304079254	-0.07422512018959604	0.6730556328864508
0.2934723059626958	0.9307290085059035	-0.2182143862318795
0.5848269557738222	-0.537785120111901	0.6072599084301153
0.6941940798756023	0.7190881527440705	-0.031730238713034487
-0.4196093555510765	0.44011293229050713	0.7938693819292073
0.2279866968330131	0.8120333639434779	0.5372372677968374
0.9489913410158161	-0.0618955386613953	-0.30916723139883184
-0.21780151685462348	0.5803195310658213	-0.7847239904064169
0.9471665830303138	0.11597873582683256	0.299039122568753
0.20026428354436138	-0.9421115773279676	-0.2689237672669952
0.2505387808846038	0.3146024613708849	-0.9155630019677716
-0.9957814834847978	-0.07116937410688565	0.05791508730934716
0.08724971994468758	-0.5390462066431874	0.8377449931053981
-0.028402878698975814	0.8392640271647677	0.5429817392774707
-0.9865471092868574	0.057560852374357416	0.15300833124926005
0.06660732981573773	0.9962805731339878	0.05466702123429073
-0.149292547612275	0.06412306815608787	-0.9867116941425629
-0.8862566259219884	0.22750337677314553	0.40347417087861903
0.46191145421728214	0.3692984378334139	0.8063848164968607
0.03445288772002322	0.9010332276728846	-0.4323796030771285
0.8890190855550962	-0.033704216229452744	0.4566279572333901
0.4537927375253908	0.1976552495880668	-0.8689099801932827
-0.06096898299949097	0.9796920067646961	0.19101401779285854
0.20168044373865146	-0.36394560498272666	0.9093231522550922
0.6752491807595501	0.7241669222130309	0.1400743111925319
-0.7094811783951263	0.585769464368247	0.39180427781840266
-0.45329220213087607	0.7947605249424866	0.4035862825722455
0.8567764916300967	0.26358447449584077	0.4432350033501127
0.2458866057298851	0.5466982099823401	-0.8004129211380469
-0.8380456509092198	-0.5015409235820361	0.21479336340916183
0.5298635636885007	-0.8420204203244435	0.101223592269637
0.13009262418547818	0.19864116826359512	0.9713998123344527
-0.0034040274441702323	0.5040799499158575	0.8636502861054268
0.5828655276081229	0.7027772543903084	-0.4078871258543523
-0.8125614987945612	0.5020035207092141	-0.2962030990254656
0.7321121312891182	-0.6709839480369756	0.11744091576626203
0.6795893580360267	0.7076704607718145	-0.19328948081876762
0.04658467198001945	0.2213211703107522	0.9740876797849324
-0.20287524241893617	0.9235184567981867	0.32550775100841034
0.9630827918218277	0.24826057364330611	-0.10410678974481197
-0.1769552827980324	0.29237022339388824	-0.9397906577331334
0.1008910100284931	0.86917944857016	0.4840951252374918
0.923263790344337	-0.2630864058778264	0.2799455598527967
0.37068177394422647	0.41870350992744265	-0.829024965390067
0.9271438205717868	-0.002599129109205546	0.37469665131066243
0.044701074377672616	-0.9920675808749781	-0.11748927153723283
0.372029770213396	0.1256787949685289	-0.9196731433342094
0.81350996602774	-0.1380211484060582	0.564935127042228
0.5684874817766493	-0.01600728153123998	-0.8225361694182352
0.12257046233407654	0.9902999189794235	0.06544121203460573
0.20660713899211836	-0.6736970876382425	0.709539092809721
0.9773179456802753	0.10762751237053547	-0.18238956009656038
0.046509387963916016	0.7311282737582241	0.6806528661091066
-0.4953615369022133	-0.36587082779293767	0.7878803748844032
0.8418878572654604	0.0213463340751614	0.539230164039924
-0.2141069441817544	0.9304208033957873	0.2974480543918365
-0.28019873620008173	-0.1702420049225674	0.9447255305070469
0.8724047319953945	-0.45575795056160695	0.1766201406746335
0.40049800476896313	0.8736717634557203	0.27622273243933293
0.16070286949858104	0.6346352555528998	0.7559184348487787
0.7535823227516669	-0.5734949255812831	0.32127442034609704
0.6374074603980756	0.5180170486980363	-0.5704121901634394
-0.19845264133366203	-0.4351710823121719	0.8782042349402249
0.9154503945775136	-0.4023611277912915	0.007489853829976023
0.35009587860408653	0.8054387946714343	0.47822716759157435
0.9433063344102174	0.0009698201050953592	0.33192200727056775
0.18273740635372998	0.8332872726673584	-0.5217656193442677
-0.27709240296455406	0.5528393805252654	0.7858679402798984
-0.07716069495447586	0.023584785303711664	0.9967396776773361
0.8471131430442669	0.5287563676837644	0.05306624648055458
-0.5257808954648366	0.8484459096112429	-0.060778190398735
0.9220169107165297	0.09340616708087579	0.3757127949697834
0.11934852531523849	0.8546187011089592	-0.5053541384216748
-0.36829437391552	0.5107858295470763	0.7768250063406046
-0.9595638953166954	-0.25055436211772697	0.12829513797657996
0.2610429514119068	-0.9625993266766233	0.0725197476545038
0.1053266743176276	0.10307787301594366	0.9890810097113873
0.20497486445564073	-0.14449826182593684	0.9680421257727759
0.2475765591158987	-0.9492241729867046	-0.1941116091171256
0.9469377763706145	0.279452539346113	-0.15879271373487414
-0.3336946464694672	-0.2423202454625505	0.9110042708772484
0.8464840123366509	-0.502326081962944	0.17644637779847683
0.4148646764621716	0.8300297621282791	0.37274373798255866
0.6340119686607082	0.1859892651761168	0.7506242847351937
0.4952857778351304	-0.8431062802424969	-0.20943686038973547
0.5939030407980944	0.5045590088928229	-0.6266573103984894
-0.32973280367720514	0.09357812391181713	0.9394250437923796
0.8104341585531432	0.5384397795427401	0.23082261253227349
-0.4842238664393034	0.8374519320719906	-0.25338016623141923
0.7595686055313287	-0.27798313914710326	0.588031383381121
0.4949533934745224	-0.33952063295145307	-0.7998417831598315
0.4219913171846636	0.8985828365544084	-0.12030051567049016
-0.9920141720473894	0.06633183724874686	0.10727520600929755
0.08480313557766342	-0.27879976608034207	0.9565976785617568
0.09336118386850023	0.9580557279202248	0.2709481713278761
0.7411221636426584	0.2534334152697391	0.6216988359184378
0.6088347501306881	-0.6439692698164157	-0.4632751089422086
0.28294555234342755	0.7218553065239796	-0.6315589686262433
-0.5019647052158747	-0.39292349566483364	0.7704820317645752
0.855037982476149	-0.09138226637714242	0.5104501248064238
-0.13015945313597832	0.9150193483999695	0.38183518540469596
0.3802830767749307	-0.44889778800353264	0.8086257214831393
0.8730002031194407	-0.1144605265202785	-0.47409854800675744
0.30537751533472035	0.8862220736329218	0.34836045891254164
0.7263800784225298	0.5781920268412309	0.37157228336907566
0.6653833238638359	-0.7270120638562652	-0.16946531011203145
0.17215404147098357	0.3703342262128664	-0.9128064126092257
0.6124377783626963	0.7434079699217032	0.26882067980543634
0.7853419888795173	-0.5333147211857341	-0.3143459378922325
-0.09032124964220263	0.4036334951704022	-0.9104515766583066
0.47089785051507027	0.8103383497969404	0.34872191389222745
0.8432008444616127	-0.2972156851689325	-0.44796782517139044
-0.2593598856406089	0.5049896982493146	-0.823236208133824
0.6431104105998409	-0.02821930881868856	0.7652533373908927
0.6990259983406306	-0.3864144501183766	-0.6017030217504291
0.3126845909570677	0.9218934555302516	-0.2287811251578744
-0.16735462145009672	-0.34733694682122923	0.9226860116270328
0.5696844650086208	0.7297576732486672	0.3780388189889141
-0.8046440461515489	0.5889064303500158	0.07574414357074566
0.892683190250352	0.3184774782454688	0.3188868415204066
0.4429984396498976	-0.4899393296753789	-0.7508074558134045
-0.0828800597985426	0.8114995681376843	-0.578445629770113
-0.23300455016128874	0.6286891321498026	0.7419291440028917
0.7971206792994942	0.5604913562959255	-0.22460646061649012
-0.5570525129978758	0.5390727359404127	-0.6317381444304828
0.1166391835615519	-0.060505113103723085	0.991329628401371
0.8791170013136184	-0.4581351224094592	-0.13139827858926167
0.4621131883634636	0.8868209181696017	-0.0002454330428245388
0.04869342249810271	-0.694728887849839	0.7176215736670317
0.9699257359287037	0.2044349332802553	0.1321000561614573
-0.238480643635042	0.6896072291106172	0.6837900643982718
0.14004327237393166	-0.5114551800245146	0.8478216090009101
0.9859995538391559	-0.00623891493066786	-0.16663119686743288
0.09051387568647201	0.8592873062989929	0.5034208612499433
-0.38468125278330834	0.33698723903464683	0.8593369155836789
0.5332962912585474	0.8410119070838661	-0.0910716084904469
-0.753402548102237	0.4232476495752392	-0.5032355588013357
-0.11370934174690106	0.9588753586033029	0.2600542871457311
0.9935136972067787	0.10952143648542345	0.0305873897658359
0.0008479752380615435	0.26184556825265753	-0.9651094131363758
0.46884946336939803	-0.16120629984124063	0.8684426921735963
0.23559985898699354	0.970407193000541	0.05293945804519938
-0.8512772093410798	0.17978433931882581	0.49295507319851883
-0.8119670301170072	0.35819711711109564	0.4608734829606353
0.3898490271766147	-0.25485279991173515	0.8849111742918586
0.4344275290683293	0.8981897770908157	0.06728927341810687
-0.7053960993910657	0.1365365144831645	0.6955387287395709
0.3244685629780375	-0.810223656725892	0.4881165616127884
0.6301876661779704	0.5699959704195393	0.5272268004404277
0.06338874937933248	-0.3159669415397196	0.9466502830011512
0.6714930971589745	-0.6882229780929001	-0.27467463095959055
0.7382945800423921	0.6530804118016208	0.1685440262989264
-0.8990293371841256	-0.4202499029525325	0.12302954909556682
0.43787050100818914	-0.860240117596853	0.26125919012312254
-0.003959195512841268	0.2887506868309398	0.9573961382967615
0.48429862131527013	0.5446969224585962	0.6846605787222326
0.8698133933069094	-0.21547570869308563	-0.44384105239052896
-0.09423113188351462	0.8104785509977093	-0.5781392670945342
-0.5961336655362857	0.18042857189265618	0.7823491440904426
0.44109348415101046	-0.7405978418407522	0.5069037136383417
0.6708660008181917	0.6472714786745947	0.36190943872826753
-0.3419682722463837	-0.8941838565346818	0.2889514344826603
0.9383185071727542	-0.34165442096108745	0.05320371918238927
0.05114762823355175	0.2893224625750791	0.9558642334430002
0.6463532404714543	-0.3598038676708774	0.6728808700959836
0.5418977896226215	-0.404380852163712	-0.7367651674756799
0.5371910964770055	0.8408432096487592	-0.0663959535921046
0.7605053455181113	0.5097588160203892	0.40221582381585774
0.5779056172895409	-0.8137973693653153	-0.06131018772836554
0.29606877063204873	0.2790695094480654	-0.9134897328119478
-0.6922765265601045	0.3616732233519773	0.6244563157532061
0.6258421440819018	-0.1299104668145452	0.769054537274825
0.35926984491443936	0.9232094833363758	-0.13641637882943902
-0.8964353951911872	0.1013725711574419	0.4314245983545095
0.18902507827988163	-0.7930353916656114	0.5791065423107006
0.4008404944983791	0.6006816705899224	0.6917430365298916
0.5706013479267098	-0.14984471914399455	0.8074408101457835
0.3754394114984163	-0.8268516076307226	-0.41876206520196124
0.7303830159840414	0.5420913014457492	-0.41554502867789034
-0.4422535268768175	-0.41190789430602986	0.7967080422421939
0.46759936894161075	-0.8639145390081753	-0.1870895492957865
0.7653513233348619	0.2897991647653002	0.5746771232360919
0.7990583712127455	0.13204496671581964	0.5865746722795422
0.1763126764635106	0.881238044798429	-0.43855826125854186
-0.5748213283387349	0.45385420033845686	0.6808794352321357
-0.6288619435930536	-0.030668303455833906	0.7769119068874593
0.5222740078786149	-0.7568901438333309	0.3928704250288741
0.5759882955362685	0.6528221544426174	0.49199666469817016
-0.5908676721868491	0.3732428974516669	0.7152378160209218
0.5189398756103303	0.8546359904997075	-0.017283785584143868
-0.6177190295482473	0.36095299312302187	-0.6986674010496716
0.5744022464134533	0.04914085165473786	0.8170968339271826
0.4987381772516741	-0.8125365038584293	-0.30173607747367426
0.6490934369309679	0.580835266315819	-0.4912312118920943
0.9253752483468923	0.346867544572407	0.15285141893105436
0.36404277849211286	-0.9256227244885122	-0.10341869917092582
0.10561015658860601	0.15134555967313099	-0.9828229832439599
0.6894719667302927	0.30043901750227786	0.6590635810415624
0.7241180724724517	-0.26483633019868913	-0.6368003889176512
-0.01677570302083381	0.916295866502276	-0.4001505476929901
0.22057303783047733	-0.17037527184037699	0.9603748235598185
0.7922963912524683	0.605566107990748	-0.07453936719112636
-0.5688707791674227	0.7773428816154784	0.26855926908448713
-0.30395886667891414	-0.26547897147723626	0.9149480439187021
0.28397803154818874	0.8914815273255765	0.3530115635999384
-0.9093764264402757	0.3671261392772874	-0.19558351897352622
-0.16918946708578342	-0.01065685470677314	0.9855259284640803
0.0800420975363787	-0.996787081552637	0.0029625448104278126
0.9823279426185563	0.0793847938684461	0.16949887212975423
0.5598070339335963	-0.3127347787234064	0.7673415425580004
0.8270210883744712	0.15331678078261168	-0.5408605033780538
0.051499554778409784	0.9373851518491632	0.34446606937454227
0.185006565175877	0.36604655450013307	0.9120211021574036
0.8861299055794158	0.33912224799110025	-0.31586372275916463
-0.4249074737865171	0.8666060355525133	-0.261624956501318
-0.46640053972218354	-0.17865823256289304	0.8663439112063749
0.6244447354324525	-0.7601854920210682	0.17940677275783345
0.6265295754691476	0.6246593100708495	0.4661131165331651
0.17960955116971267	0.4631715292173393	0.8678781847996213
0.806326317731781	0.4360740612252768	-0.39959639945775327
-0.5635408401009825	0.7715643509448612	-0.29514432721858963
0.25437492762996294	0.35891334301328637	0.8980393133935054
0.5305962145681574	0.7245549224918166	-0.43987250582278903
-0.808554916674924	0.5883887970550636	-0.006129455188063071
0.28179354544555935	0.24637184487134206	0.9273043253430413
0.7701208275264306	-0.6345323660156703	-0.06544148140561484
0.5722816690714698	0.7325773614665192	-0.3685432141710465
0.9500066679897531	0.23950134304497056	0.20031584424269197
0.2976381753896878	-0.888500232760062	-0.3492547106855005
0.0943337019612002	0.39141594636009724	-0.9153658883797913
0.7493583697811175	-0.029743098005558355	0.661496320292122
0.5678648815879543	-0.4849509390180864	-0.6650955292321359
0.3405752631916836	0.8740354311276564	-0.3465119842594302
0.6091823869239914	0.02557572239504652	0.7926176265296905
0.3395353500335481	-0.9116495338811694	-0.23154021994427199
0.7166676813832087	0.4101719271210762	-0.5640447009436378
-0.7424673137161888	-0.2046525722931272	0.6378554794911406
0.5271556405860335	0.40903310492916467	0.744848205791177
-0.41333910855542727	0.8892745603725619	-0.19580995279298596
-0.7647242895407134	-0.3962389204946971	0.5081254558390554
0.441044100097856	-0.8967811847966647	-0.03554726942483849
0.46976255997612576	0.19692187405132716	0.8605491925304387
0.035096838649665174	-0.9221207020158774	0.38530717983259144
0.9806589040238148	-0.04250650477799178	-0.19105316278556808
0.19255213807073027	0.38456027871492937	0.9027940330768066
-0.632244847714114	-0.5599708602153868	0.5354428898104788
0.6311602259604057	0.02855207515341207	0.7751267948987725
-0.44933642374569016	0.828020177721578	0.33537943225749534
0.9923073265703404	0.006487202736190897	0.12362882283465887
0.12334963990840951	-0.13680913309199605	-0.9828876474130106
0.010537360641527722	0.9905761845023715	-0.13655689923044667
-0.4722828224007718	0.8545393096164172	0.21612844325876748
0.8808731733946206	0.448720789687981	0.150705359212888
0.031802327884167314	0.26155730007417455	-0.9646638744760043
0.10553802443090132	0.048095190896417894	0.9932515180012862
0.9836006303521895	0.14185882977326192	-0.11138165192766758
-0.1462584198259979	0.9887178187066306	-0.03233495944027576
0.3508578912360586	0.3053595407285508	0.8852425040876847
0.8511836372013466	0.2900837898480021	-0.4374217765819465
-0.390365413322021	0.9069768165468556	-0.15813885774362668
0.39627475398181666	0.24587753448835148	0.8845962680175516
0.44225109856562295	0.7932166432902468	-0.4185944608148238
-0.8045994563595915	0.5570920882953581	0.20559212043404462
-0.4379278776001756	-0.20446659661446692	0.8754499328285439
0.8899733802910887	-0.23632348357836963	0.3899981967684427
0.12714777384546866	0.9499182185737258	0.2854624697361472
-0.7747343059832814	-0.6167217010771405	0.13943133992442747
0.6228165344711362	-0.7823679148679745	0.0001008687348410045
0.10902439874618546	0.08691829039768134	0.990231736146836
-0.5940605653753528	-0.7500181427121754	0.2908003271464721
0.7667292159221281	-0.637292177346674	-0.07736271805058512
0.24334821576776586	0.17700696679880826	0.9536509736729316
0.035965474040609235	-0.7338577481800843	0.6783504183776183
0.8533094282319682	-0.3307587446058937	-0.4030653452694294
0.5201629594343156	0.5933392438586789	0.61431184046032
0.9910412506227998	-0.07045793691349302	0.1134588854602894
0.12658448324263424	0.2246516390208304	-0.9661821824518654
0.042586478678003865	0.9718885328118388	0.23155792282420218
-0.7603709264850911	0.02406013977346131	0.6490432680725431
0.1191067208088431	0.9875319169723622	0.1029286258484774
-0.6384744655930805	0.15556934992141946	-0.7537562829924924
0.7314183045841657	0.40775050195006857	0.5465956383641308
0.5651879327184897	-0.8109628468149617	-0.1513336109235925
0.38156239912840556	0.4196174320083001	-0.8236087337602336
0.07998693218033937	0.8799318428854126	0.4683183132834544
0.9203726997738573	0.11521874905625984	-0.37368266400368666
-0.3827743254077517	0.46091712025286347	-0.8006492515867663
-0.3977894325876563	0.850234210515675	0.34476855220622693
0.9122239035420663	0.40667820703529156	0.04960227544211829
-0.09803630515307125	0.33423737551528776	-0.9373762636639502
-0.9649476629697551	0.17216689783071681	0.1980771744057241
0.25199589067690026	0.397002246246019	0.882545912436045
0.07330810876815635	0.9015252496558058	-0.4264717404727698
0.5901676537691077	-0.737302469601616	0.32876619163780285
0.8042446529783746	0.5016957675859447	-0.31857792601190005
0.0699476847390996	0.452422838841838	0.8890561828669389
-0.6471538819599676	-0.18195492376958497	0.7403271295718861
0.3635224759556662	0.7799361191882976	0.5094615387451338
-0.670106903814015	0.5988255636673354	-0.43859398281245476
-0.7975425549320629	0.4328065508514839	0.4202432184015342
0.46806964103084947	0.004493611471018122	0.8836801562789557
0.38057415074816825	0.9014756219643377	-0.20616745326632224
-0.9727565978653583	-0.1431683970208889	0.18233872710941873
0.19626287119064378	-0.08994523882160199	0.9764172977806824
-0.12339159899044466	0.9856026907977646	0.1155934651733701
-0.578252420281463	0.5175322378464647	0.6307016102946466
0.6882214516424813	0.7245860479176047	0.03641830119956807
-0.43814994230028814	0.4551213486014217	-0.7751704239130108
0.93057952163729	-0.35749057339628615	0.0788812008155754
0.36592800249488383	0.9019133608236733	-0.22945366974152046
0.010883515030395516	0.24238972647482612	0.970117915307228
0.9980448930126294	-0.0007370693521875048	0.06249678599879431
0.05788374781308819	0.3880953003588894	-0.919799711664694
-0.023576752756048355	0.9216189530213196	0.3873791968618948
-0.8524918618223729	0.40526818420018357	0.33017468770593295
0.5124409385717933	0.5231305660843818	0.680983623374229
0.10325652522859681	0.7497280238215192	-0.6536405589422949
-0.33887635546296835	0.4358113528288319	0.833805301286601
0.7943371614777659	-0.3423892547734435	0.5017948506223753
0.5041738684259448	0.832368946418107	-0.23015353013853335
0.4377816754468514	0.2924428347593953	0.8501907980217362
0.34470022007382445	0.8187691959021498	-0.4591282632585409
-0.8303788068851496	0.49405889551716003	0.2576370408857378
0.16353750268820832	0.4048043851251273	0.8996604331624081
0.9566603572268266	-0.2878010113736851	-0.044402013050360345
0.24094905296585972	0.8679308657005762	-0.4343265663519831
0.04402418953918763	-0.5950684398235966	0.8024683312513513
0.9978848576955788	0.06464912347671659	-0.006804529048152985
-0.047829713748804625	0.8010705604125039	0.596655910657981
-0.9964921791518742	0.027062485614177748	0.079189385409479
0.07895350023835458	-0.009678121119778726	0.996831319116581
0.02774313769674808	0.9995868925931217	0.0075074940403547785
-0.5814605413921148	-0.13030997311156767	0.8030709493635363
0.3330103101721675	0.8624918857778707	0.3810667661793261
-0.7422989775845213	0.48900619410698154	-0.4581104342862967
-0.8267843616503052	-0.00012957968099674977	0.5625189797149992
0.554282795870982	-0.17068369076528578	0.814639588964462
0.09590725484521354	0.9853258653439716	0.14119043010136578
-0.9342671353111467	-0.018535554850571775	0.3560917762092861
0.257732916311186	0.6550158119659513	0.7103013655655721
-0.24641157385000004	0.7553877939713924	-0.6071825236218502
-0.5804442977139077	0.17053743887521136	0.7962420481193472
0.5294099592654933	-0.6639316789105802	0.5281286024913701
0.6187160190926998	0.7280877060360671	0.2950911385270997
0.29800251272316025	-0.1083863596750072	0.9483917436624398
0.7308215979052007	-0.6132426534073678	-0.29972193793111085
0.6140800391202861	0.7824230601652098	-0.10353675905559712
-0.2407488260472579	0.22804377251735702	0.94341721447773
0.8173728383069689	0.5717953014685857	0.0703688597069681
-0.5233943503276253	0.7880648266700534	-0.32405583316864073
0.9493441758634831	0.12669496005650302	0.28756568441030156
0.22140495633202975	0.37971225123699315	-0.8982196009730284
-0.22299210987318824	0.9163880146296194	0.3324267221170528
0.9994626129800177	-0.01087883929648094	0.030921450656730062
0.011974515219113522	0.9992989026334347	-0.035472724463739454
-0.030513869640254883	0.035823931263535315	0.998892161200799
0.8911510956580442	0.25134180322516514	0.3777261212293766
0.4045718940894734	-0.8170327487406115	-0.41082729948022784
0.20535653683368155	0.5189265703708794	-0.8297854586233682
0.8585929405682524	-0.5122807993464729	0.019660748391153067
0.5125079350175958	0.8586379411827799	-0.008746571065099584
-0.012400764103922378	0.017586033729523422	0.9997684494258172
