-0.15245200645088408	-0.7057774481479873	0.6918356592535647
0.8565843678556146	0.254811929811378	0.44870268683305026
-0.4929722167369034	0.6610212357492885	0.5657113393012262
0.7825945311151656	0.21693074081351327	0.5835125136265155
0.2571459897254237	0.7409746538510549	-0.620348694137774
-0.5669406845841692	0.6355293982503167	0.5240998417504282
0.9508675680401035	-0.0716122575390828	0.30120184697251656
0.17554103967606743	0.9260880534612863	-0.33398541978016194
-0.25502198226612643	0.370449189237123	0.8931579853276875
-0.6103078326584375	0.3565954777528063	0.7073641315772294
0.736004282352457	-0.07497130866992463	0.67281275198614
0.29295399938318784	0.9312459224729879	-0.216700221787677
0.5843250749429179	-0.5379844592322766	0.6075663983611244
0.6946957179141179	0.7185995764626412	-0.03181993431013144
-0.4194783263825937	0.44066696079042245	0.7936312515034867
0.2279831686864464	0.8117526579203408	0.5376628099050083
0.9490210601595176	-0.061807907056082856	-0.3090935295328122
-0.2176756811621185	0.5807214521477645	-0.7844615305073912
0.947152839598864	0.11590319563220075	0.29911193169456224
0.20027725631445442	-0.9420428579712852	-0.26915474052754185
0.25058036444015924	0.3148359937928601	-0.9154713419706266
-0.9958177981460878	-0.07097972886668354	0.0575220912823061
0.08682804242417362	-0.5394053179829639	0.8375576362140601
-0.028421891989516966	0.8390493316973145	0.5433124469713777
-0.9865700388797525	0.05711190378050186	0.1530287189757874
0.06610502593115486	0.9963321922929651	0.05433496247661712
-0.1493642659120486	0.06372121347919188	-0.9867268735680073
-0.8860322111068524	0.2279931419713364	0.40369053505765984
0.462312797494607	0.369054137239641	0.8062666562986557
0.034839606108740456	0.9010095288066281	-0.43239800051092425
0.8888701621094259	-0.03348857474296413	0.4569336388068269
0.4540262640951982	0.19804132202781677	-0.8687000554168463
-0.06140021517324076	0.9796214320497276	0.1912377144956514
0.20206274518639655	-0.3635358110906629	0.9094021998337102
0.674791977270402	0.7246557911546021	0.13974895977286972
-0.7098073220383393	0.5854192501111931	0.39173698725038664
-0.45379043569524824	0.7943834678574417	0.4037686794023299
0.8564375493796423	0.26363372680943153	0.44386031823216937
0.2461482571218196	0.5472222255019936	-0.7999742942323436
-0.8378979736304095	-0.5021950139032941	0.21383908388487793
0.5302950891229722	-0.8417756243999981	0.10099958721723656
0.12928303925152962	0.19802516551353638	0.9716336395911908
-0.0031555544227088728	0.5036756596513587	0.8638870715267444
0.5822721013148002	0.7032621440252029	-0.4078989541682129
-0.8129878489293261	0.5017301930877228	-0.2954954666952172
0.7318766372989838	-0.6713241475773162	0.11696356977931838
0.6797709690682436	0.7072565213542454	-0.1941639580712978
0.047623706155156514	0.2216125038924507	0.9739711909140669
-0.20222943222973466	0.9236853683416524	0.3254360106865638
0.9631225177911371	0.2477995611663657	-0.10483507623604471
-0.17747752664407934	0.2922340120473705	-0.9397345421654977
0.10022374654387889	0.8691674202830014	0.48425530058771754
0.9233191111529172	-0.26259470331353363	0.28022462556218064
0.3707249918854882	0.4190370118620427	-0.8288371149274356
0.9274459190274361	-0.003191351358277212	0.37394368901729375
0.04416382586320085	-0.9920309864629135	-0.11800033212895
0.37134030721762395	0.12595371044127943	-0.9199141476581356
0.8134982454497606	-0.1382120192612804	0.5649053393108269
0.5684710858099116	-0.015999544404951216	-0.8225476516147465
0.12272419992919589	0.9902734230052594	0.06555393536001708
0.2062892915342297	-0.67409088290698	0.7092575059736723
0.9773908631128436	0.10759143587876419	-0.1820197341748317
0.04638780984090757	0.7307705279410452	0.6810452309435326
-0.4948927226668034	-0.36649626084191117	0.7878843086648806
0.8418469577815746	0.02248557825751607	0.5392477152889324
-0.21534830560129042	0.9301477783445614	0.29740581318348536
-0.27955211253215784	-0.1701885905266104	0.9449266955872152
0.8727243901633185	-0.455313824955883	0.17618586668092195
0.40025336374960274	0.8739137053843529	0.2758116755116048
0.16052688283034278	0.6344718863106822	0.7560929475733377
0.7537662654321164	-0.573353979557897	0.32109442726656373
0.6372342873584985	0.5183730699086201	-0.5702822313628746
-0.19755137094056008	-0.4354038242224688	0.8782920731123303
0.9156196547829393	-0.4019903306584174	0.0066649705406297
0.3501629672233722	0.8054981588492836	0.4780780401521678
0.9431777987024565	0.0015921007766853401	0.33228467501512193
0.1823876150390094	0.8334089304309583	-0.5216936961075034
-0.277759604541716	0.5526545212816438	0.7857624209592786
-0.07703025987703382	0.023469683851518708	0.9967524833192976
0.8472781479324192	0.5284950930451406	0.05303467416151281
-0.5255340893790681	0.8486118727469691	-0.060595464627278606
0.9220070559935315	0.09299658756347927	0.37583856028844215
0.11977542473256246	0.8545956438513107	-0.5052921265372121
-0.3681804399045054	0.5108991291947089	0.7768045078781489
-0.9595191268427183	-0.2500981784869478	0.12951427079862016
0.26076314587411675	-0.9626399213115795	0.07298605107190013
0.10642192902227275	0.1038040606852481	0.9888878045604728
0.2047760657126253	-0.14396439534622812	0.9681637339747102
0.24783185415702136	-0.9492674596822808	-0.19357340223657352
0.9469140061147852	0.27958101305515065	-0.15870829267150532
-0.3336873319937095	-0.2423275878699545	0.9110049970357188
0.8467326170081586	-0.5018325640875025	0.17665772815214853
0.41436293241726574	0.8303260912307241	0.3726418420683215
0.6338322302639329	0.18595314567357446	0.7507850101678584
0.49556544851386064	-0.8429011433692137	-0.2096009273503548
0.5938615917180576	0.504914933549182	-0.6264098656320161
-0.32992446728381597	0.09375692918544687	0.9393399193674274
0.8103000269766072	0.5386342133108867	0.23083988072400274
-0.4843177801497687	0.8373068866793568	-0.25367984813564304
0.7593329104817526	-0.2785176682688716	0.5880828508989031
0.49473905064798485	-0.3399315401377603	-0.799799862330259
0.4226663019726571	0.8982619086222244	-0.12032763894931842
-0.9927637734088062	0.06494375497143094	0.10100692499685007
0.07888972631177095	-0.28143329955105	0.9563324259828602
0.09053453092363395	0.9573805965205372	0.2742733893698365
0.740908826191448	0.2537058462291686	0.6218419854438523
0.6088719292005569	-0.6444820521885795	-0.4625125492766544
0.28342386121003094	0.7213017593184832	-0.6319768088315096
-0.5021744493915052	-0.392876725256477	0.7703691979369924
0.8548772414147762	-0.09119863002260198	0.5107521042473178
-0.13040599867107644	0.9150577515292393	0.3816589929201879
0.3801386201810907	-0.4485574853403005	0.8088824462132941
0.8729626315326351	-0.1150146234447651	-0.4740336278593277
0.30566464204162236	0.8863226380607939	0.3478524225393893
0.7265600454973185	0.5778037121098147	0.3718243813402408
0.665186751217131	-0.7270810402314705	-0.16994042173985924
0.1721542514494872	0.37080457279818	-0.912615407770341
0.6122101060334386	0.7434689124178282	0.26917050792904035
0.7855938010433472	-0.5333232146623641	-0.31370165518286275
-0.0896725478214584	0.4035100060351088	-0.9105704306624252
0.47097922660713276	0.8102570223826787	0.3488009830606882
0.843246094058827	-0.2974029905497071	-0.44775828977990206
-0.25906484315529765	0.505009919597275	-0.8233166997876786
0.6429711757430175	-0.028288015184378068	0.7653677909087696
0.6990692506804108	-0.3865555633543116	-0.6015621158225972
0.31287417585472055	0.9218321889784276	-0.228768803481747
-0.16760478517470112	-0.347159663835814	0.9227073229317879
0.5699093323924735	0.7295906219640386	0.37802232367162186
-0.8044327124368496	0.5892178647559254	0.075566652790505
0.8927447008053321	0.3185432026731854	0.31864890901226706
0.44282731873713815	-0.48983774495140286	-0.7509746662844236
-0.08313161230287323	0.8115350957608883	-0.5783596834015061
-0.23307525024059395	0.6287759698279767	0.7418333421275776
0.7971145632116907	0.5604916961360235	-0.2246273173022352
-0.5570316874659105	0.538971092294801	-0.6318432248821133
0.11668389689742642	-0.0601111328708302	0.9913483342951742
0.8790431634739613	-0.4583176231730812	-0.13125575430688136
0.4622423443979594	0.8867534087862099	-0.0006380058898232122
0.048019019356809745	-0.6952172650984658	0.7171939264167119
0.9699606652558062	0.20388400591792188	0.1326937074143869
-0.23847532710224853	0.6892780762797192	0.6841237109789466
0.1396132510897553	-0.5114694469366645	0.8478839218728299
0.9861260767688664	-0.0058339407026741785	-0.16589552692077353
0.08979699792639162	0.8592816592865111	0.5035588636666299
-0.3842593455255796	0.3366190335791068	0.8596699259649142
0.5336207467822554	0.8408433521976584	-0.09072681890462556
-0.7533881164312329	0.4238750798257346	-0.5027288162846109
-0.11347173148918022	0.9587239073799336	0.2607156220309774
0.9935402283453063	0.1091234363345116	0.03114306186141995
0.0014074133734456318	0.26256531579913583	-0.9649131951252898
0.46885386149985875	-0.16022422625820298	0.868622043167586
0.23575455319331917	0.970433699674945	0.05175157180045109
-0.8512319585197032	0.18051767740351352	0.49276517829444
-0.8113749729819788	0.36197605232752	0.4589596831529735
0.38651831569906164	-0.25676731344255654	0.8858183438926136
0.43849087202318576	0.8961271585488727	0.06842419793808108
-0.7054953301240243	0.13625167989328663	0.6954939387941862
0.324477447526807	-0.8103524998754745	0.48789672266992845
0.6300720000283159	0.5698809574567536	0.5274893071034632
0.06357834523948291	-0.31544903306298966	0.9468102774876463
0.6714691869347634	-0.688345682298285	-0.27442549564221574
0.7383000237124313	0.6532014461105646	0.16805042631689526
-0.8989967658573927	-0.4202997841176499	0.12309714232509683
0.4379367489429513	-0.8601340040323413	0.26149741687552247
-0.004027269947080685	0.2889940943651778	0.9573224088669522
0.48418339318211656	0.5448613246161598	0.6846112610118065
0.8698931699890595	-0.2156261125508725	-0.443611600831836
-0.09408673962380293	0.8103280301974767	-0.5783737277083398
-0.5962257171371246	0.18006308610557367	0.782363201618314
0.44143660412771557	-0.7404458650026648	0.5068270371010671
0.6705584379906888	0.6475470685769434	0.36198642960323113
-0.34198676113986104	-0.8943036761903732	0.2885584688714782
0.9383453987631843	-0.34150413623964004	0.05369206227347077
0.050526901993179815	0.2891294860155251	0.9559556331186976
0.6463842281868907	-0.35994675934975584	0.672774672520337
0.5416846841690715	-0.4045047549025238	-0.7368538567435894
0.537368711861689	0.8407224474788679	-0.06648784713954181
0.7604287118292926	0.5093433471802816	0.4028864963098536
0.5776802563432896	-0.8139573919323506	-0.06130975085446981
0.29670472806612624	0.2793612693303653	-0.9131941663969023
-0.6921911119707835	0.36232485252518254	0.6241731857034994
0.6259070722076302	-0.1292112560605081	0.7691194889402675
0.3593213067285641	0.9230520855021511	-0.1373428046204337
-0.896520482605301	0.10065921548408496	0.4314148196426347
0.18952183366348202	-0.7930766910264802	0.5788875855598571
0.4004154078378977	0.600747105268613	0.6919323786884035
0.5707956381246488	-0.15002541522579343	0.8072699141453267
0.37517781555933855	-0.8268771995479696	-0.4189459435056387
0.7303656250194129	0.5420022801188525	-0.4156916912039099
-0.44227299923018504	-0.4122439016029525	0.7965234207122298
0.46768300067582796	-0.8638056365955031	-0.18738311840902488
0.76528896831902	0.2896459697234063	0.5748373745610122
0.7986534889225887	0.13191790276534826	0.5871543847760728
0.1766386861109941	0.8813143887275545	-0.43827357071897305
-0.5752837379943555	0.45374289542842333	0.6805630063759509
-0.6290464132619393	-0.030808351667814787	0.776757011831758
0.5220895521430025	-0.7570642855014487	0.39278004934224975
0.5759540862824125	0.6526136016707691	0.4923132919279126
-0.5908024061857158	0.3730207868912743	0.7154075827052598
0.5192247920290338	0.8544737140145524	-0.016741786063122516
-0.6175420084395679	0.3615662658561931	-0.6985067667583711
0.5746805037937823	0.04951509992081568	0.8168785548899886
0.4992540559940587	-0.81212061754499	-0.302002467095594
0.6484502341219454	0.5813848617208534	-0.49143050010049083
0.9252264555214744	0.3472948646645926	0.15278181495443555
0.3644681395538584	-0.9254463051899762	-0.10349933072426404
0.10544658009304185	0.15144442276896064	-0.9828253179272795
0.6894382523963407	0.30051978008417574	0.6590620288795572
0.7241401481005401	-0.2643477988462575	-0.6369782470022558
-0.017202966070062053	0.9164104446280048	-0.3998699225186799
0.22093400052684653	-0.17066588687365714	0.9602402420586378
0.7922103698247394	0.6056679102391199	-0.07462648624132784
-0.5688505052765209	0.777199805432429	0.26901591975651085
-0.3035123048740498	-0.2658648609467534	0.9149842383909164
0.2845246406601832	0.8911813975809344	0.35332908946601915
-0.90935472157307	0.36757528796078764	-0.1948394160156217
-0.1692287649187041	-0.009092497082438075	0.9855348556093265
0.08033406423299445	-0.9967573894514234	0.004598336415774909
0.9822973395300932	0.07995019118669683	0.16941045918511488
0.559955409529246	-0.31368010600394064	0.7668472666941513
0.8268600600507308	0.1529669774338328	-0.5412056401292018
0.05246313402605801	0.9371264028465498	0.3450242377805508
0.18539496292625635	0.3651760507358182	0.9122911594938117
0.8862966752099244	0.3388086994863484	-0.31573227371335233
-0.4243900461054737	0.8670957946624815	-0.2608408933530817
-0.4665562305552169	-0.17790082942385613	0.8664159385770853
0.6240582003243667	-0.7603815368053508	0.17992020757392999
0.6267987287303798	0.6246368652071677	0.46578121504215086
0.17974058033935236	0.4636300303478371	0.8676062002653836
0.8060186768711044	0.4362011379840862	-0.4000780670773426
-0.5639390182583818	0.7712170655405987	-0.2952914179327282
0.25403584538305035	0.3585756159305981	0.8982701803580653
0.5308310213420976	0.7246701436175003	-0.4393991462557673
-0.8085074001154378	0.5884528108602964	-0.006250867875082999
0.28173455160005045	0.2463927994922976	0.9273166831202095
0.7701487946025725	-0.6345033704738858	-0.0653934784935335
0.5722730787018757	0.7325954280608282	-0.3685206400969274
0.9500050548147564	0.23984415467145234	0.19991292428542004
0.29776277092360315	-0.8885921949750517	-0.34891437815217274
0.09395599011403935	0.3909970492207787	-0.9155837369800397
0.7491269157090212	-0.02936921744747728	0.66177512285278
0.5682477471679566	-0.48494099453944295	-0.6647756987538261
0.34044582828818903	0.874053591538653	-0.3465933598895834
0.609235900522151	0.02514954910351197	0.7925901322214742
0.33983083787974955	-0.9113465800562934	-0.23229811158433
0.7164821136224625	0.41087091792871944	-0.5637716467325229
-0.7426562641896259	-0.20454534773709737	0.6376698785257294
0.5271841918738478	0.40862177717959935	0.7450537370236484
-0.4129630747394089	0.8894883045513841	-0.19563244865839002
-0.7649130966223945	-0.39592174834508237	0.5080884999711296
0.4404711368636252	-0.8970488077353505	-0.03589727191098789
0.4699926937789617	0.19634002579188764	0.8605564839488666
0.03507453069063393	-0.92188894247694	0.38586338908424705
0.9805344993021531	-0.04289180364799727	-0.1916047725347617
0.1931886978451584	0.38507281248949643	0.9024395027403893
-0.6321172666204746	-0.5601008324026812	0.5354575788819158
0.6314032303434326	0.028256430307977753	0.7749396975624157
-0.44917448942714633	0.8279424084367666	0.33578809740636795
0.9923710227559263	0.006626091331234957	0.12310909027373651
0.12285668616003131	-0.13653262865179827	-0.9829878310432972
0.010295040560019321	0.990613414116274	-0.13630508395788943
-0.4721098338838572	0.8547233982359321	0.21577816677823686
0.8809628350015093	0.4485947578261684	0.15055639009017435
0.03188711489395074	0.2611716978520095	-0.9647655446505321
0.10549961311427625	0.04756464224787643	0.9932811467256235
0.9836545209800172	0.14158269179093208	-0.11125702108544505
-0.14592331886409132	0.9887830632616366	-0.03185025617829984
0.35115117350575953	0.30609330740035007	0.8848727255997003
0.8511001340301867	0.28957797159656296	-0.437919125204436
-0.390283762407977	0.9068911100737148	-0.15883041040663048
0.3970922516537183	0.2453152105490516	0.884385770549173
0.4423408913742287	0.7931525283449362	-0.418621072807244
-0.8041469265593401	0.5574311744541289	0.20644177448340628
-0.43816909883759414	-0.20398886251383247	0.8754406803400007
0.8898010307955979	-0.2365944419181376	0.39022710778280956
0.12752241535879916	0.9499534799261266	0.28517787354088353
-0.7748646453313952	-0.6165439507763821	0.13949314741771723
0.6226929498971958	-0.7824660870139193	0.0005593044375075754
0.10880382145760933	0.08729478469058433	0.9902228784481023
-0.5943818724191681	-0.7498177780369418	0.2906604367285436
0.7663345335218413	-0.6376942921501736	-0.0779575043915036
0.24380642417981124	0.17640660276427567	0.9536451845575591
0.035951165395637696	-0.7336360666701472	0.6785909190281365
0.853061597677608	-0.33118275832446686	-0.4032417279453169
0.5205702875447489	0.5933768636114434	0.6139303490268453
0.9910811286170256	-0.07076200054422577	0.11292004152577109
0.1261381286955753	0.22484032289790268	-0.9661966682246141
0.04298103056444033	0.9718228071403479	0.2317607873076738
-0.7602310031601307	0.023578577376274293	0.6492248243274839
0.11937740894920805	0.987394487011455	0.10392863538004884
-0.6385905230010189	0.1565125480857578	-0.7534626508493891
0.7310739665390544	0.4071943949774712	0.5474701637055527
0.5655380870449978	-0.8105281130730977	-0.15235107488839073
0.3817034549887359	0.4209951337213944	-0.8228399418067691
0.07962578426434586	0.8797463409384885	0.4687281835836509
0.9201723089185796	0.11595470416712517	-0.37394843024268054
-0.383331001067926	0.4610866319758744	-0.8002852375455931
-0.3972736583425289	0.8502574895825146	0.34530543261869384
0.9123788511340296	0.40640528624176375	0.04898546027239273
-0.09868369870698764	0.3345100069109891	-0.9372110663484068
-0.9650708774076531	0.17183616754634234	0.19776383163411748
0.25162155344100856	0.397684746287447	0.8823454178575545
0.07297119584847078	0.9012875091186354	-0.4270316504466265
0.5900659581542369	-0.7373851488257954	0.3287632998354315
0.8042715473779607	0.5013136423123483	-0.3191111250172702
0.0704942771136999	0.452711579620719	0.8888660093464764
-0.6472546732600897	-0.18228028015009365	0.7401589609073028
0.3635680193022621	0.7796093408403005	0.5099289862472832
-0.6699848380997923	0.5991520467652226	-0.43833450876407154
-0.7967549321071876	0.4340235495631726	0.42048202885195346
0.4691383307308057	0.005662941554548051	0.8831065381549742
0.3809078691783408	0.9008837269689879	-0.20812906015374666
-0.972736517615409	-0.14310185956647037	0.18249801392361936
0.19639612322233085	-0.08979498422399557	0.976404334070395
-0.12333786961305276	0.9856260541386022	0.11545151069814108
-0.5785300522075827	0.5172773112223487	0.6306561360894455
0.687868392502447	0.7249212404275874	0.036417986943644065
-0.43833783009089144	0.4548773224414528	-0.7752074356194627
0.9305382210850053	-0.35769438836192724	0.07844325104392659
0.3660248872072708	0.9019917111726516	-0.22899068741050668
0.011153521634821237	0.24179676902353028	0.9702628105028673
0.998052473884246	-0.0002569298453522599	0.06237943058886532
0.05758365834617926	0.38832381747183276	-0.9197220966550566
-0.02398711456192675	0.9215229496714432	0.38758234165637073
-0.8524363503504442	0.4051889716338828	0.3304151417043275
0.5125824145504186	0.5231638091297012	0.6808515969802554
0.10301231428755066	0.7497476415989436	-0.6536565895192554
-0.3387955475446276	0.4350771013678526	0.8342214890718668
0.7940853823878781	-0.34332662293419536	0.5015528241995033
0.5046245955577601	0.8323669538430436	-0.22917083520426185
0.437604663253669	0.2918979167307132	0.8504691440063609
0.3455805046813655	0.8185960343902112	-0.45877515981664996
-0.8301061820531247	0.4946677053223605	0.2573472125908782
0.16399335159548167	0.40454968156534865	0.899692022737701
0.9564860928563836	-0.288334365330408	-0.04469505500433396
0.2413307580993569	0.8678725994723453	-0.434231063237424
0.04423177402955669	-0.594916758967605	0.8025693739893635
0.9978802807925504	0.06469453189409435	-0.0070400815609499845
-0.0477335874576702	0.8011795475687609	0.5965172564024752
-0.9965156756653935	0.026561169261796455	0.07906334448143665
0.07884499892162987	-0.009171226193028126	0.9968446994166966
0.027202468604748054	0.999605118483075	0.007045055304622183
-0.5820651534242651	-0.1301501425909527	0.8026587678165243
0.33286159276169996	0.862476614304503	0.3812312288388581
-0.7418917153017216	0.48907568960376296	-0.45869559906900426
-0.8266152649664691	-0.0003599209529680514	0.5627673357448192
0.5545552941262093	-0.17073244204366533	0.8144438955449295
0.09578950611109663	0.9853173619147865	0.1413296388882319
-0.9344419054534765	-0.01880281429013335	0.3556188683228813
0.2572404562460239	0.6549224569745109	0.710565917435397
-0.2462634219749525	0.7554621297757028	-0.6071501440928313
-0.5805600170940615	0.17070482811691687	0.796121804882467
0.5294023621652024	-0.663739194628342	0.5283781036795749
0.6186139389681149	0.7282239649803444	0.2949688989413283
0.2978782623566939	-0.10846672745350994	0.9484215886676571
0.7311985396250987	-0.6127867791779522	-0.29973498113305863
0.6136914831293324	0.7827690159301389	-0.10322514826476348
-0.24042521121660565	0.22825262380757994	0.9434492342126342
0.8176395533529797	0.5714454023467941	0.07011214537760596
-0.5231264460951965	0.7882581378340892	-0.3240182549396615
0.9493849807449165	0.12705199457526825	0.28727330020456215
0.22094826252417163	0.37994825270822996	-0.8982322586900967
-0.2232711885208753	0.9162407521707431	0.33264524712983157
0.9994325977841462	-0.01119711909750687	0.03176644472315492
0.012363291982609893	0.9992478214196413	-0.036755141129553276
-0.031330998991186736	0.03712702401239415	0.9988192792443472
0.8910454485635984	0.2504387876738705	0.37857419645630597
0.40443873809068165	-0.8166770147610232	-0.41166486453502366
0.20607599502540982	0.5199221741659653	-0.8289834842050967
0.8583568242556738	-0.5126585513405749	0.020118946073226368
0.5128960655854359	0.8584043422150418	-0.008922509363496478
-0.012695989945434957	0.017977625086325708	0.999757779082294
