-0.13813615404897228	-0.7117144796531929	0.6887531505528985
0.8624605433040591	0.2554427343952428	0.43693342821115083
-0.4869088356029556	0.6543787197767563	0.5785397798899463
0.7697710140946916	0.21789948452816646	0.5999769999774903
0.2590655762853084	0.7523908140555662	-0.605634452544407
-0.5833846184496049	0.6216332339628906	0.5227183843995227
0.9497557818066694	-0.10342124306886198	0.295411579676379
0.19767175548118876	0.9299797319260873	-0.30994124490242975
-0.24267227284918103	0.35276301491054046	0.9036970860312865
-0.6097932089800566	0.405581697233783	0.6809227042409212
0.7309320775918996	-0.044369076680126796	0.6810063751403084
0.3064156331341374	0.912981309722996	-0.26939671094408113
0.5993796470253604	-0.5345256950024198	0.5958408513302311
0.682642841683508	0.7300615564531302	-0.031762784630728846
-0.41802247479055415	0.42578445858369834	0.8024741774029662
0.22879436951675136	0.8195248930387921	0.525387558062797
0.9492590181010111	-0.06819073076727289	-0.30701358405016876
-0.2157787131098358	0.5689718568850151	-0.7935430505281249
0.9473030086343206	0.11298548999180999	0.2997520456705423
0.19552861352953113	-0.9451429085757592	-0.2616743083685779
0.25374312034729835	0.30649496149246064	-0.9174286170902626
-0.9937252213922987	-0.08182749320478308	0.07625251290710791
0.10813717864145436	-0.528701235691849	0.841891533377892
-0.028575075928047252	0.8448545820043432	0.5342323467387322
-0.986024122544793	0.06493043282649522	0.15342903458190396
0.07586135011091513	0.9948988794153425	0.06649267100549436
-0.1483289766671376	0.07720271129344969	-0.985920004893815
-0.8902662128140069	0.22099000934360485	0.3982329545531344
0.4545636124293923	0.37691129666668244	0.80703766746056
0.028248762396724303	0.8995005782184654	-0.43600540960829814
0.8950210561043866	-0.03519402554764567	0.44463320804404605
0.44333445754975526	0.17950540040324614	-0.8781983659601824
-0.04890672631502299	0.9831272510676439	0.17626383727051187
0.19282228238122512	-0.37643190754884726	0.9061559393373919
0.6853670709934762	0.7125468247362594	0.15016324635575035
-0.7022047745601838	0.5920946221149204	0.3953889389543809
-0.4426886670089165	0.8036638921360401	0.39768215018858977
0.8648806520639701	0.26564468447913336	0.4259276456082458
0.23666052012803152	0.5325009390458697	-0.8126712423409583
-0.8394332956310058	-0.4841090442920589	0.24696189062423785
0.5209427404141412	-0.8462277910393166	0.11188023454803728
0.15482378175162037	0.22256899808227668	0.9625448756794553
-0.017482598117244175	0.5165360354048548	0.8560869598886002
0.59932992017782	0.6907592847184029	-0.4045432700651047
-0.8003111929385461	0.5060060619237234	-0.32165176783864613
0.732746837528643	-0.6668328373331368	0.13570570786083702
0.68035328701625	0.713713108369662	-0.16653229052498864
0.014194257217501179	0.21435383363857402	0.9766529358305794
-0.21738099267091737	0.9187317591103257	0.32966264396721257
0.9622875532126012	0.25830505066083886	-0.08532974707103534
-0.1635486745819484	0.29868119392614584	-0.940234744857549
0.11630341860214444	0.8695349393806745	0.47998177467243563
0.922130292058169	-0.2740677301809826	0.2730615383794648
0.36898406373469594	0.410847743658999	-0.833699521554462
0.9166980195036862	0.01168401916170948	0.39940984556498876
0.057492586637882065	-0.9930284071372231	-0.102903766209964
0.3954229931601158	0.11729478383431255	-0.9109789186175257
0.8162700376998341	-0.12768084158695028	0.5633833759041524
0.566393832834844	-0.014864799822424501	-0.8240006455415516
0.11358367699703262	0.9917039076346765	0.06018395053456049
0.2097413335702647	-0.6601371961230161	0.7212679497156442
0.9762820828487416	0.10089268335158419	-0.1915566787001679
0.053683029913459746	0.7443383294852947	0.6656414827505505
-0.5055926142229892	-0.3429701776353845	0.7916739011082257
0.8459308062237271	-0.016643229211545485	0.5330329014264386
-0.16963837869078746	0.9391988395298223	0.29854373264397327
-0.29967081968155984	-0.17675927562458504	0.9375252307602469
0.8636629468899886	-0.4677500994435084	0.18787271925399007
0.4053192741539473	0.8660057753567582	0.29283149258243624
0.16094519023661813	0.642597596753732	0.7491094542094814
0.7474221434414988	-0.5750416626662553	0.3326968976280725
0.644559372930853	0.506355028457659	-0.572841862927832
-0.22282855268116175	-0.4261865176328984	0.8767625039302045
0.9096945562338178	-0.41420325240443545	0.029857663273349266
0.35043294717902307	0.8042392168288802	0.4799958662800061
0.9492164320276069	-0.013502169786376847	0.3143339889032673
0.18571691559120518	0.8304988363892379	-0.5251484647406017
-0.2539633682877684	0.5568566908704444	0.7908307236069864
-0.08450198943009801	0.02777851810962212	0.9960360273172798
0.8457813939196315	0.5304803365339512	0.05696004081977968
-0.5267952614457733	0.8472419763458721	-0.06832119755844479
0.9234371936872384	0.10498039428176137	0.3691109130484813
0.10571290373870781	0.8550479834799375	-0.5076590666284049
-0.3689017908579034	0.5078110502572177	0.7784853280174863
-0.9616302242890431	-0.26114503625771346	0.08408675146396095
0.26599195540163256	-0.9625386053167972	0.05260905755105961
0.06719815023808555	0.07295685925773071	0.9950686937552741
0.20596128337472197	-0.16045057173126265	0.9653163024531124
0.24394209720464283	-0.9469044034897873	-0.20943806689102934
0.9476667151282874	0.2786174163306408	-0.1558849972101244
-0.33857857680887116	-0.24288489905679306	0.9090497638392799
0.8374281013578955	-0.5183048461171647	0.17341932287831185
0.42904396322776683	0.8199798853030685	0.3788855570171251
0.6402224895238526	0.19132116471593133	0.7439834513210758
0.4913154675662631	-0.846485562131619	-0.20511290654871092
0.5905288098289739	0.4968484729114656	-0.6359381414316325
-0.3277932083203301	0.0862129570976608	0.9408075991442364
0.8126197884719295	0.5336537984073928	0.23422788653189558
-0.4818720701212116	0.8412971826137532	-0.2449864456725308
0.7644083191744556	-0.26176408591545697	0.5892024142022237
0.5037406529076283	-0.32789385079975486	-0.799206467201001
0.40239939883787096	0.9077252810914508	-0.11878357581065946
-0.9903268808298029	0.07922271236517522	0.11391413850535892
0.08678372367591042	-0.2869289378972686	0.9540127723998714
0.10826474223336335	0.9546703862813858	0.2772781981088547
0.744127490286108	0.24790918637798795	0.6203348398324103
0.6123997202731043	-0.6241599840670895	-0.4851709975862054
0.2669098364802649	0.7409219591824595	-0.6162741188718732
-0.49307544284691085	-0.39703192590772246	0.7741073940167006
0.8608821958132287	-0.09427730667186185	0.4999936343379718
-0.12553267540013824	0.9129498558281852	0.3882835409210377
0.38680274226304956	-0.46106609892557426	0.7986248750191404
0.8741176492014703	-0.09257238320862449	-0.4768109575309391
0.2937719760839693	0.8825238842595866	0.36721876283639365
0.7173527366140011	0.5921695036201046	0.3670699255655826
0.6745231079664552	-0.7221996207693391	-0.15312179655390537
0.17442370278054864	0.35743948682670856	-0.9175038883652653
0.6228368333418679	0.738340337288495	0.2587041270745121
0.7752560823905784	-0.5380328096529761	-0.33090588156352885
-0.10512985184564234	0.40666231946128817	-0.9075094887555046
0.4734534603285774	0.8096249565100536	0.34691389522328187
0.8400902502670268	-0.29668325026510955	-0.45412269313305054
-0.2647455236811015	0.5064449415368114	-0.8206237437965069
0.6487695157380229	-0.02763496014750927	0.7604830204723159
0.695294523187711	-0.3846466596452869	-0.6071346417796437
0.3092953951713875	0.9226501266468066	-0.23033259066924705
-0.161841187647908	-0.35259775720511155	0.921673614461562
0.5649542342440548	0.7326727444086236	0.37949619604213364
-0.809094644148896	0.582121526156404	0.08062496880564107
0.8888887029851179	0.3203742712880774	0.3274709147421619
0.4513418198302741	-0.4898801817214271	-0.7458605561556915
-0.0785330209385275	0.8107883409702032	-0.5800472659784319
-0.2269191495795997	0.6261155119598067	0.7459806064753831
0.7928871989251867	0.5635534280432928	-0.23181333766896353
-0.5655418546267312	0.5388755880757287	-0.6243200391156725
0.10808722454721664	-0.07497599337446631	0.9913101191389058
0.8816888854062612	-0.45344532359084866	-0.13043024137313836
0.4592840746648465	0.888124956822576	0.017093853519711044
0.06631291807945006	-0.6796724533894538	0.7305121169421825
0.9683741884302943	0.2203235945567633	0.11708520343560036
-0.2405286429466502	0.6996448168786416	0.6727875609262519
0.14801018457306758	-0.514372977635172	0.8446972387437841
0.9826091901425109	-0.020349603952631412	-0.18456725892327214
0.11212566481464248	0.8573251037370235	0.5024156663482704
-0.4045758371967958	0.3474425765429385	0.8459326497787606
0.5219533304602029	0.8472830149062489	-0.09836774610043278
-0.7509215090660363	0.4017401506653042	-0.5241390450685814
-0.11466031715472402	0.9649946573787632	0.23587777110279307
0.9931527341170728	0.11670109348203284	0.005338679226262119
-0.022375396884998663	0.23487478794145056	-0.9717680667750397
0.4644844713073941	-0.18584722505066756	0.8658608345775072
0.22955125561450532	0.9695806203734899	0.08496847440058242
-0.8553130403309042	0.15929290485493985	0.49301660570692796
-0.8099346780929624	0.3692135793872905	0.4557270564915748
0.38006861414221127	-0.2614040089081875	0.8872518203254066
0.446714299935058	0.8918235682705148	0.07139367836704946
-0.6974523552133141	0.1431538993654872	0.702187420354322
0.33133043436281007	-0.8044138191110153	0.4930908140375183
0.6354371373097051	0.576563412574616	0.5136090690476174
0.0601902003815068	-0.3241265345965251	0.9440969914942435
0.6729202553720207	-0.6854019244368947	-0.2782131051698603
0.7372621444832824	0.6520476911611979	0.17685683125981466
-0.900169363783974	-0.4214750976246152	0.10979006597628194
0.43540550311242143	-0.8645662979804283	0.2508927345616777
-0.010824248896548753	0.27364915216155594	0.9617686713327104
0.48924064169047665	0.5409767094264902	0.6840963341345847
0.8664287505489149	-0.2117879829497893	-0.45215823613012474
-0.09972369197205194	0.8139349176292575	-0.572333063105144
-0.5871506368649526	0.1917795126078985	0.7864316551188401
0.43256980876647577	-0.7468433534531123	0.5050825337968488
0.6842057367289577	0.636746122050843	0.3555515235242247
-0.3444645991925366	-0.8878907183605529	0.30494952394176045
0.9359738259998858	-0.34998743574852864	0.03823338673600782
0.07278143270272044	0.2985948208984055	0.9516007545112544
0.6467289620716253	-0.35596802393955296	0.6745579408400202
0.5486540174957302	-0.39724354905462667	-0.7356468798413269
0.5298305565966852	0.8458630673265353	-0.0616056217352956
0.7614944871000495	0.5211214255323695	0.3854330109984656
0.5839391361764341	-0.8096506756330761	-0.05899888717952931
0.2813205135743788	0.26999674682857544	-0.9208477210398218
-0.6913453442470507	0.3456100769671153	0.6345039713718988
0.6255101719545392	-0.15324624011924248	0.7650180485914814
0.3616332946084052	0.9257803543973592	-0.11023654404311789
-0.8970201229690422	0.09634253395589819	0.4313618146516463
0.19270741611854286	-0.7930570483282504	0.577861895152984
0.39776720674474836	0.6014803689629781	0.6928222102319184
0.5638008530571323	-0.1504571456125976	0.8120906633043871
0.38114186619734125	-0.8249075376719759	-0.4174427291540304
0.7327069509180718	0.5448763177328106	-0.40773805617120806
-0.4449054485358288	-0.40108944112029055	0.8007411579811206
0.4670935130639341	-0.8667883289422964	-0.17464719540551932
0.7641222362402009	0.29631951172886717	0.5729851263794206
0.8104496426444503	0.12997931168224217	0.5712064033885591
0.17053063312073605	0.8804981230853288	-0.44231477299617067
-0.5604379358188769	0.45588203932357724	0.6914339348898437
-0.6217147028523258	-0.029103867084309842	0.782702876689477
0.5316299695114481	-0.7495388346561467	0.394412361443657
0.5751872771319795	0.6613202705671768	0.481471801835222
-0.5895214135619928	0.38361147477223356	0.7108493084859417
0.51340764007038	0.8573514640946447	-0.03689257556924472
-0.623600110703352	0.34320650261590513	-0.7023761089992497
0.5663867661188555	0.038578376561737765	0.8232361386791069
0.48532218126812066	-0.822944938956808	-0.295337108766455
0.6660843876976688	0.5668097884716143	-0.48482806453235083
0.9280436733348304	0.3374503025449047	0.1576776258558798
0.35470989103093786	-0.9298575337105344	-0.09770291810679009
0.11364784902502445	0.14660238850071372	-0.9826453613068504
0.682828699281963	0.3037046047165088	0.664461045141769
0.7305566763654319	-0.2768139828655083	-0.6242282927807968
-0.005648898547181813	0.9116674459275836	-0.4108899584816845
0.20301611215424376	-0.16154755753141986	0.9657571355477567
0.796720159545568	0.6006215723671227	-0.06701279117399817
-0.5692288165399394	0.7830428554446288	0.2506440523085717
-0.31607836833811787	-0.251509587003123	0.9147881682194146
0.2811114708828898	0.8960939096530912	0.3434997030867653
-0.9061295746231726	0.36573027319071666	-0.21253367089727782
-0.16581746468778102	-0.049537370392992074	0.9849114769049369
0.07333876164845352	-0.9965913271109934	-0.037777675511079495
0.983425642559918	0.06596798967451263	0.1688852565913187
0.554179418136948	-0.2865360749612075	0.7815255915574479
0.8320070843595456	0.16193270308682517	-0.5306053253092378
0.025483015695196065	0.9442853792243209	0.32813981546630233
0.1704687224172411	0.3932036124242366	0.9035105610085388
0.878382877246046	0.35487486892622144	-0.3201676878848876
-0.44652428336921535	0.8482067829138882	-0.2848882549009013
-0.466617993571836	-0.20197672845484088	0.8610882935202833
0.6338096061049916	-0.7554071749712374	0.16626900857047858
0.6168898048144658	0.6233501433100452	0.480501371019185
0.16742727369598098	0.4477896048431236	0.8783237317852515
0.8136911336260468	0.4402685848761063	-0.37956595241084223
-0.5566640342981484	0.7782339256069669	-0.2906494623309668
0.25966244895600166	0.37168775158718925	0.8913044529913624
0.5222956459605917	0.7222701994790206	-0.4533574937674947
-0.8122700725822539	0.5832443521068984	-0.006584445506208514
0.2811054357671371	0.250000704932245	0.926541624275752
0.7688244617177458	-0.6364941314488692	-0.06151558904512239
0.5743593657690163	0.7296402320078921	-0.3711286175827502
0.9485851924764773	0.23491095007448323	0.21213905380544185
0.2998464606588695	-0.881586097730771	-0.3645518513437848
0.10138161887005724	0.4094176325256835	-0.9066967351503761
0.7543377107459334	-0.03626588317215679	0.6554840988645934
0.561151819607761	-0.482577522753481	-0.6724786761556178
0.3407099257395996	0.8751021198985047	-0.34367575743956613
0.6061242412806369	0.0465692445626536	0.7940054846113068
0.33453428465194257	-0.9206154641203974	-0.20138018674834568
0.7215956045628226	0.38768346970595646	-0.5735863586177459
-0.7367341863009416	-0.20980108210880669	0.6428112045394542
0.5228586853332956	0.426049456269718	0.7383093226987016
-0.42876745901132474	0.8800371394198381	-0.20418888151591608
-0.7604621608570756	-0.39979083333728366	0.5117270673748535
0.4538391865647808	-0.8908235590289675	-0.021526249491774438
0.46446452463326593	0.21587189779692095	0.8588783552394076
0.034814369002551304	-0.928637523729383	0.36935120039430513
0.9831291026434851	-0.03458154980663708	-0.17961426432326316
0.17956928258020677	0.3693730714802191	0.9117666405494878
-0.6327289109444139	-0.55838306780503	0.5365281678008523
0.625231504106256	0.04040948340860029	0.7793924813107187
-0.4568803908334489	0.8285984692474959	0.32355043692225427
0.9896005139881586	-0.003180088981781737	0.14380789181557518
0.14173959026284372	-0.14879011261136288	-0.9786579540070263
0.024509411794112958	0.9888636859664558	-0.1467920274072836
-0.47209729484427765	0.851122664865497	0.22959606606597088
0.8810583540894266	0.44688626788460417	0.1550123874579072
0.029331227215128222	0.2754684608597226	-0.9608625324059781
0.10878073142006583	0.06258479793254407	0.9920936929239386
0.9820367781640602	0.1480238138302602	-0.11701588299157067
-0.15417690749547414	0.987001567175497	-0.04535843458768096
0.34459333325182295	0.2804688399319296	0.895875362149019
0.8538848033996874	0.3028712607476459	-0.42326084384952123
-0.3900463782699121	0.9108272224963246	-0.13512066295780079
0.3661959873495587	0.2635498742687584	0.8924359711609587
0.44055049839088334	0.7956590553580009	-0.4157426198916321
-0.8196436769820324	0.5454063910514209	0.17526012491048415
-0.42573249212059605	-0.2253032254409073	0.8763505587142114
0.897466031213145	-0.2286096663985444	0.3772165734000464
0.11535409819903664	0.947088209743459	0.29952855455468197
-0.769919403525209	-0.6235281456492199	0.13578204468423413
0.627900131096526	-0.7781827212862864	-0.013155898313493765
0.11386631391395595	0.07512858227542155	0.9906513810018809
-0.5834020509095128	-0.7560052919632689	0.29681314916645196
0.7784738131793947	-0.6247027385187571	-0.06103286558157098
0.23156115647600947	0.19545456508021922	0.9529831812790798
0.03175516159512537	-0.7430328501090753	0.6685011543526695
0.861671909522318	-0.3185665975045797	-0.3950149912275697
0.5064712529376465	0.5885724310678672	0.6301344010087302
0.9895475580557045	-0.05851728996887575	0.1318004443114309
0.141370981884923	0.213283196246011	-0.966708086073546
0.02845831735863623	0.9752363841519573	0.2193265127597005
-0.7673110968766628	0.03134584720061951	0.6405084843100889
0.10394400828844946	0.9916759090145806	0.07599035873738222
-0.6327948512360563	0.12488526471678196	-0.764182142493369
0.7445970179194201	0.42034746261542444	0.5185395757107464
0.5505472434782546	-0.8259913995421138	-0.12097909150326464
0.37745597571637685	0.3755612048058667	-0.8464518697721468
0.08868891688147196	0.8861909248791476	0.4547525928284879
0.9278461451584076	0.09254444123728311	-0.36129912442567935
-0.3622648298373371	0.453983668272241	-0.8140411672667454
-0.41571608833596607	0.8476347958368335	0.32968983421587716
0.9060162918809156	0.4176315520329862	0.0686903602616459
-0.07946453765673592	0.32726004894146254	-0.9415870897701564
-0.961466579540565	0.1788435017188019	0.2087989902263027
0.26266019036075966	0.37327389304376046	0.8897618924024588
0.08118892058782548	0.9103195058137072	-0.40586544138282044
0.5982009440347771	-0.7288692433636462	0.3330244084664177
0.7997281927268335	0.5166036547447396	-0.3058684057928355
0.05089644696611234	0.4492997774124574	0.8919300766895026
-0.643630618581805	-0.16820796186157422	0.7466228689173529
0.36127804630871146	0.7932395712833193	0.49015217617145834
-0.6746983030061393	0.5852153997603199	-0.44978343211372884
-0.7938815985245029	0.4347857345514095	0.42510395499779885
0.47354168929478563	0.0034949932014650686	0.8807644710831393
0.38145809209403336	0.9005271512026234	-0.20866378201035984
-0.9739091460847638	-0.14918629418819443	0.17101001373849087
0.18566181301724585	-0.0904536003875902	0.9784415349749166
-0.13050159523773866	0.9846631890160794	0.11579178657007527
-0.5727560803149632	0.5196772843084412	0.6339447867409609
0.6945145845848648	0.7184460688441197	0.03853229763903146
-0.43543078010305064	0.46235350797440045	-0.7724178075385197
0.934137501554899	-0.3451089844892415	0.09103250525815196
0.3569072543456518	0.9017382526738636	-0.243896157124575
0.0020832628780802984	0.2603227083630847	0.9655194185133146
0.9974810187869373	-0.022468281318217355	0.06728144985342566
0.07076626867129338	0.3803741110386214	-0.9221212885894787
-0.004873641155840859	0.9245597395442784	0.3810059522313268
-0.8518384335558102	0.40907883714654436	0.32714796058666673
0.5119414655159243	0.5180285608238336	0.6852461937553506
0.1108477289013712	0.7511996506719228	-0.6507010571896974
-0.3442742307259663	0.46304802601808936	0.8167385013936804
0.795773161175257	-0.3177111888785493	0.5155624854607996
0.4982171514622741	0.8274334571807751	-0.25910141629618266
0.43710437618819153	0.30785342567831536	0.8450834471312628
0.3173856484222833	0.8263546337529311	-0.4651928303946932
-0.841549828882817	0.47155517977558575	0.26349496756886315
0.15536998692802284	0.41178771562196986	0.8979371049382165
0.9619221554457396	-0.26997843980536196	-0.04263107907249303
0.22486870396880176	0.8703691856350972	-0.4380542736605695
0.03383236621795982	-0.6006989856598077	0.7987590998688979
0.9983884642512018	0.05674789233971489	0.00038879959742127435
-0.04556144692852371	0.7974587170144158	0.6016508532458846
-0.9959984222102847	0.012999416387557618	0.08842034906177831
0.08835835241094198	-0.005269698939587286	0.9960748123671787
0.013414339858808064	0.9999016178838142	0.00410000481504369
-0.5620051088023965	-0.13689132714680402	0.8157272964857759
0.3363802659219115	0.86314499734901	0.37660195199929825
-0.7556444761779909	0.4860467859202078	-0.4390443571193292
-0.8330251324022968	0.003880803450653336	0.553221536231836
0.5449524646399466	-0.16663056298404122	0.8217427010703952
0.09537263794707024	0.9860117620212238	0.13669259338683382
-0.9290991244619129	-0.013204984804393138	0.36959497466878927
0.2697326325632718	0.6595193877971697	0.701625601050969
-0.2530200068267216	0.7515715571360869	-0.6091970704537601
-0.5775165082320077	0.1691649961341484	0.7986600570971625
0.5262790519747388	-0.6707401272103453	0.5226261007665232
0.6241033906109463	0.7221432585247773	0.29833550240482143
0.3014081281217399	-0.1041184434502318	0.9477934849088433
0.7195483307602387	-0.6273748650320172	-0.2977431416946702
0.6256223621341416	0.7717254229708642	-0.11417763151396088
-0.24904032580406654	0.21815783363339236	0.9436027107569105
0.8099968637770273	0.5810277990742228	0.07944669517572545
-0.5309274873226895	0.7841006672152179	-0.3214065134341024
0.9479760734002879	0.11757484163162119	0.29583360335815667
0.23389086610065507	0.37317055565877477	-0.8977966357388553
-0.21595468741209908	0.9202825071708255	0.32625707652114155
0.9999997365896998	-0.00021430111232054088	0.0006934663397566568
0.0002146605506209875	0.9999998426490405	-0.0005182882809543287
-0.0006933551608839517	0.0005184370042981863	0.9999996252407765
0.8971172844760755	0.2763791073953628	0.3446667475832485
0.4038133577874556	-0.8294379476740934	-0.3859630332436105
0.17920756113147857	0.48543514495093	-0.8557086946384131
0.8659180672625073	-0.5001856751395404	0.00043723399453390416
0.5001857446678142	0.8659181354291643	-5.9715857891732595e-05
-0.00034873982859693063	0.00027040725140055544	0.9999999026302204
