-0.17060606100199194	-0.7002748324047658	0.6931873708095534
0.8559128916641676	0.24321315287168888	0.45635565533177647
-0.4881666660398548	0.6711650477868236	0.5578806187678896
0.7881384795450894	0.21067467010976804	0.5783199118433455
0.2649438329795656	0.7319693826792695	-0.6277145754132409
-0.5555560299613809	0.6479483051866635	0.5210762817278096
0.9528684887559656	-0.05242547981669901	0.2988196984837362
0.1609635602473629	0.9222563163412176	-0.35147406624276195
-0.2571621578079008	0.38300764487764044	0.887227574276672
-0.6132468168654801	0.3045040167442823	0.7288385592097568
0.7430194968222976	-0.09074120443621214	0.6630897836337138
0.26804919128080973	0.9481789586381167	-0.1706056665226583
0.565251616409075	-0.5490826779051403	0.6156288029092271
0.717760404622757	0.6951985316645577	-0.03897439065872643
-0.4065840770402894	0.46390431599195425	0.7870718988131472
0.2301956354175837	0.7986664718537849	0.556005248330735
0.9508803400424118	-0.06308544648915104	-0.3030623786650064
-0.2069699213787408	0.5984580964260504	-0.7739582407769725
0.9468917285038475	0.10562639661017989	0.3037089376856482
0.19454972345240543	-0.9402092368171453	-0.2795657277069445
0.25602042808258196	0.3238049649756313	-0.9108259356548545
-0.9959745749958608	-0.07144803742817799	0.05412784781862536
0.08472091564303388	-0.5531290572239154	0.8287765757471603
-0.029274774370104485	0.8300261586252835	0.5569556208382631
-0.987444837858402	0.03199591164431339	0.1546898633551786
0.03920928837631806	0.9982703097584418	0.043806624610980976
-0.1530206649175766	0.04932190479730042	-0.9869914010848062
-0.8748876722984287	0.2515314415066042	0.41388826365801656
0.4814656705488639	0.3589477820230734	0.799591957102902
0.05255824334175363	0.8988261365327146	-0.4351427436399502
0.8858481961888491	-0.022386723656962065	0.463434793593305
0.45762162587296995	0.2068888067529705	-0.864742429382132
-0.07652072165330018	0.9781083049663972	0.1935167251516502
0.21813572889346933	-0.3514070443317447	0.9104558709647284
0.6546756947331085	0.7445561486606607	0.1305215546081404
-0.7237517105374165	0.5675819153969155	0.39247194907220084
-0.47440820622933866	0.7805333047726143	0.40706831613747896
0.8421544947289076	0.2677543602368725	0.46806346747213834
0.25634480854926556	0.5648675621018474	-0.7843544966499241
-0.8285350408085086	-0.529760777688196	0.18133726747594237
0.5510639157199339	-0.8288869784704775	0.09630647804533392
0.09928870501651933	0.1797217163986602	0.9786939550803725
7.166736144104124e-05	0.4898363123179615	0.8718144194715581
0.5538920553050737	0.7258432062067635	-0.4078666829656562
-0.8325884853477802	0.4829203113746888	-0.2712644225254448
0.7150259013778513	-0.6892629837763616	0.11685246918443053
0.6957243251967536	0.6851638858405212	-0.21568058064980924
0.06859754870484157	0.2355143068597406	0.9694469493355801
-0.1725236950972553	0.930596808959493	0.3228392073221564
0.9645724419957221	0.2260245987521008	-0.13606206268229606
-0.19958852364902793	0.28792787276219156	-0.9366226354910716
0.07109327148886979	0.8671454749110464	0.4929548377795937
0.9264323580130068	-0.2405680186846304	0.2895688422683129
0.36968747987383843	0.43610291643996946	-0.8204543945260352
0.937177314115899	-0.01545993081504854	0.3485106489703054
0.033883245716653194	-0.9902602096574151	-0.13504311470399638
0.347203985527549	0.13836801548206773	-0.9275255709280146
0.8149052944195795	-0.14258907136442137	0.5617808450404573
0.5659039379077493	-0.013677515182981104	-0.8243577249222097
0.12522816850629379	0.989687466984326	0.0695458374506196
0.18516947667502148	-0.6885297105216289	0.7011698101294014
0.9817210849559336	0.09766153187360516	-0.16335830724222655
0.04399973023603132	0.7186021590011422	0.6940280691860047
-0.47302703973570237	-0.3866859036727949	0.7916561321556429
0.8437605243053378	0.05981396360978353	0.5333764780914785
-0.2536012565088356	0.9202696896334475	0.2979766786832455
-0.2543748076501684	-0.1726416690069793	0.9515714956614789
0.8850386223071679	-0.4382133347874819	0.157085041423632
0.38987189467512245	0.8821360027438618	0.2642649776370518
0.14598730177928954	0.6325864886467751	0.7606063647516671
0.7620270748753186	-0.5622017449631	0.32131594283105713
0.6308743495151538	0.532694595750688	-0.5641223473519223
-0.16061383185172917	-0.44183907099967656	0.8825992478787001
0.9207725966889649	-0.3891467909305677	-0.02725069347928044
0.35550108608071107	0.808296363004674	0.46933566596717435
0.9399019204977948	0.031774920719701005	0.3399628424663698
0.15970028399270453	0.839131064995577	-0.5199566088165802
-0.30179496208055995	0.5430003776910707	0.7836264356759208
-0.0732959228367509	0.020423510383168753	0.9971010921261384
0.857585910936568	0.5116481444340428	0.05256026693518423
-0.5090914584420035	0.8589523016564015	-0.0550166376704766
0.9220656061903724	0.07448022716044075	0.3797995703564056
0.13791031280191743	0.85367043690525	-0.502222590866716
-0.3616293178154371	0.5154604552399036	0.7768685574665852
-0.9593096012143048	-0.2311384421922868	0.162173085186707
0.24682876526143593	-0.9653999959731927	0.08413327768769628
0.13711546104494196	0.12073884344270881	0.9831691014401084
0.1928879771784271	-0.12359815519932521	0.9734052210109303
0.26212253058432217	-0.9494916323888383	-0.17250338832512907
0.9455612128361048	0.2884252694458353	-0.15074765910292487
-0.33823641669454885	-0.24059802479864056	0.9097849838751049
0.8542477564837405	-0.4840685857652698	0.18957419343810533
0.394787154000897	0.8413026772441682	0.36925994678230045
0.6265481221640528	0.1888174671618085	0.7561649388243934
0.5109086283493716	-0.8321762865648432	-0.21553422363353852
0.5885659046282439	0.5213737547803379	-0.6178669628126994
-0.34107882138473666	0.09858756393636059	0.934850645739678
0.8030110254883898	0.5475761767141989	0.23523100059121693
-0.4887110910823321	0.8309276881487068	-0.26593353778897844
0.7466670941960885	-0.2989688197817476	0.5942271411195206
0.49005886437945767	-0.35683295144736427	-0.7953065787509113
0.4498116938096273	0.8850355301114594	-0.11992310266350725
-0.9929149797431933	0.024132312921149618	0.11635065309077475
0.10551503661822723	-0.2712541872695198	0.9567067173048419
0.054648147718182195	0.9622051742543417	0.2667860239764138
0.7268558195240784	0.26821872461448204	0.632249423400418
0.6171486360437554	-0.6590085949252542	-0.4299246827573109
0.30134395406796	0.7026851269102135	-0.6445350523950302
-0.5072339778231787	-0.39291060521271554	0.7670299525136242
0.8501983544568448	-0.08254008753275488	0.5199518170263071
-0.14098386368853816	0.9158648318728384	0.3759190869296064
0.3760536005236048	-0.4383397450086971	0.8163589636176868
0.8723379073907483	-0.12958152907567166	-0.4714182884143774
0.31242641511620517	0.8894194147128347	0.3336507753168204
0.7298623050831163	0.5656029818092402	0.3839196303749739
0.6614531761455135	-0.7261044692362328	-0.18775514779142966
0.1725708880019238	0.390980263854412	-0.9040761704030045
0.6064053455106455	0.7426758404318139	0.28408652374763116
0.7929883507926223	-0.5384786440911189	-0.28497407840887407
-0.05866883707140834	0.39808710842815426	-0.9154696180977278
0.47787190913859123	0.8034268484212358	0.35516719681321746
0.8450306981739814	-0.3100225111383239	-0.43567093285079495
-0.23991989829906107	0.5083220847291693	-0.8270713999267292
0.6366247639765104	-0.03476970202896107	0.770389497405481
0.6989600100213496	-0.39606389621645266	-0.5954731685851153
0.32582789058459555	0.9175644162317214	-0.22784145316981408
-0.17733060379753307	-0.33844320486172297	0.9241266439399571
0.5800263144116534	0.7226513743880966	0.3759580637318861
-0.7950618413348967	0.6026866417782304	0.06815776019825504
0.8922523304160965	0.32561191879191864	0.3128300772107597
0.4413654843765128	-0.48270162644176606	-0.7564361500031316
-0.09530103917655425	0.8130043162069429	-0.5744055133446666
-0.23672608673835382	0.6311190299198333	0.7386809391953973
0.7937262226749886	0.5640942931821922	-0.22758803096247746
-0.5603208396049894	0.532434407671341	-0.6344715582530305
0.1099830323489589	-0.04320489995031096	0.9929939925375234
0.8766605207340796	-0.46656616826104913	-0.11739821983511617
0.4683695805467941	0.883430442793594	-0.013438331888081079
0.02049249196848346	-0.7152336186869326	0.6985849472132339
0.969661864454058	0.18445779262069983	0.16040944911375643
-0.24358966808221058	0.6741039930466917	0.6973147640499979
0.12003202146120329	-0.5177605342825198	0.8470633641962194
0.9908239891345862	0.009080357954342921	-0.1348531410640726
0.06212999581009848	0.8554773966849742	0.5140994917151118
-0.38135253650916257	0.3214116071222997	0.8667553413190414
0.546806593531949	0.8344241079021434	-0.06884008586352947
-0.745367555081393	0.4476951942547213	-0.4939597360850514
-0.09861167385195291	0.9542733426485461	0.2822022772595678
0.9950005896608676	0.09004958000777186	0.043184484655363814
0.015797605978168067	0.28504992659320905	-0.9583824784471824
0.4667194749581466	-0.11628760380425755	0.8767269386167257
0.23861364082702075	0.9711129455995235	0.00178249832825908
-0.8516081623059196	0.20836708015058603	0.4809851326220528
-0.8089025911906098	0.3602419487091038	0.4646529203129854
0.39645575105912195	-0.24939112014663767	0.8835309313454472
0.4341652167289149	0.8989047822668835	0.058913130968073935
-0.7046278338290501	0.12494906492796551	0.6984893320352197
0.3306904854391185	-0.813114108082643	0.47905036277724294
0.6278084251054779	0.5685359957035219	0.5316233656979201
0.0715539434822895	-0.28800874314628144	0.9549507825241219
0.6716690984928486	-0.6938797601380691	-0.2595987299671165
0.737387723861699	0.6599862440551584	0.14379673972669715
-0.8953282967186058	-0.4275013212636079	0.1250194441390236
0.44536999611256517	-0.8556552016366439	0.26362803810453983
-0.005727796928546219	0.29171355167359725	0.9564885760490404
0.4849399820683531	0.5493122504194266	0.6805066240167619
0.870366031263714	-0.22713946590438527	-0.4368874393375508
-0.08541771135892706	0.804154036592378	-0.5882517318447837
-0.595582335894014	0.16332333378889324	0.7865158420598479
0.45735726961916495	-0.7359787262279474	0.49915893507618436
0.6603832289644644	0.6570089825717528	0.36363881492835426
-0.3454460366205796	-0.8971371966510807	0.27533958336602027
0.9379890361849611	-0.33916531871358835	0.07171788186162542
0.02904485806371085	0.28304016846898356	0.9586681695211896
0.6472030666238155	-0.3682127892230791	0.6674934699345675
0.534218795917125	-0.405566953206687	-0.7417046073441248
0.5438184151365105	0.8366210541931188	-0.06577798293660586
0.7549394842952319	0.4952358007691868	0.42989286652438385
0.5695359409526006	-0.8200960578605059	-0.055419020605692884
0.3251079620914953	0.2866774450809843	-0.9011774827782566
-0.6858883123552089	0.38892640582679666	0.6150556672571788
0.6300486995009105	-0.1055462417770201	0.7693494830725229
0.3641371434387529	0.9152028418320153	-0.17264964254486137
-0.8993786840599016	0.10093152147628698	0.4253596250599743
0.1849846027908843	-0.7937228563425811	0.5794693469456978
0.3961043794115117	0.5998473599940709	0.695186640636286
0.575661332117511	-0.16174312306769187	0.8015317790611938
0.3634506534229289	-0.8274733452870577	-0.42800874449699255
0.7324736536088781	0.5377053328541157	-0.41755876447406304
-0.44682267323495317	-0.4217165976572221	0.7889896133306109
0.4715416456743579	-0.8604896214656339	-0.19288879631707048
0.7602617806242062	0.28585437308242573	0.583343211421685
0.7795194149171166	0.12266417906284058	0.6142499336118121
0.19407393144778198	0.8850832234621857	-0.4230401832901791
-0.5955541880464597	0.44897793567237365	0.6661336370276584
-0.6383910474365262	-0.03891018153192133	0.7687280847777371
0.5171396941769584	-0.7614122536883843	0.39091932241798594
0.5701082417045527	0.6470992023687931	0.5062007655409216
-0.586001475731863	0.3691933933754249	0.7213172039595465
0.5325433194848632	0.846402553023708	-0.0005754189708669921
-0.6107371638537499	0.38379546183206487	-0.692604620375139
0.583459215398281	0.06473923863970177	0.809558012094979
0.5204876555991438	-0.7950038121093397	-0.3115470094552751
0.6234323895465566	0.6031399254832746	-0.49754827499680965
0.9176193286678227	0.3679131038108854	0.15038189950740427
0.3849100723033352	-0.9169105009753122	-0.10544842075935983
0.09909088704142087	0.15464501687879373	-0.9829882577426354
0.6804313218226163	0.3064435716733729	0.665661741173994
0.7317357263285442	-0.23491157849228417	-0.6398276151470026
-0.03969940927979848	0.9224472275801632	-0.38407690536207095
0.22833564491797964	-0.18425148045151774	0.9559886114443594
0.7909260290343265	0.6076860567985642	-0.07178908669570838
-0.5677137041290108	0.7725082836604642	0.28448567946397896
-0.2827887821273598	-0.24721016110916022	0.9267780969289832
0.3156336301040518	0.8884222329551552	0.3332886849839259
-0.905762615838313	0.3867726363580534	-0.17320800072276632
-0.17710122596619393	0.0385611844979495	0.9834369277240845
0.091421057324766	-0.9942673500045225	0.05544931913564749
0.9799374194502898	0.0997269861426692	0.17256066236546164
0.5592886548511038	-0.3544730298271942	0.7493631107013289
0.8238035447105886	0.13686802457371916	-0.5501044115179927
0.09243332882198041	0.9249951432166641	0.3685648718319079
0.19635942527512973	0.3354094117793742	0.9213813014140426
0.8905978542545907	0.3321167257994937	-0.3106991188293635
-0.41021754972543495	0.8815889103964718	-0.23350065302525858
-0.4748363415584047	-0.1527408015564165	0.8667183488742659
0.6100289688251215	-0.7669717762667947	0.19904509942301302
0.6343462035273714	0.6232371474407326	0.45736238599205903
0.17549702075875218	0.47823109989799856	0.8605206626195288
0.7928267912927549	0.44953227966672593	-0.41151720322007307
-0.583632139890562	0.754463878941853	-0.3002628526121345
0.23770925262691156	0.35022070413187	0.9060020803579495
0.5360561829137414	0.7305353299596291	-0.4230388876223145
-0.810023505816655	0.5862282747174115	-0.014082966532035446
0.2729165919588774	0.25216897864868815	0.9284004200994465
0.7727857489538529	-0.6322405437342304	-0.05544439622249209
0.5729910296395433	0.7325863096358828	-0.3674215275221284
0.9480711964210778	0.2590715975501878	0.18450721899020528
0.3089393519425281	-0.8880150971517855	-0.34056668077167546
0.07561404193691007	0.3798830011639098	-0.9219389470505435
0.7392287234974693	-0.009325482630178739	0.6733898794383655
0.5868788868474594	-0.4815248612233658	-0.6509277841638849
0.3303241839904991	0.8763828178356375	-0.3504840796291302
0.6081227964003104	0.019864985744082853	0.7935943843297115
0.3605319321756324	-0.8975522282996478	-0.2538044982974931
0.7072505852807558	0.44046041798977165	-0.5529839326818671
-0.7488252533995277	-0.201374219700609	0.6314342115463046
0.5261075320208001	0.3988135059421499	0.7511049542035476
-0.4030776657445999	0.8946486523312386	-0.19269713090698226
-0.7757445068992719	-0.377399031364997	0.5057572848119614
0.413078774897751	-0.9095759326481441	-0.04513921218000849
0.4770601489797471	0.1739011037113356	0.8614940628834309
0.033008269097568266	-0.91327397836387	0.4060062741074473
0.9745128010359853	-0.06077776146316838	-0.21594180773653876
0.22189018632688692	0.4027861767178155	0.887991014063129
-0.6252521895985981	-0.5654053889453963	0.537937213393593
0.640743120352103	0.021603250392623785	0.7674513361079803
-0.4455423135052487	0.8245301969752102	0.34877213356633274
0.9944272769487885	0.005676316356498158	0.10527188747637388
0.10508933701120743	-0.13296896250932755	-0.9855330974938071
0.008403696017957707	0.9911039473444822	-0.13282448362942656
-0.4570337384493288	0.8644136829422946	0.2095450945767247
0.8888884940215105	0.43552424768191866	0.14211219116342505
0.03158175288361116	0.25121228955454566	-0.9674166519455625
0.1083588201703205	0.025265237598225854	0.9937907394720485
0.9854406455232214	0.12901918252810596	-0.11072842765322594
-0.13101564884422212	0.9913201896001536	-0.010917025650008183
0.36516357773190244	0.33424995012962516	0.8688685357039809
0.8468324429598684	0.26841487137988185	-0.4591603972172935
-0.38669157612838956	0.9034547181018342	-0.18503836707795873
0.4236810625869174	0.22367916665374232	0.8777596411377708
0.4472255331657955	0.7910294774928575	-0.4174466291898246
-0.7877078644331226	0.5694207549277286	0.23510917499694717
-0.4412478544814593	-0.19216989854740862	0.876567773197137
0.88632598738853	-0.24620718083941462	0.3921839723686512
0.1404513260715473	0.9499751334616008	0.27896356537970624
-0.7779967133639765	-0.6121953136324694	0.1412020253441623
0.6201347208938377	-0.7843258968706475	0.016303847397992864
0.1007672661967818	0.10024861826727294	0.9898465399236033
-0.6078382213902258	-0.7405912681816286	0.28645640176175835
0.7500080986990566	-0.6539444875619844	-0.09921924749321515
0.26080749318797003	0.15453537032155695	0.9529419031696456
0.030737209729331916	-0.7278623298312881	0.685034052256254
0.8436914242156932	-0.3485963631887037	-0.4082466855670779
0.535947762979705	0.5905057191799065	0.6033763261620986
0.992041898274676	-0.0780440554117547	0.09880282122725179
0.11417205408443011	0.2267707202114323	-0.9672330549153757
0.05308120320527107	0.9708162369211154	0.23387650586710396
-0.7578478865984664	-0.005142131865748106	0.6524110201844491
0.11659045004227235	0.9828053968580929	0.14317897494236706
-0.641929316776527	0.18457277802125058	-0.7442174694780683
0.7202527773392888	0.38284671550475624	0.5785017970259565
0.5765101501703473	-0.7941621086390174	-0.19220455757497842
0.3858393234049692	0.4719480242878974	-0.7927124818527496
0.06218020032014515	0.8729330977348174	0.4838609609869785
0.9135287906842521	0.14548589219050445	-0.3798670869718786
-0.4019934965632087	0.465641130112696	-0.7884031752017853
-0.3818950385144593	0.8483727298508668	0.3666331829000578
0.9160860788446945	0.399949279039308	0.02875535329098952
-0.12223941960346195	0.3468490816498231	-0.9299210928103965
-0.9699219055434427	0.15572828254121057	0.18708340162542925
0.23606747474584938	0.4143577029855263	0.8789652105423036
0.05936029408699499	0.896691918104163	-0.43865699526233715
0.5917321352622416	-0.735747540888058	0.3294368470210392
0.801218604867248	0.4917088881946142	-0.34098550773456204
0.08889222301511557	0.46572301354731405	0.8804545685836602
-0.64887242897789	-0.19090747985092932	0.7365588266047055
0.3667862201485402	0.7696448315142017	0.522603771544583
-0.6666576629886439	0.6092628065625236	-0.42937907834229305
-0.8034105208864504	0.42558207816033233	0.4164269800069334
0.46380757250378024	0.008736703032058646	0.8858928861370771
0.37338193665081437	0.9048776518230862	-0.20440734970647423
-0.9733195361870313	-0.1407137123355327	0.1812421905556615
0.19375544498046227	-0.08090143474677669	0.9777084357804917
-0.122914230327838	0.9867393825203623	0.10600699489302223
-0.5941673784399559	0.5016835581378086	0.6287119641711763
0.6679199410539903	0.7432553489845846	0.03813710199054832
-0.44816077331714843	0.4425890799601718	-0.7767025347968064
0.9309045490678453	-0.359648682507524	0.06379299095820617
0.36485802350513363	0.9073647983727423	-0.20872888002842355
0.01718555232510666	0.21758204853478796	0.9758907259251346
0.9981130826352808	0.012453947544145368	0.06012631256667025
0.050427560245342694	0.3924353332436987	-0.9183961946728707
-0.03503334754201468	0.9196952801947365	0.39106681800879706
-0.8484343556765142	0.403067863617533	0.3430676921929199
0.5206350074400763	0.5187102766412772	0.6781436705703308
0.0953851829984613	0.7539734386737555	-0.6499428595182983
-0.338887016019054	0.4148143177550502	0.8444434096842214
0.7774937152161746	-0.3819291710186592	0.49963349679975383
0.5297726995354247	0.8258687487188336	-0.19308468793909217
0.42451874061853967	0.26857707638403516	0.8646676777263349
0.37469358020420485	0.8172660869626017	-0.4378137321448383
-0.8242503016786855	0.5098455620497655	0.24631066367649335
0.18699462540663658	0.395567139173484	0.8991994486626074
0.950010151486405	-0.3057882674207262	-0.06304163370827343
0.2500274427774065	0.8660370511207566	-0.43297356032932877
0.0480662745561512	-0.5921209909339524	0.8044142995656447
0.9980837434790959	0.05989098039984153	-0.015553503447779393
-0.038967605174644426	0.8036204343856246	0.593865071531247
-0.9976954196418477	0.03202829718341732	0.05981670172459139
0.059402398975325524	-0.013735304595203557	0.9981396176906583
0.03279031292400664	0.9993925803142667	0.01180109279423025
-0.6065836029216007	-0.12588801461506308	0.7849895161356791
0.325045747450157	0.8618166252706175	0.3893807474333224
-0.7255353848925762	0.4913494806992694	-0.4818444698088169
-0.8201473071604843	-0.013201426642614922	0.5720001021783181
0.5655430461702009	-0.17022345487999724	0.8069603697439224
0.08671480545983284	0.9853170544262987	0.1470742831726406
-0.9415793750157229	-0.030610676416902877	0.33539717803568436
0.234889304336551	0.6539977682920308	0.7191063438583575
-0.2413613375279728	0.7558769116452378	-0.6086006894412503
-0.5862052271715221	0.1802649139471824	0.7898531461204665
0.5271812122738148	-0.6554166103774781	0.540841045286698
0.615177536213974	0.7334395869060463	0.28917636711320815
0.2930740844731401	-0.10791344500576977	0.949980141580453
0.7443971446251849	-0.5977741140070092	-0.2975550364168056
0.5999837265160632	0.7943681747213451	-0.09486164085538462
-0.22500281830341784	0.23382629072217914	0.9458852982907738
0.8261533934325427	0.560454688206922	0.05797510661289157
-0.5165697457995518	0.7944909113602174	-0.3192802679317934
0.9515175713118541	0.14112380290617346	0.27331005056179347
0.20084763243465967	0.38791788055667586	-0.8995442993481801
-0.2329689679553533	0.9108258835791372	0.34076629788184964
0.9980873305663	-0.02739231588455628	0.055419685974553344
0.03198451872303409	0.9959734720353421	-0.08374863320628861
-0.05290246804349775	0.08536102173911855	0.9949446340588809
0.8900901262508574	0.21131412113078496	0.4038389646399376
0.39337035910776663	-0.8036918979324768	-0.4464740684218075
0.23021582857431747	0.5562604384714215	-0.7984829346112683
0.8467094895445331	-0.5313467736836492	0.027452621208423546
0.5318288028323572	0.846727394397011	-0.014520470224838005
-0.015529481418839426	0.026894714603905252	0.9995176384302762
