-0.17274248403198267	-0.6997317174768944	0.6932067208036111
0.8561595198299989	0.24129203678125655	0.456912496645056
-0.48698142758726004	0.6724237328818697	0.5574005854341078
0.7883300120519257	0.20931697926225118	0.5785518077845208
0.2664587522667819	0.7314300200453127	-0.6277020464495422
-0.5545588566046354	0.6489965546665404	0.5208338953949903
0.9531185717896149	-0.051396767227026734	0.29820020192537694
0.16002519908614107	0.9220031040052561	-0.3525651881030141
-0.25682080088490816	0.3837559752281176	0.8870030595829705
-0.6134878943524882	0.29939153677985925	0.7307511965009326
0.7440377065441606	-0.09097473132994138	0.6619150168261412
0.2646516478759503	0.9497832942119162	-0.16694669602152912
0.5631378981471287	-0.5506574035963812	0.6161591771084209
0.7207318736597843	0.6920452707253801	-0.04023567518374854
-0.4042539721032943	0.4667437917435297	0.786593261417603
0.23076389576171297	0.7968500423697963	0.5583708753043366
0.9511406886665853	-0.06375471649237263	-0.3021038339508967
-0.20513267603122395	0.6008039165153893	-0.772628784814569
0.9468980363492159	0.10363160763005996	0.3043757524146896
0.19319959513991614	-0.9400701228695612	-0.28096633343833416
0.25701755814685434	0.32485174154992297	-0.9101721380135797
-0.9958829007768761	-0.07208073684892231	0.05496922152942456
0.08581860627911915	-0.5543840628634229	0.8278245452143551
-0.0291961428367528	0.8291336914022736	0.5582874770448422
-0.9874865265635784	0.028547127927911458	0.1550981023174239
0.0356798832476988	0.9984204143480454	0.043400715944645576
-0.1536141457901232	0.048391504421175915	-0.9869452652062451
-0.8734053990746777	0.2544450458851091	0.4152357492939724
0.4839136893528361	0.35770489185113663	0.7986706152117362
0.05468592254071253	0.8985014908002609	-0.43555082471002105
0.8858771205635774	-0.02094614610144724	0.4634468537227131
0.4573142552222998	0.20740843968586808	-0.8647805566255214
-0.07800896892318365	0.9780301621681052	0.19331736253366205
0.22009958978555078	-0.35031744856295893	0.9104031281847458
0.6522391095497537	0.7468360528980609	0.12969215113255397
-0.7253553022829409	0.5652553363958482	0.39286904959036906
-0.47683772746931385	0.7790197152016124	0.4071290520082039
0.8404948535795788	0.26852346731902654	0.47059913791379837
0.25728230170018035	0.5665892964274619	-0.7828041813925695
-0.8270635572585494	-0.5331085571394517	0.178216549622999
0.553810919667962	-0.8270903412798543	0.09599496142038333
0.0962254514739264	0.17809220551800348	0.9792976201453633
-7.13072244835633e-05	0.4887649514990175	0.8724155071417764
0.5501076631085745	0.7285679046529786	-0.4081303312653831
-0.8350937395912527	0.4798933532522943	-0.2689252974336289
0.7119047031446588	-0.6918413871915174	0.12061172666632437
0.6989454403218527	0.6812940899033787	-0.21751697523645913
0.06831518933448628	0.23915237408740858	0.9685758498303318
-0.16872830091885693	0.9314229190169404	0.32246256588788347
0.9647216287246708	0.22313411936916627	-0.13972595980763516
-0.20209636201538592	0.28751088797349666	-0.9362128763036948
0.06749061319731475	0.8667993835758618	0.4940686650282089
0.9268133754057777	-0.23781531495386554	0.29062147742784444
0.36940761267088107	0.4382952253971059	-0.819411563925541
0.9380640919182051	-0.012796246410847254	0.34622538256382374
0.03683896486020006	-0.9899686312667164	-0.1364001458061289
0.3444976779627146	0.1407066636151151	-0.928182624644849
0.8150616168216165	-0.14376461850763703	0.5612542162420573
0.5654751285302105	-0.013520391912457352	-0.8246545204000736
0.12614451949202668	0.9895195467841386	0.07027536363647346
0.18176722617883345	-0.6899623424099889	0.7006515835587429
0.9823601652538289	0.0955839839903051	-0.1607240110469224
0.04392244539780277	0.7175065630784587	0.6951655563458352
-0.4702584290172991	-0.3885094603111882	0.7924123984308238
0.844340925485034	0.06320706608691296	0.5320650978477731
-0.25679838685096407	0.9192743149057269	0.29831078167801584
-0.25157867086354857	-0.17324804108198988	0.9522044363621627
0.8864335845744546	-0.4361882334493079	0.15483967559658457
0.3885147005005265	0.8830203515557415	0.26330853809430654
0.14376026272746023	0.6327830195190063	0.7608670298212035
0.7632224892567494	-0.5603101503355192	0.3217824844886966
0.629940012027544	0.5344512939823385	-0.5635045657377951
-0.15621521028732976	-0.4424047678839208	0.8831052199078315
0.9212895109104621	-0.38762253045426087	-0.031215556547931345
0.3561213910469952	0.808719231400991	0.46813540733525316
0.9396312506503806	0.03578515989585508	0.3403124081376256
0.15627728914583938	0.8398660915645988	-0.5198099240465045
-0.30441833338094054	0.541612749638737	0.7835720182155163
-0.07298527755363726	0.020274191494413507	0.9971269259325345
0.8590781368909663	0.5091419329377616	0.05252853358267118
-0.5066141569048029	0.8604437513769553	-0.05457697994564925
0.9218364291366552	0.07195286874485468	0.3808416765480981
0.1407028859981588	0.8534523490234895	-0.5018184789523767
-0.36113750260582134	0.5161800777109415	0.7766194895738562
-0.9595416524139349	-0.22861594395467558	0.16436108862029372
0.24469602926175235	-0.9658590972545968	0.08508852751145139
0.1392970586418358	0.12186449204033149	0.9827234478903436
0.19110231180858606	-0.12123552151196097	0.9740543387024858
0.2641764093153043	-0.9493751120767833	-0.16999329789867768
0.9453521730988335	0.2898082898968189	-0.14940021393691083
-0.3393120944419141	-0.2401866485813139	0.909493087609091
0.85488422945664	-0.4821390294871746	0.19161135266860357
0.3924796259575371	0.8425273467896703	0.3689273819056945
0.6257510680492949	0.18949069289961243	0.7566563804922226
0.5130549802848379	-0.8306636537955088	-0.2162694649459767
0.5875459029217132	0.5235371730522287	-0.6170078122620402
-0.3427317477468639	0.098754730293858	0.9342282656454828
0.8019312749773864	0.5487440934121592	0.23619091887371685
-0.48932727218041183	0.8301369906165215	-0.26726652897551917
0.7448653688880262	-0.30114899158269925	0.5953863175283992
0.49000029570161696	-0.3587516647325939	-0.7944790452012691
0.4528523958682701	0.8835193987232626	-0.11965859616447072
-0.992852934220064	0.019225654846039136	0.1177855050774508
0.10822876948690288	-0.2708774548800832	0.9565102915771682
0.05029497455969188	0.9624218298820062	0.26686070692518693
0.724563761876408	0.2702960913149218	0.6339932002753526
0.6188684129116191	-0.6600164896291263	-0.4258874509983815
0.3033302531495361	0.7009409792825074	-0.6455017436744206
-0.5073581662897979	-0.3930653755427147	0.7668685034922991
0.8499376801558556	-0.08150344087372363	0.5205411885499802
-0.14210429603054348	0.9158912597438673	0.37543250974636644
0.37579843094013277	-0.4375001430056525	0.8169266577685954
0.8723962918581774	-0.1303190138363839	-0.4711068504965876
0.3125703908802561	0.8897250021791823	0.332699821524175
0.7297782160931314	0.5646390856406559	0.3854950820475029
0.6615579247653992	-0.725487200159757	-0.18976152029443616
0.17252497644116743	0.39351115025020744	-0.9029862164688529
0.6061232460639453	0.7422203487735242	0.2858733363701731
0.7934903624990903	-0.5395818956845557	-0.2814683329799696
-0.05465944750880873	0.3974422369552197	-0.9159978237321649
0.479665678665245	0.802268305801394	0.3553679814180942
0.844765901274499	-0.31271963454189655	-0.43425453620643495
-0.23725810577194872	0.5084997499296766	-0.8277297841487661
0.6358023246234032	-0.03600209025534418	0.7710118374582342
0.6986569920707328	-0.3977437916694222	-0.5947085703259263
0.3280759232771471	0.9167899026961832	-0.22773331526188745
-0.17843635388323942	-0.33708897416526806	0.9244087251368103
0.5812484895699631	0.7219320678189118	0.3754521045717373
-0.7939210672261394	0.6043054798286356	0.06711353115125607
0.8918830476238279	0.3270245791341517	0.3124092732352287
0.4417123394345478	-0.48149850009868866	-0.7570002665745709
-0.0971330971013056	0.813150735746358	-0.5738911415962651
-0.2374229647900279	0.6310629764481607	0.7385051493027662
0.7929450403535533	0.5650565473650109	-0.22792380581816096
-0.5611314451793042	0.5314796496916145	-0.634555658074738
0.10830762464542054	-0.040975714196198776	0.9932725956603141
0.8764690382434266	-0.4675567664949094	-0.11485945805839198
0.4691177714010732	0.8830128317023123	-0.014726017953077264
0.017243738741475778	-0.7175630146300901	0.696280097022163
0.9694158555033517	0.18251077953021544	0.16408142629188
-0.2448173861736954	0.6721555886773911	0.6987641319049152
0.11760825781874851	-0.5190277259097011	0.8466277324951286
0.9912968141402043	0.010577520118926875	-0.13122020554630676
0.059151703004394596	0.8546919537500852	0.5157545348579516
-0.38252043263343105	0.31953770921282876	0.8669335447477796
0.5482008596505301	0.8337830555748307	-0.06543419377297055
-0.7437431923025263	0.4502237983795576	-0.4941099020221422
-0.09624573011203541	0.9538765412251429	0.28435242839750763
0.9952187057610808	0.08744947110600032	0.04350077822890418
0.016627902406520206	0.28717961993087054	-0.9577324150084512
0.4664122109119311	-0.1109564259558426	0.8775809484323084
0.23842601859318574	0.9711527100583487	-0.003930318578284367
-0.8518290222632979	0.21107128010563297	0.4794123815094091
-0.8067476440008943	0.34969992277238005	0.47630683693602127
0.4048015813786866	-0.2601328793609101	0.8766222474867477
0.4304578011981206	0.9000226936518844	0.06830250580531916
-0.7040925637355477	0.12324841808668154	0.6993307437339175
0.3323683897179291	-0.8130900849418141	0.4779286215384304
0.6275228403879928	0.5689414215966737	0.5315268041998839
0.07216005326756125	-0.2843508745470185	0.9560007881046796
0.6716402645327835	-0.694748257169717	-0.25734065791859184
0.7373549225242587	0.6606583377994912	0.14084842535597564
-0.8944896949686099	-0.4291546890737452	0.12535724327289471
0.4470525767898904	-0.8549827491224238	0.26296100906518693
-0.0056726696080205904	0.29125719141178175	0.9566279680578229
0.48593608141373	0.5496528174350964	0.6795203492655164
0.8699050318630314	-0.2290513386436428	-0.4368074172961511
-0.08444738195851498	0.8033786557727407	-0.5894500616075435
-0.5951306072480032	0.16114119481651612	0.7873074848175445
0.45943666550640905	-0.7355742754252454	0.4978437864641647
0.659346275264352	0.6580000005058741	0.36372859198761776
-0.346134844026023	-0.8972710918216948	0.2740351392288669
0.937799203400473	-0.3392773447341495	0.07364467021844483
0.026894680747670263	0.28248092171197836	0.958895825945776
0.6472812952828293	-0.3694975989216388	0.6667071689791002
0.5333745761273364	-0.4053015321238336	-0.7424568873672446
0.5445534742502034	0.8361831094020118	-0.06526347548833256
0.7542373607293766	0.49367506009486184	0.4329098505697445
0.5684833870630894	-0.8208997996142018	-0.05431535350746636
0.3285614741768452	0.28706872702141883	-0.899799368555591
-0.6848694219694151	0.39186793467167075	0.6143235276525222
0.630719220850649	-0.10338216549094703	0.7690938774349677
0.36489332591982304	0.9141945359903231	-0.17635535451073836
-0.900044556290132	0.10226000917775327	0.4236303662575012
0.18266971888533282	-0.7940376380458531	0.5797723718571935
0.3956659834947304	0.5992054070930336	0.695989446482933
0.5759664169626713	-0.16339592757277696	0.8009771890533551
0.3619479847750465	-0.8275717282098696	-0.4290905393795261
0.7329777232961893	0.537053819947649	-0.4175126963712281
-0.44781236004810965	-0.4223656020769616	0.7880808260389971
0.47188815246535476	-0.8602916034739683	-0.19292467067491018
0.7594640621852862	0.2854919529064771	0.5845585369102648
0.7770526401634197	0.12127938744925817	0.617641080721637
0.1964385389383239	0.8855249235390762	-0.4210196078698591
-0.5979975709272034	0.4484829093410874	0.6642755340926823
-0.6398593552083565	-0.04009826521036974	0.7674451997891865
0.5167657693934465	-0.7615926971632534	0.39106227536135396
0.5687997408012284	0.6468142644953951	0.5080336230110524
-0.5851257987932001	0.369286295545483	0.7219802154553225
0.5342775822566508	0.8453088557355373	0.0006352267818938995
-0.6100616892451185	0.38610953152877603	-0.6919134085837779
0.5842010986134352	0.06652595571811962	0.8088778483767781
0.5229126444166485	-0.7930590007884806	-0.31244165467742024
0.6207023785100577	0.6055012126198983	-0.49809320295281023
0.9164960244792402	0.37086532024503827	0.14997983648908658
0.3877982749880904	-0.9156908012368039	-0.10546494415947785
0.09822186635372668	0.15482012391755015	-0.9830479104296725
0.6791626015791263	0.30758126288267446	0.666432237620429
0.7327720854070938	-0.23189758626222146	-0.639741025989341
-0.0422283253801507	0.9228311200914578	-0.38288313142045505
0.22845163722994177	-0.186194819971978	0.9555842916574977
0.7910434103546187	0.6076594533023421	-0.07071288246729412
-0.5675034558322034	0.7720631307269513	0.2861089823661691
-0.28031037295341177	-0.24387407596410587	0.928413447709248
0.320098873006397	0.8880800915006338	0.3299249347658652
-0.9049656381955913	0.3896654798065636	-0.170874244789456
-0.17895886186362864	0.04117206390993503	0.9829947034007206
0.09491709799526413	-0.9937410459207359	0.058902276361098405
0.9792673129787556	0.10384408893027089	0.17393083374034035
0.5587795980583311	-0.3584683047342302	0.747840782048383
0.8235865564926373	0.13404412377177488	-0.5511237219053966
0.09731672393977242	0.9238683062986977	0.3701307983110915
0.19689603538485878	0.3327779261264258	0.9222205826876342
0.8907740122249677	0.33223488840491067	-0.3100671509063955
-0.40957735581249777	0.8825411213136596	-0.2310141960920824
-0.4760436677580777	-0.15050207598704335	0.8664476623034
0.6082046641364516	-0.7679722230151906	0.20076292287116126
0.6351925006721212	0.6225494275964728	0.45712437835801456
0.17406482646315957	0.4794244824194702	0.8601474302962098
0.7913707163522528	0.45171999139470553	-0.41192406906429907
-0.5860322734188557	0.7523969796797367	-0.3007739341770448
0.23565961810999514	0.35020145202699704	0.9065448071609225
0.5360203793771208	0.7312608178652046	-0.42182907574931283
-0.8106458519505658	0.5853345703555317	-0.015386470097012772
0.27117853611885034	0.2533816712791061	0.928579522824106
0.7733723911575485	-0.6316919810126393	-0.05348257398053169
0.5730247343210353	0.732641092066323	-0.3672596956816423
0.9476286293877955	0.26186533925469774	0.18282922321562892
0.3108717336277475	-0.8875187101452124	-0.34010190292536907
0.07320345617446608	0.3791267377002055	-0.922444670842058
0.7380282444430293	-0.006494472995502931	0.6747385658348357
0.5893251563676598	-0.48082710838410714	-0.6492312006636861
0.3286490080261517	0.8767913740813654	-0.35103663036774035
0.6074224124146888	0.019497028880455902	0.7941397098503225
0.36318550234959945	-0.8959149984548229	-0.2557979797159548
0.7064943763253808	0.44379745538762344	-0.5512798879082037
-0.7493862513955907	-0.20116483319411546	0.630835125928517
0.5257128740427796	0.3984559570570696	0.7515709044071726
-0.40254964946568356	0.8948550498107044	-0.19284247339042482
-0.7773341771974092	-0.37483451217800867	0.5052233817244624
0.4095745703536138	-0.9111256660018339	-0.04581148406641802
0.47749371543558583	0.17131581722943515	0.8617718041839908
0.03249938303962796	-0.9123755591199193	0.40806204089900133
0.9737026317059759	-0.06320990740390231	-0.21887825980404396
0.22549273848818285	0.40444449152708806	0.8863282000266578
-0.6242573708522192	-0.5660410744951935	0.538423845052392
0.6417816855753865	0.021399026632042517	0.7665887748455604
-0.44544248000913794	0.824099255941618	0.34991629479031217
0.9946166463463131	0.004746779669039476	0.10351422556145005
0.10321987936037505	-0.13341361970604582	-0.9856705649362569
0.00913144652521107	0.9910490775737113	-0.13318536903373812
-0.4544959944874647	0.86577350933615	0.20945076158042036
0.8901943353340371	0.43318244993643706	0.14109220533487352
0.03142349971029103	0.25057772366839304	-0.9675863620716885
0.10899513588971144	0.022740095854743014	0.9937821433256389
0.9856307057894769	0.12731041835681667	-0.11101427468010666
-0.1290432956697914	0.9916022112814844	-0.00853712037805332
0.36704255189280754	0.3374244510568441	0.8668474519366156
0.8461830447941148	0.2659182441403075	-0.4618027091045449
-0.386334077972649	0.9030128610724895	-0.1879195384591501
0.4260756767153684	0.2211128742058648	0.8772505996418368
0.44797143835441966	0.7908844499490723	-0.41692130821945983
-0.7859905267433019	0.5706232414554938	0.23792437491903173
-0.44091709985284533	-0.19159080811642187	0.8768609201593217
0.8863023613261298	-0.24710326405744798	0.39167346246571433
0.1416341603042225	0.949859431251515	0.27875944019434806
-0.7780647374776257	-0.6120620089987585	0.14140495547991427
0.6201883672842996	-0.7842474638319197	0.017952842628280848
0.0999082247820842	0.10166618225154761	0.9897890351015652
-0.6096190128536725	-0.7392955562147775	0.2860187751326766
0.7479972389707198	-0.6559426605790386	-0.10118970562597886
0.2624210160400533	0.15225408563836634	0.9528661520627811
0.02969527337767275	-0.7273827794318315	0.6855891502387191
0.8427386931086267	-0.3506125199547845	-0.40848788964731864
0.5375031961547664	0.5899026640361779	0.6025820782984099
0.9921309920194299	-0.07825341726327215	0.09773687820450402
0.11318024671338014	0.22674028152492787	-0.9673567472695348
0.053538083907067796	0.970806493293394	0.2338128015121137
-0.757464247251425	-0.00870487753277785	0.6528186112872173
0.11557053422939506	0.9823324719034477	0.1471949940113262
-0.6425662345266546	0.18694154099932278	-0.7430756990341121
0.7193524017041115	0.3799448504240774	0.5815273276457024
0.5774793379578111	-0.7923686988519321	-0.19664551688636145
0.38606960045351235	0.4772774410297659	-0.7894026272376751
0.05984854042201615	0.8721860873721246	0.4854993112290263
0.9128597055018861	0.14895832440000878	-0.3801296826912513
-0.4038629845385238	0.4659429649500531	-0.7872685965623103
-0.3807954589997806	0.847852089586149	0.36897378306533735
0.9162425036257495	0.39970433256473625	0.027131551348878707
-0.1244768771891557	0.3484010343173214	-0.9290437160499261
-0.970412722737368	0.15366769896654592	0.18624012952039853
0.23444522295071585	0.4152055522291034	0.8789993099165176
0.057745865523316245	0.8966552223081357	-0.4389474083788518
0.5926311491294214	-0.7350407795438263	0.32939850256056963
0.8003661593558242	0.49139819078519686	-0.3434265992188762
0.09056672700031103	0.4671647145286546	0.8795196401785532
-0.6487227010200538	-0.1913010199765848	0.73658860766181
0.3674292667940263	0.7688744774796414	0.5232855547247722
-0.6664492411912926	0.6101114305078431	-0.42849673426902957
-0.8055689526922891	0.4248198290899656	0.4130215191369828
0.45978729166894233	0.008550090954776102	0.8879879179157811
0.37370350396803553	0.9052375427238076	-0.202214446480401
-0.9735451631854661	-0.13981344093741435	0.18072635937080414
0.19304745815091148	-0.0801515532896031	0.9779102246150903
-0.12223949500737055	0.9869285335010355	0.10502178641519522
-0.5964584031963456	0.49930303001730647	0.6284376321258955
0.6649117055212919	0.7459331156867349	0.03842148855324212
-0.4495884752940544	0.4407723575014849	-0.7769105043345408
0.9311595552200606	-0.35908899125577726	0.06322166623308331
0.36424229311494055	0.9083189738480308	-0.2056312078796163
0.016414464010401527	0.21450346875183302	0.9765852892936093
0.9980978733296968	0.013154422922418325	0.06022953106504143
0.05026087039170009	0.39211624139880585	-0.9185416148105332
-0.03569986221549548	0.9198216209618315	0.3907092338926008
-0.8476943100677317	0.4030826545311451	0.3448749487784206
0.5219232497700306	0.517385332417398	0.6781655691266173
0.09492353779902538	0.7548753482631845	-0.6489628113815562
-0.33932419891717824	0.41337628220026246	0.8449728618976494
0.7750409034088412	-0.3861873610399744	0.5001708910124493
0.5330766230781671	0.824608617155599	-0.18934081028745098
0.4222781553061413	0.2656600747935436	0.8666636511426627
0.37740482784506535	0.8177563970982249	-0.4345573275462824
-0.8241642769924445	0.5105871127100832	0.2450592680636703
0.1901050808083926	0.39445043884632713	0.8990377686976085
0.9492478474461731	-0.3075747502738264	-0.06577459321653611
0.2505765000347035	0.865913751067584	-0.4329027527545013
0.04795320558450755	-0.5921069432807955	0.8044313878714846
0.9981470662455074	0.058606064503603617	-0.016363476063667615
-0.03745563001281299	0.8037255109314823	0.5938201569989613
-0.9978582010861512	0.03566589747567939	0.05483570262488608
0.05435171178940024	-0.014401729600227453	0.9984179894263143
0.036399202610394955	0.9992599931658308	0.012432381411103588
-0.6095679052071066	-0.1256486370014341	0.7827128393996755
0.3238229373945103	0.8617581226901879	0.39052739109398477
-0.7235783814892561	0.4915133345059571	-0.4846121829300456
-0.8194015458837391	-0.015114693674541768	0.5730206389288817
0.5668679219362648	-0.16977309556008646	0.8061252105619863
0.08509915206980484	0.9853672625265519	0.14768037194539319
-0.9424340702587433	-0.031891492653980086	0.33286777541816626
0.232139683206351	0.654090636491093	0.7199143051332789
-0.24068483686429568	0.7557435887594269	-0.6090340198647601
-0.5869659195797718	0.18168402010730964	0.7889625631736392
0.5266404486847509	-0.6544652549608672	0.5425173433708186
0.6149153169835633	0.7339387896048641	0.28846664634295294
0.2923844699321303	-0.10746900508085677	0.9502429871824564
0.7457552148682918	-0.5963979812765028	-0.2969151518970701
0.5986321752455802	0.7954620423855829	-0.09423193664836704
-0.22301933140739538	0.23440209752072044	0.9462124679460134
0.8268160679349219	0.559654018576955	0.05623672550300324
-0.5163696036980038	0.7948855491003419	-0.3186210856302747
0.9517773529997239	0.14237137911262238	0.27175404454471125
0.19872461645517464	0.3887378813675407	-0.8996618177985657
-0.23372718526432196	0.9102819618115289	0.3416992140303685
0.9979104874520183	-0.02991004791574237	0.057271703894272726
0.03491453058549194	0.9954662691430615	-0.0884753217139595
-0.05436574829127256	0.09029006607635129	0.9944305251653622
0.8904508600506793	0.2059740206426775	0.4057979406740446
0.3911555135138312	-0.8021508193223399	-0.4511667400288164
0.23258252316701825	0.5604719135521319	-0.7948437607709298
0.8451993402588656	-0.5337282360214659	0.027789301887469035
0.5342307282024044	0.8452011806329243	-0.01524773101283046
-0.01534940618744578	0.027733271176067983	0.9994975044488943
