-0.17506285283995382	-0.6991228868099366	0.6932389102568299
0.8564729590467672	0.23914146715997886	0.45745538482593817
-0.48559969931746366	0.673823825508651	0.5569150601300665
0.7884503861478279	0.207704269597035	0.5789688462901119
0.26823840982219255	0.7309394390149073	-0.6275154914331869
-0.5535288105233571	0.6500665141996893	0.5205952199519918
0.9534172739189728	-0.05038961267465979	0.29741618773599415
0.15904714878434068	0.9217429181235246	-0.3536862979431085
-0.25631914921926174	0.3845138226691302	0.8868199444757017
-0.6137274244014326	0.2939413156166	0.7327599549041733
0.7451869651219658	-0.09095861952724715	0.6606231274683104
0.2608352651577196	0.951485697479095	-0.16321743761872454
0.5608068383906	-0.5524443174833432	0.6166854677181088
0.7240491702710762	0.6884881973439241	-0.041674946285268716
-0.40155757874071524	0.4698821960858669	0.7861057389164751
0.23143539056754148	0.7947808127179652	0.5610357561940414
0.9514307458152076	-0.06456312804453135	-0.30101684074918933
-0.2030201859677185	0.603452618050892	-0.7711210941591187
0.9469135956686706	0.10130358468265746	0.3051101867658192
0.19159598599585345	-0.9399254871324152	-0.2825439024101729
0.2581581307805472	0.32600254963625086	-0.9094375828733703
-0.995771516189603	-0.07283766010780302	0.055980021574480184
0.08712654569805292	-0.5556342399754008	0.826849173913649
-0.029121342348597222	0.8282302014760019	0.5596308433090844
-0.9874867534060587	0.024561757173844085	0.15577750778625046
0.03165122822798954	0.9985652101016984	0.043193991783703214
-0.15449307945413585	0.047584044164867084	-0.9868473271695548
-0.8717548306035323	0.2576152039851318	0.4167468320156797
0.4866169400791355	0.3563276681834404	0.7976431197690924
0.05698656813166869	0.898145310939522	-0.4359902882977138
0.885988881186586	-0.019379647564047836	0.46330134003047607
0.4568290496024131	0.20791830565510294	-0.8649145608745797
-0.07956709026411277	0.9779541949569032	0.193066492983889
0.22225548553582142	-0.349150956494549	0.9103274733458164
0.6495485838953228	0.7493287255891707	0.1288142001740886
-0.7271101266718938	0.5626722585891816	0.39333292908849116
-0.47950970916483904	0.7773920256141126	0.4071020478064903
0.8386550913989291	0.2694055688783573	0.4733690707344348
0.25831778198046085	0.5684032705473424	-0.7811463662744513
-0.8253717739250377	-0.536803418411067	0.17493863149696212
0.5568806821786312	-0.8250644768094075	0.09566877716100214
0.0929803238545622	0.1763822527620399	0.9799203846672895
-0.0003217439202922723	0.48774207814379233	0.8729877213849141
0.5459369131521729	0.7314977556389316	-0.40848980446650424
-0.8378262250244538	0.4764647927215407	-0.26651175951183204
0.7081963321517909	-0.6949587216473955	0.12446015560398535
0.7027160426692619	0.6768243182456968	-0.21931485496085276
0.06817711127645742	0.24277812388571104	0.9676831423872857
-0.16451794010470056	0.9323321068212762	0.32201038799067744
0.9648792111207629	0.2198969829769356	-0.14371299462684434
-0.2047973518644229	0.28705776329484933	-0.9357648664068758
0.06355728724775123	0.8664164473078686	0.4952605486732395
0.927192718518298	-0.2348334603878468	0.2918337002625262
0.36915326622468786	0.4406538161830452	-0.8182603988456021
0.9389678673152528	-0.009254296828630434	0.3438803602121724
0.04043565611456727	-0.9897391553352362	-0.13704510976637702
0.34162011337746245	0.1425859824334127	-0.9289590603193818
0.8152894593561318	-0.14507960811864415	0.5605845206308563
0.5649116979493654	-0.013370580510110752	-0.8250430298455882
0.12719225991683333	0.9893296391420625	0.07105627440476592
0.17786681190992226	-0.6914594061863659	0.7001766111613545
0.9830666571127784	0.09298051975164612	-0.15790684158649038
0.044083385692430144	0.7164066670147006	0.6962888355867702
-0.4671935581586504	-0.39042807845646865	0.793281850774269
0.8450323536328703	0.06676443371174112	0.5305307075983844
-0.26009709827053384	0.9182093584493355	0.2987324447181928
-0.24852351005752205	-0.173933680529485	0.9528814930127227
0.887954186679628	-0.43395671062284236	0.15237760879972823
0.38700571999236527	0.8839845293232624	0.2622935847677583
0.1412722189644784	0.6330476289983108	0.7611129085546176
0.7645842848960548	-0.5581439642620427	0.3223138012059683
0.6288505636785588	0.5364009830131456	-0.5628685050557458
-0.1513709975963713	-0.4430279977026457	0.8836362454869447
0.9218558989154486	-0.3858979760749599	-0.03555915769587603
0.35674714115388484	0.8092026602235279	0.4668217346757708
0.9391744195990868	0.040158512712009875	0.3410845986371677
0.15275226916148796	0.8406568425985412	-0.5195794619288446
-0.30760064017608085	0.5400771860104913	0.7833890982865759
-0.07264589819118483	0.02013877779515988	0.9971544529835452
0.8607472216127372	0.5063198739242486	0.05248243282553322
-0.503822184864809	0.8621105583962246	-0.05411645904713458
0.9215666306688637	0.06912614524874083	0.3820163887592891
0.14383506782936903	0.8531937097289423	-0.5013700897954386
-0.36059176155336536	0.516993297560051	0.7763320885921343
-0.9598517928859085	-0.2257397130000761	0.16651161421459532
0.242219805168321	-0.9663903880086946	0.08613468493368513
0.14147120441251476	0.12300894251658244	0.9822701758594855
0.18906293636384264	-0.11863543992630993	0.974772198252993
0.26649325945982394	-0.9492212166599092	-0.16721370908259867
0.9451119239306848	0.2913841351827033	-0.147847005407169
-0.34058611592850085	-0.23969037168075413	0.9091477456168935
0.8555446745352542	-0.48002812477894996	0.19394924412219455
0.3899287210646372	0.843872931871112	0.36855673558374935
0.6248865942065812	0.1902663518985439	0.7571759767161916
0.5154619341115315	-0.8289550856938193	-0.21710011603946983
0.5863580295884916	0.5259583455346741	-0.6160779819954041
-0.3446260651169244	0.09887316653319844	0.9335185976624801
0.8006915485751381	0.5500609385021202	0.2373310092982241
-0.4900264475335715	0.8292509034507378	-0.26873224563450226
0.7428309202191223	-0.30352286789877536	0.5967211179679454
0.4900172486014909	-0.3608197164971989	-0.79353149166237
0.45616369873044127	0.8818633685834693	-0.11929660142342535
-0.9927455622293122	0.0137165014479982	0.1194491785741276
0.11133493874154428	-0.270225394118107	0.9563382078475847
0.04539581576999518	0.9626993788103017	0.2667379349639565
0.7219421577461428	0.27261478218234925	0.6359879726885671
0.6208638383474508	-0.6609971137370612	-0.42143909389583767
0.3054956875330875	0.6991165826719778	-0.646458342611294
-0.5073924639967722	-0.3932360462534864	0.7667583057301763
0.8497207900876503	-0.08037669045027274	0.5210702126633999
-0.14327409525836893	0.915917572469918	0.3749233709289256
0.375551153124018	-0.4366252089709972	0.8175082619021372
0.8724958916606147	-0.13094532294224814	-0.47074859684857184
0.31258958783454277	0.8900627782862192	0.3317770339954943
0.7295980069329784	0.5636851874010596	0.38722830188928326
0.6617845581895536	-0.7247008836022886	-0.1919630898061362
0.17241794228351917	0.3963175984115437	-0.9017784730010039
0.6058824543919716	0.74164665552265	0.28786574963345
0.7939723197833586	-0.5408971788653685	-0.2775575567577249
-0.05014386181570715	0.39672469074605515	-0.9165670258495304
0.4818446047153705	0.8007989047824412	0.35573429832661757
0.8444594144876406	-0.316000972118224	-0.43247159779981875
-0.2339103977806018	0.5087872833705456	-0.8285055377549027
0.6348850703629614	-0.0374442659295216	0.771698694037522
0.6982555499874954	-0.39971543520818953	-0.5938575231214873
0.33069643835680773	0.9158741713823613	-0.22762769570681707
-0.17964609343868077	-0.3355373264110775	0.9247388732486197
0.5825917472063713	0.7211624255486283	0.3748487855974015
-0.7926626881588714	0.6060853558383713	0.06592726476220967
0.8914157215446037	0.3287172888824237	0.3119662728131084
0.44217807951687393	-0.48007383872680354	-0.7576329291714295
-0.09928019630259946	0.813310551609839	-0.573296946845365
-0.23820375947481387	0.6309184557776081	0.7383771875750652
0.7920013583068565	0.5662213367815025	-0.22831392032344935
-0.5621323842407221	0.5304105013407696	-0.6345643250729385
0.10632654904090522	-0.038444915248596945	0.9935877683730715
0.8762684056050122	-0.46864793583804554	-0.1119052884058171
0.4699450460506015	0.8825480727565311	-0.016141653144295276
0.013674750945164016	-0.7201174908835	0.6937173779791306
0.969098497386486	0.1804358160394246	0.1681993420125113
-0.2462947493346997	0.669980384499307	0.700332193202853
0.11494482269495976	-0.5205137126776234	0.8460810615125365
0.9917950757640328	0.012163337795625173	-0.12725793061293172
0.05594832817735046	0.8537666707761704	0.5176410498076186
-0.384090742949206	0.31747702868168404	0.8669963306959126
0.549667293611057	0.8331124078238782	-0.06155958304111622
-0.741849154151316	0.4529150606784337	-0.4944975028204164
-0.09353150531416055	0.9534466120543814	0.2866904523622811
0.9954635916596721	0.08451267978850308	0.043701769243267574
0.017438325426861218	0.28947739966530733	-0.957025987050153
0.46612521063574375	-0.105157903759979	0.878446983765435
0.23813127563437872	0.9711804672411153	-0.010099287800263479
-0.8520685322053192	0.21389323347440423	0.47773308562348593
-0.8057004686411846	0.34949372737053114	0.47822681790132676
0.4082234002685409	-0.25737056657678714	0.8758504706473215
0.42918575268124465	0.9008965123634328	0.06469206834563968
-0.7034450876199798	0.12130738263608304	0.7003210175493105
0.3343703849573999	-0.8129981587242625	0.47668694084734353
0.6271853429144841	0.5694896951033808	0.5313379647684695
0.07269518947998133	-0.2803411536194862	0.9571437964139794
0.671589435375845	-0.6957387603458347	-0.2547846299210278
0.7373486554663428	0.6613292787558532	0.1376972960600159
-0.8935158232981268	-0.4310870453436127	0.12567192547575803
0.4489962993524596	-0.8542260019629069	0.2621073458304136
-0.005638854818752322	0.2906232903732623	0.9568209374846223
0.4871146534492221	0.5500385973003402	0.6783633656639474
0.8693463072809163	-0.23120826464268895	-0.4367833975530102
-0.08340451074179944	0.8024962802660149	-0.590798957131045
-0.594589924038647	0.15871122033293222	0.7882090907697953
0.4617528008253829	-0.7351334234112343	0.4963498773179996
0.6582151420026968	0.6590823911500826	0.3638175758732103
-0.3469370294346483	-0.8973913122363381	0.2726234221959026
0.9375656947818235	-0.33946729151346533	0.07571344636713347
0.024602145746637494	0.2818701664157726	0.9591370828559419
0.6473598582681261	-0.37099149400751097	0.6658006648217968
0.5324276164065849	-0.40495398254323045	-0.74332570607371
0.5453861450299907	0.8356898847039205	-0.06462483588276213
0.7534718789742714	0.4919498141675336	0.43619434651942735
0.5672930601397594	-0.821803553998695	-0.05308015215108047
0.33235329321709517	0.28744442763018335	-0.8982855834934167
-0.683696242714046	0.3950434624079271	0.6135960483147307
0.6314952972136878	-0.10113879815448357	0.7687552491559737
0.36575010224973664	0.9130780943142944	-0.18031987241478387
-0.9004204466963643	0.10099942171854308	0.4231337093445051
0.1834866084928351	-0.7937431670705699	0.579917622798772
0.39443083509649357	0.5998090542341802	0.696170535704996
0.5762738654635782	-0.16521965532240224	0.8003817198554776
0.3603023869257511	-0.8276767281006223	-0.43027133733988665
0.7335466051719358	0.5363335708827062	-0.41743943127708105
-0.4489863489229895	-0.42300387037903725	0.7870698724542557
0.47223841379945314	-0.8601117000084031	-0.19286975926990557
0.7585526606722701	0.28508873908488486	0.5859370886315444
0.774299791333954	0.11976763214226127	0.6213819658078527
0.1990379892201135	0.8860010081453009	-0.41879122771701477
-0.6007026818546838	0.4479485772458112	0.6621920870533293
-0.6415828078238772	-0.04142669188157702	0.7659342856306788
0.516372770058631	-0.7617167509663529	0.39133969085596065
0.567213066710214	0.6465844264262878	0.5100959874927296
-0.5841049379202052	0.36947131786721865	0.7227118144673532
0.536214012529072	0.8440800230148908	0.0018567484088005959
-0.6093405897071895	0.38861273785176154	-0.6911470073107837
0.5849518393004826	0.06847751818841083	0.8081721197874487
0.5255488707546193	-0.7909463979617639	-0.31337227063008455
0.6177618717171907	0.6080416310204971	-0.4986538326318235
0.9152088732622327	0.3742169392790082	0.14951388115732167
0.3910675744631586	-0.9143061379798836	-0.10540606365770422
0.09725672473189971	0.15493859560794138	-0.9831252011241816
0.6776894143318474	0.3090041658591841	0.6672731698369323
0.733967993843797	-0.2286685505786461	-0.6395323901016846
-0.04503378415667142	0.9231614807052616	-0.38176542382279655
0.22846096681760764	-0.1884252247042259	0.9551447645964072
0.7912048201165904	0.6076024939438338	-0.06938401817066497
-0.5672746418314835	0.7715666815307639	0.287896399224733
-0.27752874059911337	-0.24012291313518505	0.9302251258318827
0.32504514748523816	0.8876892385246952	0.3261187941590404
-0.9040594284878453	0.3928725014491587	-0.16830848869653336
-0.18127983721679786	0.045257296790731566	0.9823896363998587
0.09867219773077812	-0.9930625915274414	0.06395691286936166
0.9784689152004927	0.10852864320536092	0.175556588000491
0.5587817048539547	-0.36197234010742374	0.7461494698233482
0.8229780605942323	0.13101859722958376	-0.5527578483934428
0.10232359503586635	0.9229356164853255	0.3711060895778838
0.19735022747624287	0.33007554446971016	0.9230942653153575
0.8908865651953972	0.3325703800592189	-0.30938337101663077
-0.4091136952846026	0.8834291580258664	-0.2284270279110734
-0.4773647796119367	-0.14820962074919153	0.8661159134338937
0.6060818232109806	-0.769215168024898	0.2024175112328031
0.6362292753082815	0.6215641025653018	0.45702338631944195
0.1723766175035525	0.4805984915792158	0.8598321880633548
0.7898202518673707	0.45417547075069464	-0.4121997228389993
-0.5886172538060679	0.75016646929876	-0.3012971902650863
0.23344374277448965	0.3503261181135729	0.9070698043298062
0.5358585970187886	0.7320617757703456	-0.42064369775027377
-0.8113936054471302	0.5842577919236022	-0.016830021273408935
0.26912378497322065	0.25481053134416326	0.9287862948374037
0.7740920229154584	-0.6310004078080311	-0.05118618372912115
0.5730217521354148	0.7327414813303552	-0.36706401773730923
0.9470987094743486	0.2650273083400246	0.18100983494292483
0.3131019324164899	-0.8868896774304349	-0.3396967470912816
0.07050683959080246	0.37840087988980664	-0.9229526313248888
0.7367013452487818	-0.0032994596877572446	0.6762102050948389
0.5920498713754369	-0.4800095012321133	-0.647354484445135
0.3267232433007541	0.8772570844927198	-0.3516702006061494
0.606676576474908	0.019197873344563993	0.7947169138855238
0.36611522879814995	-0.8941214644430409	-0.2578884372443063
0.7056225413057348	0.4474128389767982	-0.5494711827930183
-0.7499747683209452	-0.20097076736240824	0.6301972687561486
0.525222016693393	0.39821829348521975	0.7520399084584837
-0.4020941184131766	0.8950044365250287	-0.19309940066723708
-0.7791265698262773	-0.3719913578368042	0.5045633933268151
0.4057064803359473	-0.9128195954727472	-0.04650417115042807
0.4778745023582628	0.1684720030619372	0.8621213047942508
0.03189867708764249	-0.9114157361423414	0.4102484982448714
0.9727909553282859	-0.06592825041644867	-0.22210633270689756
0.22947817245119273	0.4061709267157609	0.8845139606921536
-0.6231418843874945	-0.5667389419929101	0.5389815985270359
0.6429006710603651	0.02127109627578394	0.7656541436009854
-0.4453907487500545	0.8236227972148313	0.3511019351070036
0.9948128120519548	0.003564300362767593	0.10166004495477068
0.10121831093120923	-0.13406554599643816	-0.9857896747830696
0.010115458937441923	0.9909660565022401	-0.13373089527436832
-0.45178778458486035	0.8671493240434156	0.2096183377258549
0.8915821839471763	0.43067341387563507	0.1400057850543658
0.03112887675273135	0.2501448788037707	-0.9677078756734181
0.10972167797917831	0.02001359766404054	0.9937608410930547
0.9858401790076361	0.12536130036482263	-0.11137183586990451
-0.12680810240527102	0.9919092701852235	-0.0059753564740243625
0.36912630253569334	0.34089837311543386	0.864600527401862
0.8454456390989606	0.2631764477945103	-0.4647147820489608
-0.3859630087260663	0.9025111946859792	-0.19106569383750838
0.42859208113701186	0.21826803753746415	0.876737071063035
0.4488162043152366	0.7907512943160886	-0.4162648258999246
-0.7841382803630422	0.5719016124535539	0.24094751076181797
-0.44044847247991736	-0.19108697999927432	0.8772063093508073
0.8863351372381758	-0.2480557032057007	0.3909966657199387
0.142881655880283	0.9497126587457294	0.278622860208968
-0.778079230506153	-0.61198765365814	0.14164682426710964
0.6203193457138249	-0.7841006311203444	0.0197511926184175
0.0989778782765379	0.10323425810593168	0.9897201966036627
-0.6116241765438553	-0.7378345504638003	0.28551014484416
0.7457737850544778	-0.6581522152427022	-0.10323334295004616
0.26407826149187125	0.14978597301819008	0.9527994721316888
0.028508141593458713	-0.7268585058547574	0.6861953062572469
0.8417656560352909	-0.3527650713505164	-0.40864089951269134
0.5390898498231661	0.5892652347641549	0.601787850422374
0.9922274411391885	-0.07842237591893729	0.09661592004223328
0.11212527559132367	0.22671038726066228	-0.9674866008796662
0.05396876526240012	0.9707998409885271	0.2337413979437587
-0.7570109422012434	-0.012747100520734772	0.6532778465675223
0.11424109447298775	0.9818272962647474	0.15153921156938152
-0.6433377073677548	0.18934801751740146	-0.74179776390943
0.7184265974587138	0.3767826826431113	0.5847204752051663
0.5785008587755209	-0.7904121065563725	-0.20145832870621874
0.3862641330228318	0.4829943186719473	-0.7858221857842536
0.05726522304871262	0.8713591170752133	0.4872925028348847
0.9121293332414249	0.1527706296461776	-0.38036983865451834
-0.40588270925198955	0.4662557493558823	-0.7860437662896702
-0.37972791869791056	0.8472301611354521	0.3714939593368227
0.9163654170631143	0.39952941204760184	0.025508259831716923
-0.126811396065566	0.3501104153996185	-0.9280848920527738
-0.9708882293137555	0.15162670392917096	0.18543297666697875
0.23285404261315354	0.4159108578527754	0.8790888198349928
0.05616975181280792	0.8966758059498116	-0.4391098473110615
0.5937607842938785	-0.734173976430118	0.3292972872155296
0.7993279908362051	0.49122925032686504	-0.3460759839819309
0.09231952177342506	0.468702886652189	0.878518474446287
-0.6484895265811714	-0.19160815764278347	0.7367140882589844
0.3682053182118218	0.768096960258491	0.5238815737189058
-0.666247834934613	0.6109937590241037	-0.4275516914696236
-0.805831166933404	0.42192351811931245	0.41547162990578496
0.4621913479597461	0.009569562012989863	0.8867285838147048
0.37015576217303464	0.9065809221137964	-0.20272085089945202
-0.9738136713356162	-0.13850200807941926	0.18028901041887183
0.1923697691412642	-0.07934880190738713	0.9781092165788023
-0.12116437364334579	0.9871782824767927	0.10391454742135497
-0.5990638923930294	0.4965816672880067	0.628115515287098
0.6614614379187745	0.7489783211495691	0.03873293939788436
-0.4512108365025604	0.4386776973604157	-0.7771554920742847
0.9316443307456469	-0.3578144785154128	0.06330592353199518
0.36307298706792257	0.909582895514222	-0.20208157325580167
0.014725727522664746	0.21125282282778374	0.977320519479777
0.9980765687025257	0.013834551181368775	0.060429861828424865
0.05019775504352327	0.391651652730715	-0.9187432548334109
-0.03637785584092151	0.9200095587040982	0.3902038742728058
-0.8468241726939971	0.4032037326552828	0.3468653492552615
0.5233957491966146	0.5157591716042015	0.6782693908979398
0.09458176496577875	0.7559227651546123	-0.6477924535350523
-0.3398797413555872	0.41198260044841656	0.845430126233871
0.7722890004861729	-0.39074467370133714	0.5008875120245094
0.5367042585485295	0.8231579052051893	-0.18536343208431783
0.41967584124179813	0.26238768373697324	0.8689216832955288
0.3802506167916568	0.8184282317652152	-0.43079542462661763
-0.8241854504342779	0.5112024382500628	0.2437014780825858
0.19359585190217032	0.3931738194474276	0.8988520422335339
0.9483998049896728	-0.30950390052314924	-0.06888501619733511
0.25111442814347307	0.8658069549628705	-0.43280464497980886
0.047711282628559504	-0.5921408758903847	0.8044207957342386
0.998222381049411	0.057063056993754246	-0.017201322582054257
-0.03571710349373319	0.803811539246791	0.5938108266878622
-0.9979876111217365	0.029943860532940764	0.0558935887550108
0.055498178174077525	-0.01387795657094304	0.9983623362991885
0.03067051135681996	0.9994552353846566	0.012188199018409174
-0.6128980843962479	-0.12544075013610295	0.780141369463703
0.32238469362631916	0.8617064964344315	0.3918290741103337
-0.7214042191856619	0.4916569253127518	-0.48769808317558216
-0.8185706088558549	-0.01729158139867698	0.5741455908827382
0.5683457100424503	-0.16919357586506534	0.8052059908882545
0.08321846065446464	0.985431141733772	0.1483244845181534
-0.943382975744433	-0.033234880988096294	0.33003636733136943
0.22911356253332105	0.6542023579244998	0.7207816939610182
-0.2398656635262111	0.755588987195904	-0.6095488051742857
-0.5878173713800252	0.1832668633701419	0.7879619246475982
0.5259920468794995	-0.6534477849991926	0.5443696895485303
0.6146568998420108	0.7344516655778776	0.2877110467230789
0.29157172326161596	-0.10689957950677681	0.9505568947177891
0.7472349502219322	-0.5949431337717113	-0.2961124731326291
0.5971815966362979	0.7966273579781012	-0.09358949278499207
-0.22079550037755813	0.23508635357576407	0.9465641834421343
0.8274478397516836	0.5589209496543288	0.05419819672069731
-0.5163132958808014	0.7951992067400182	-0.31792892617179414
0.952021468274015	0.14375781780349192	0.27016441987383666
0.196469639909412	0.38974688659255974	-0.8997205371587738
-0.23463760256884378	0.9096323731111291	0.34280335653105987
0.9976969637045612	-0.03287676786144953	0.05932863347224445
0.038346229695349655	0.994876822072454	-0.0935397005082138
-0.055949399307329915	0.0955993045895168	0.993846284733786
0.8909712571575121	0.1999401293393513	0.4076691840192557
0.3885134950013733	-0.8003801898291605	-0.4565619519088888
0.23500528317674102	0.5651685557502293	-0.7907951823767134
0.8435333198260189	-0.536333003200427	0.028256822562102588
0.5368602652698773	0.843519346185466	-0.01600525492458328
-0.015251030052173325	0.028670931077569725	0.9994725527964702
