-0.13836192441793882	-0.7116576535728334	0.688766551149643
0.8622388709554003	0.25558411596839226	0.43728810763410014
-0.4872372186983682	0.654385317512446	0.5782557815873646
0.7701180239633227	0.21790977587534738	0.59952777979405
0.2588797873036831	0.7522048181566499	-0.6059448549723986
-0.5830089921196987	0.6218546784578188	0.5228740517444865
0.9497556508770715	-0.1027745895377758	0.2956375946533392
0.19722110486228356	0.9299561720490498	-0.31029881383076274
-0.2430391726120926	0.3530140249525787	0.9035004475720029
-0.6097407364016885	0.40504204022255375	0.6812908189787077
0.7309601110987208	-0.044981416604302105	0.6809361116454438
0.3064531780792503	0.9131908988884097	-0.2686425726360322
0.5991809442417078	-0.534463581238702	0.5960963650175338
0.6826459865082797	0.7300658081262996	-0.03159703956117885
-0.41830210752726693	0.4258551351509037	0.8022909389391435
0.2287686461821925	0.8194429255305354	0.5255265914508267
0.9492126830955886	-0.06798106997488196	-0.30720328184370693
-0.2160096960195089	0.5691149847992297	-0.7933775553307088
0.9473186949729088	0.11323464812230895	0.29960841880601724
0.19575501719706567	-0.9450702917030143	-0.2617672954793139
0.25350988816415326	0.30662690391580905	-0.9174490058842519
-0.9937842998793172	-0.08142903771564637	0.07590834690651438
0.10763891613201561	-0.5289024420538568	0.8418290031374496
-0.028401215595477588	0.8447671386874438	0.534379876442338
-0.986008549101141	0.06499171938990138	0.1535031514666967
0.07590569622191544	0.9949058519988498	0.0663375530111644
-0.14840979206416807	0.07706115797979596	-0.9859189173305702
-0.8903147909448812	0.22073879352687784	0.39826367905832255
0.4544792324248692	0.3768515080697572	0.8071131074143519
0.028074905507834813	0.8995873086576133	-0.435837669072876
0.8949051795802552	-0.035404711924298754	0.4448496666672784
0.44356606164361156	0.17986478827281793	-0.8780078626627155
-0.04892717566350091	0.9830539986761315	0.1766662592813385
0.1927108721925863	-0.37632193924870716	0.9062253129210555
0.6853891957737237	0.7125308226432598	0.1501381933418926
-0.7022137637895035	0.5921837762244181	0.39523942758936315
-0.4426773415657854	0.803640887516539	0.3977412414822964
0.8648350391176512	0.26549015132608433	0.42611657403018655
0.23684831934936657	0.5326127143248481	-0.812543272792839
-0.8394827620314302	-0.4842378629021639	0.24654083715284508
0.5209439218603067	-0.8462522343013623	0.11168968715487755
0.15455135887103433	0.22219551766832935	0.9626749344400839
-0.017061210815028982	0.5163732242049754	0.8561936745910259
0.5990909250048255	0.6908614185070883	-0.4047228236648341
-0.8004992059099045	0.5060327990778187	-0.3211414448418024
0.7328756389849183	-0.6667735886361015	0.13530069948002094
0.6802027669683464	0.713758350703877	-0.1669527256713311
0.014747663918511345	0.2143874956657135	0.9766373472846154
-0.21746585817430275	0.9187747782413368	0.3294867332626561
0.9622529788640707	0.25839713491328253	-0.08544077092248929
-0.16363925322408626	0.29846914000644914	-0.9402863219616004
0.1162776916516799	0.869506123089789	0.4800402069967904
0.922156984009937	-0.2740380986257538	0.2730011306630035
0.36892546031123086	0.4109284881958734	-0.833685661579471
0.9167982043628922	0.011570259147938893	0.39918314290589246
0.0574103499824984	-0.993015808005107	-0.10307112479667127
0.39520261157014597	0.11741266607659276	-0.9110593623101197
0.8162261423496451	-0.12768905540143446	0.5634451079525905
0.5664564063258103	-0.014866951926646665	-0.8239575920354512
0.11358707795108283	0.9917028178194816	0.06019548863024937
0.2098029006547767	-0.6604503616042986	0.7209632880622934
0.9762727550948823	0.10107330931204717	-0.19150899144468292
0.053612037233164433	0.7440359574654056	0.6659851675992845
-0.5055967040888216	-0.3434000945819231	0.7914849005860105
0.8457834744931181	-0.016134106765921974	0.5332822937930858
-0.17035928823774077	0.9390506193171869	0.29859947634103146
-0.2993523976689061	-0.17663187167131644	0.9376509606030191
0.8637432894262282	-0.4676891736497111	0.18765491419626984
0.4053833642134762	0.8660646735439208	0.29256846935072467
0.16090680232654986	0.642391110359492	0.749294776637435
0.7474896643597518	-0.5750668798674208	0.3325015569210094
0.6444906536485927	0.5065883388024726	-0.5727128882336778
-0.22264984040785096	-0.4264658424951251	0.8766720788021491
0.9097380829756643	-0.4141267409773819	0.029591600011081187
0.35043354427069606	0.8041305413876378	0.48017747079335416
0.9490691098355785	-0.013479487122553785	0.31477949136310573
0.18592537222407227	0.8305430462060712	-0.5250047660374905
-0.2543611226568298	0.5567913000628267	0.7907489282035762
-0.0842147133895843	0.027678188258870973	0.9960631505800307
0.8457118188860164	0.5306128537341628	0.05675842535336956
-0.5269529404465035	0.8471622733259518	-0.0680931803339313
0.9233390271307389	0.10492016053897879	0.36937352489009745
0.10589071270028852	0.8550718182222261	-0.5075818580741053
-0.3690964615667366	0.5077833648265874	0.7784111101881213
-0.9615769404621091	-0.2611607704187372	0.08464537533629087
0.2660681901100469	-0.9625018706032671	0.05289487023120506
0.06765726703831494	0.07338392929997495	0.9950061774368049
0.20616072717115563	-0.16026454252948633	0.9653046311813048
0.2439400516520107	-0.946932635644683	-0.2093127677687835
0.9476238735765762	0.27862853399971227	-0.15612537996397813
-0.33834318521170004	-0.24279235775824354	0.9091621197756723
0.8375771459200023	-0.5180881011067489	0.17334717801021698
0.4289387061729262	0.8201442498157234	0.3786489084110768
0.6400328793979677	0.1911435680161635	0.7441922128694958
0.491252927837762	-0.8465331789471475	-0.20506617915313205
0.5907863185453548	0.4968357005567213	-0.6357089054527547
-0.3277612340729641	0.08648652802183365	0.9407936298198962
0.8126277917616469	0.5337218017488752	0.23404510333378847
-0.4818803227934885	0.8412259618013835	-0.24521467267637154
0.7643616757706955	-0.2620501039170413	0.58913578371211
0.5035485596143684	-0.3280816259532999	-0.7992504581306998
0.40272829143643357	0.9075748948427929	-0.11881806902901704
-0.9902968517625412	0.06796295775356283	0.12121543533142438
0.09705554464065456	-0.28603527294815567	0.9532911642745777
0.09946037725499134	0.9558058688891072	0.27666364841343605
0.7442249139047059	0.2479633533919627	0.6201963019062154
0.6122182387948956	-0.6244944909138344	-0.4849695443068015
0.2670544993262782	0.7406219050182644	-0.6165720462336151
-0.4933430758824833	-0.3967924162106522	0.7740596798157898
0.8607400612691274	-0.09434645652454576	0.500225242333572
-0.1254557946259529	0.913046835917509	0.3880802997007141
0.3865683509820109	-0.460861484655131	0.79885643389818
0.8741609732774579	-0.09298454639948561	-0.47665130538947376
0.29395153140893215	0.882587426883224	0.36692224120376415
0.7175832389767747	0.5919594094632032	0.36695824379290976
0.6743252713868486	-0.7223201718642389	-0.15342424087173712
0.17424041869972015	0.3575438810355893	-0.9174980379408744
0.6225704373974278	0.7384978070991239	0.25889580797795964
0.7755008194514139	-0.5378633968056037	-0.33060769108858135
-0.10490247618126515	0.4066004860874154	-0.9075635047777737
0.4732771011829857	0.8096964136589542	0.34698775656160796
0.8402328022509904	-0.2966079478651138	-0.45390810004305276
-0.2646084343275513	0.506374804834397	-0.8207112363746751
0.6485680905581965	-0.02762041625544559	0.7606553388464259
0.6954927683560423	-0.38454646624319033	-0.6069710244025843
0.30927211493140355	0.9226923257000408	-0.2301947675776017
-0.16177040624342642	-0.3524992674992968	0.9217237124411499
0.5649904391749462	0.7327082054081541	0.37937381218062965
-0.8090835181269842	0.582136540804665	0.0806282119065056
0.888945037177013	0.32024600227431754	0.32744345909740935
0.45124699734534257	-0.4899340180936742	-0.7458825680369524
-0.07844022096585018	0.8108064848913731	-0.5800344608667001
-0.22709249616349747	0.6261750175185793	0.7458779026233713
0.7930509409938252	0.563430193110069	-0.23155263436367726
-0.5652426055907682	0.5389353068110843	-0.6245394558371813
0.1083946206723827	-0.07466418429165622	0.9913000886680842
0.8816484369798812	-0.45348633681713246	-0.13056100448108704
0.4592892767964679	0.8881302843075669	0.016672081919715254
0.06620004133058555	-0.6799824807624232	0.7302337847456866
0.9683913883168694	0.22017117635171868	0.11722957023561409
-0.24049048538675105	0.6993915062109929	0.6730645195509593
0.1480412185645894	-0.5143640209264988	0.8446972543948724
0.9826373729837148	-0.02008389434074398	-0.1844462805365666
0.11183734090890862	0.8573367431554735	0.502460066088829
-0.40432778797806623	0.3474351634943142	0.8460542813770542
0.5221492740424978	0.8471635794672155	-0.09835652109132073
-0.7509188874210431	0.40199835421550423	-0.5239447945369526
-0.11480378106138023	0.964888542401318	0.23624180958642843
0.9931478607980389	0.11671396289756408	0.00593105867660404
-0.021849907237558627	0.2353039557835901	-0.9716761960377047
0.4646931930382717	-0.18567653975378426	0.8657854577948032
0.2296359394894442	0.9695853724067833	0.08468495090392208
-0.8551769241734111	0.15946293675917533	0.4931977292744193
-0.8101190638793727	0.3692147530363329	0.4553982526092179
0.379829636058595	-0.26116177794077244	0.8874254747945937
0.44658319483698067	0.8918940474535831	0.07133342979319657
-0.6977177377054824	0.14309499008406512	0.7019357394405736
0.33109352479902876	-0.8045010318371704	0.4931076633039512
0.6352692628541841	0.5764563414394618	0.5139368152671417
0.06020800079591515	-0.324244522244906	0.9440553407689255
0.6729083377164047	-0.6853730478252769	-0.27831305098115033
0.7372715684684338	0.6520193824640983	0.17692190146850628
-0.900190581917081	-0.4213362925072455	0.11014828570629887
0.4353683451017008	-0.8645381434434867	0.2510541826273685
-0.010550844098646019	0.27395168761578853	0.9616855788360702
0.48902857310610803	0.5410506645344931	0.6841894716323742
0.8665560143750747	-0.21173184558686042	-0.4519405929043853
-0.09965805856120913	0.8139003648918983	-0.572393629762461
-0.5874835702498877	0.1916430114886542	0.7862162621276698
0.4325809254845752	-0.7467215727888044	0.5052530411969067
0.6839128581868845	0.6369300188241831	0.3557855442921649
-0.3442867923287427	-0.888095941462796	0.3045524640932905
0.9360656883542955	-0.3497274995004056	0.03836278377532912
0.07244053915994902	0.298288911712292	0.951722697762175
0.6465675056292357	-0.3560928690168718	0.6746468181943212
0.548641939667319	-0.39740768503938684	-0.7355672327596696
0.5300400765059848	0.8457334098325364	-0.06158341327468819
0.7615022132536512	0.5210773879132866	0.38547728210007
0.5839457923088123	-0.809636400999695	-0.05912875629585096
0.28128578146544153	0.2701245156991992	-0.9208208594312188
-0.6914799504632181	0.3456829376087298	0.6343175740538683
0.625451375752944	-0.15289326380046386	0.7651367370955283
0.36147759913462896	0.925811512420666	-0.1104852424227949
-0.8969364827410691	0.09648898427314664	0.43150298010792004
0.1927025831014708	-0.7930375599768615	0.5778902516325795
0.39795811386890995	0.601482588592456	0.6927106432169337
0.5639403211770004	-0.1501932720819122	0.8120426683199043
0.3811750717850288	-0.8249651539118976	-0.41729852561541253
0.7325823358506943	0.5448618869515904	-0.4079811825894579
-0.44471879003362424	-0.4012320017893152	0.8007734252153778
0.4671191782536228	-0.8667314702313644	-0.17486060682222757
0.7642151994685067	0.29629282686341984	0.5728749336902376
0.8102643417973909	0.13024688185233801	0.5714083007617092
0.17047910769260766	0.8804495281764526	-0.4424313530641723
-0.5607214729720746	0.455899526323076	0.6911924852357858
-0.6218799587457717	-0.029002158668758105	0.7825753584817947
0.5313410514457809	-0.7497239474190456	0.3944498570349547
0.5752755895732491	0.6611148746314489	0.48164833497292847
-0.5896897249402155	0.3833930273850004	0.7108275563401415
0.5133442161269628	0.8574024590380687	-0.036588782495011046
-0.6234931788471522	0.343323185625494	-0.7024140133447192
0.566380712719427	0.0386706611497491	0.8232359735978956
0.48542753190309246	-0.8228902336116433	-0.29531639760949047
0.66601276228756	0.5668829185932628	-0.4848409606018016
0.9280708904439798	0.33746045624898496	0.1574955960614303
0.35471035678761514	-0.9298414204723244	-0.09785446112269591
0.11342391766343221	0.14668119593948425	-0.9826594739072341
0.6831085794124137	0.30356145985535954	0.6642387438441371
0.7302938327872879	-0.27671261488315824	-0.6245806965936249
-0.00579538833962262	0.9117458905062352	-0.4107138232626033
0.2035068183345583	-0.16175698032612457	0.9656187934206328
0.7966224189773268	0.6007236530703715	-0.06725930585800227
-0.5691903868426254	0.7829213063632652	0.2511105962885296
-0.3158346294338785	-0.25182586634464726	0.9147853408806529
0.28117897771259986	0.8959848141685617	0.3437289561148802
-0.9061936158144471	0.36577991445553126	-0.21217489210093232
-0.16596062370517628	-0.049046560318495885	0.9849119281947566
0.07327914764186721	-0.9966143946714485	-0.03728156185762598
0.9834059374949241	0.06598623534182496	0.1689928366681348
0.5542155984330034	-0.2867954907128315	0.7814047715239101
0.8319777909102316	0.16193429720007058	-0.5306507691716373
0.025652015236214964	0.9442063492145694	0.3283539922358423
0.17093841503124974	0.39281743835170924	0.9035897954234574
0.8785218008624681	0.3544312097433183	-0.3202779464297439
-0.44607118678073154	0.8485711388485289	-0.2845127741197939
-0.46645428628529695	-0.2017282510639873	0.8612352242731015
0.6338378657768982	-0.7553625788861906	0.16636386123732233
0.6169845692668995	0.623484632642272	0.48020511674228294
0.16782105811837444	0.44796289627999425	0.8781601995128615
0.8135912211286529	0.4400952730494122	-0.3799808883903915
-0.5566914920801441	0.7782322238226858	-0.29060142540872125
0.2598099580698089	0.3713857047609653	0.8913873703317572
0.522423774258546	0.7222779012259539	-0.4531975656268322
-0.8121404963288186	0.5834271948579636	-0.006365730354628951
0.2811770381125277	0.24973414657539816	0.926591781353862
0.7688421636417342	-0.6364478541121883	-0.061772618551318714
0.5743006187050146	0.729771871909467	-0.37096066412059026
0.9486034777265598	0.2348332395365868	0.212143328091713
0.29974033958924123	-0.8817540048455639	-0.36423289769285794
0.10152423783512232	0.40910050665766917	-0.906823910461362
0.7544277486719235	-0.03629959728135351	0.6553786014747693
0.5610045498518372	-0.48268389174060733	-0.672525208226189
0.34075308814352734	0.87504205607008	-0.3437858825334401
0.6063450886892583	0.046180661349648156	0.7938595467333781
0.334519544412333	-0.9204945272253946	-0.2019566779145026
0.7214168752036375	0.38801697368208793	-0.5735856695438033
-0.7367740890855787	-0.2096056600818431	0.6428292221996217
0.5230884948656048	0.42570786681743145	0.7383435776581172
-0.4284184498727288	0.8802489871572742	-0.20400821654345513
-0.7605218450334188	-0.3998625660457778	0.5115823017875523
0.45376563829067434	-0.8908558616600353	-0.021738888026137965
0.46443865981808746	0.2156055704782277	0.8589592360788356
0.03484728319856445	-0.9285593047579724	0.36954469878631724
0.983135574756474	-0.03457333038485633	-0.1795804178477078
0.17952745890792532	0.3695704295171496	0.9116948991436624
-0.6329115213968306	-0.5582657144402433	0.5364348964820181
0.6251725839715169	0.040205591091020954	0.779450287507419
-0.4567080537208924	0.8286874576856742	0.3235658374132353
0.9896728774011708	-0.0029097919015803053	0.14331478935398345
0.14129690412331503	-0.1485741774505056	-0.9787547694290294
0.02414084964647826	0.9888969849817498	-0.14662868911761762
-0.4722385064942396	0.8510865588862664	0.22943945229019322
0.8809868798870246	0.44708624008368114	0.15484189160160222
0.029204630643366286	0.2752554508288087	-0.9609274303182389
0.1088061810401677	0.06244642344620044	0.9920996215936342
0.982031667166046	0.1480536371377721	-0.1170210460274273
-0.15419150317229097	0.98700585850797	-0.04521521447936139
0.34452749093387136	0.2809674836222839	0.8957444284715217
0.8538640498142822	0.3027567193991243	-0.42338463988840336
-0.390149961457853	0.9107116129739654	-0.13560002053390097
0.36683499159126554	0.26330110732333556	0.892246947782138
0.44052419596500525	0.7955942741395272	-0.41589443820010924
-0.819372028881644	0.5456210020139476	0.17586131026372454
-0.4260542014449582	-0.22483385227754787	0.8763147586918392
0.8972879708248227	-0.22873171186693697	0.3775660225702149
0.11555135154627338	0.9471702818693468	0.29919281792745545
-0.7700403851856568	-0.6233493545640646	0.13591683982380362
0.6277365074345026	-0.7783157073080667	-0.013097213118705629
0.11395035066667404	0.07523457929774248	0.9906336737971477
-0.5835233813830041	-0.7559893492893898	0.29661518359711564
0.7783729532527343	-0.6248121638231181	-0.06119890181441334
0.2315944926460088	0.19516624631241591	0.9530341689972921
0.0319937555635158	-0.7428438827837631	0.6686997573019484
0.861555730402848	-0.31864942726546985	-0.3952015510007557
0.5066538493043913	0.588766089643528	0.629806612120667
0.9895853376650576	-0.058787739829997875	0.13139581851799664
0.14104094492523991	0.21348059551812715	-0.9667127221630122
0.02878039841505449	0.975176925989795	0.2195487455763856
-0.7670855411824253	0.031417413513142665	0.6407750920853666
0.10435890895021735	0.9916076765614227	0.07631142710745945
-0.6329999925999891	0.12540798185363264	-0.7639265982120358
0.7442899684854876	0.42029485556520185	0.5190228099007769
0.5508845416332533	-0.8257146620159359	-0.12133226578873885
0.37756941693070467	0.37622803100956587	-0.8461050786286965
0.08872117660428014	0.8861031435319769	0.45491732418616576
0.9276966542356476	0.09276935448737056	-0.36162517139710004
-0.36263958766513277	0.45410909029741464	-0.8138043152793659
-0.4153550587751347	0.8476851012120754	0.3300153698435542
0.906152278947526	0.417391301338508	0.06835604527144556
-0.07980114352632753	0.32743620867280426	-0.9414973747928723
-0.9615152671869773	0.17887423253795853	0.2085483155058131
0.262467159090744	0.37356811188028916	0.8896953726894559
0.08123657652307799	0.9101927678904904	-0.406140054555886
0.5979529475353123	-0.7291613605116734	0.33283026135043325
0.7998912884437441	0.5163022874903602	-0.3059507715369065
0.05124645554220372	0.4491721922258623	0.8919742947671608
-0.6436524637459184	-0.168568205433019	0.7465227833300877
0.3613143882876185	0.7929589760759993	0.49057922405748783
-0.6746580013089251	0.5854919490288438	-0.449483880569985
-0.7938415911300107	0.435014980134657	0.42494410838440433
0.4734449590793969	0.0035461227372329818	0.8808162667298104
0.38166136680895624	0.900416232679074	-0.20877070918484453
-0.973899136039714	-0.1488608463243728	0.17135028816051304
0.1859726913809186	-0.0905101485599753	0.9783772641819664
-0.13013312753344938	0.9847072465658222	0.11583180771757051
-0.572811547850387	0.5198471705700196	0.6337553549277428
0.6945253454544715	0.718441381841576	0.038425582349704196
-0.43534064268178696	0.4621697741175983	-0.7725785556961164
0.9340160745787074	-0.3454503614444266	0.09098362603511444
0.3572246009229714	0.9016763948269437	-0.24366013934845682
0.0021346952958989085	0.2600840763864651	0.9655836143422242
0.9975032962891728	-0.02197999796061521	0.06711224613948048
0.07042318202546251	0.38048966918050886	-0.9220998791239025
-0.005267762868944915	0.9245239268599587	0.3810876006088342
-0.851910921572298	0.40905480942239564	0.3269892117398455
0.5118194800416986	0.5181807129038595	0.6852222768009613
0.11085396499757305	0.7511077896433078	-0.6508060285380439
-0.34405382448403965	0.4625925429458906	0.8170894106943009
0.7959169975226872	-0.31799058395485247	0.5151680517758477
0.49813963796547667	0.827580888932862	-0.25877939129829763
0.43732590988107267	0.3076645634251154	0.8450376115647901
0.31766501465880637	0.8262336164568117	-0.46521709931871424
-0.8413292976049939	0.4718903765167619	0.26359910004086984
0.15528460706377323	0.41189062241294633	0.8979046753288044
0.9618859874032624	-0.2701388750755538	-0.042430359533778994
0.22508229172083005	0.8702707069304301	-0.4381402271105783
0.03408924092832244	-0.600711033705746	0.7987391173825813
0.9983743120587072	0.05699708045316976	0.0002565952416195283
-0.04567993732738601	0.7974318696942009	0.601677452229828
-0.995992274143739	0.013062808618566554	0.08848024003684177
0.08841790025718525	-0.0052762272254989195	0.99606949373042
0.013478307018794038	0.9999007573040735	0.004100095443708818
-0.5623585431086331	-0.1366695536008266	0.8155208777899476
0.3364012261889762	0.8631289141254335	0.37662009056767454
-0.7553721493484449	0.4861377487083274	-0.43941211324849716
-0.8328657593902653	0.0038916469951813526	0.5534613644320097
0.5451688977693796	-0.16682331590987642	0.821560012521151
0.09552748159664143	0.9859791257184397	0.13681982278641058
-0.9291708194896868	-0.013076879465734187	0.36941925157238553
0.2697143159745977	0.6594124626630972	0.7017331343487667
-0.2527761380494956	0.7516676122516042	-0.6091797967141996
-0.577631893600522	0.16900037697900597	0.7986114625250688
0.526437994404401	-0.670576486501339	0.5226760122666733
0.6238625117307076	0.7223337513452307	0.29837814619133773
0.30149588348973	-0.10410168653643909	0.9477674140310036
0.7196609906398448	-0.6272071101425345	-0.29782427627365604
0.6254504702932312	0.7718640293775314	-0.11418243894337121
-0.24882310257497275	0.2182774379890538	0.9436323562118347
0.8100461809953496	0.5809919897580454	0.07920538171006059
-0.5309540924409695	0.7840939152307724	-0.32137903450328587
0.9479486024861442	0.117753385624072	0.2958506163904931
0.23382810385444897	0.37325115841380396	-0.8977794777062942
-0.21614315832891667	0.9202269898871811	0.3262888631117814
0.999999161303219	-0.00030869118556516554	0.001257816604507225
0.0003099089866362169	0.9999994833628233	-0.0009681066606697695
-0.00125751710867957	0.0009684956573911065	0.9999987403326481
0.8969618691171118	0.27613244082054555	0.3452684180118782
0.4039710192496303	-0.829205969530288	-0.38629635734983214
0.17962967727063345	0.48597153746060306	-0.855315639879118
0.8658410378892144	-0.5003186321504054	0.0007506197940693663
0.5003188419741291	0.8658412349343518	-0.00011069337327523581
-0.0005945356123580088	0.000471392091335733	0.9999997121584095
