-0.17969566333960585	-0.6978493533418343	0.6933366776807087
0.8572105002671543	0.2346855227608723	0.4583806972792281
-0.4825967538314718	0.6767045037879089	0.5560318226005466
0.788405765329257	0.20396965756540208	0.5803556909243168
0.27236354056158046	0.7301756348850611	-0.6266271969783614
-0.5515745198686655	0.6521042255750613	0.5201207821446866
0.9541507321727084	-0.04856915937563872	0.295359809472833
0.15716208347256969	0.9210810103758876	-0.356244090257642
-0.25474783573731385	0.38632992258234117	0.886483350720518
-0.6141333785198149	0.28293255376559767	0.7367423996265692
0.7477019034404008	-0.09014458595286601	0.657887389463416
0.2525510977593245	0.9548942997227828	-0.15618840986928761
0.555798520170261	-0.5564131600017327	0.6176507106394633
0.731233064834751	0.6806524448286464	-0.04483808917832324
-0.39545696335875125	0.47656756575083103	0.7851733218884877
0.23297493249267764	0.7901518153508188	0.5669063322347333
0.9520548188674957	-0.06646166061731718	-0.2986209462498715
-0.19827834652632245	0.6092971002440386	-0.7677517443373174
0.9469727513091367	0.09598049880758637	0.3066436892007575
0.18783752381276686	-0.9396498513130758	-0.28596367177528503
0.260690761105744	0.3283989963077866	-0.9078515441954957
-0.9954972332048952	-0.07453222611769561	0.05856796010908663
0.09030873911447154	-0.5579910079805164	0.8249183999962916
-0.028802609620539363	0.8264931834460755	0.5622094159618982
-0.9872966674853136	0.015545819176962735	0.1581253233309282
0.02269805730688614	0.9987943949721868	0.04352648350874013
-0.15725803180405995	0.04656268976616892	-0.9864592375536112
-0.8682093973065921	0.2641285707139794	0.42005778240750963
0.49235336974285954	0.35339313072395706	0.7954253292798585
0.06164902052243282	0.8974126103915137	-0.43686382887452946
0.8864739116621918	-0.016158690674916987	0.46249637907556096
0.45534679994037	0.20884091072880118	-0.86547372333886
-0.08260324283221165	0.9778161231651058	0.19248982713890472
0.22678246602493846	-0.3467609795119698	0.9101244619235035
0.6438212828196017	0.754552498815519	0.1270617264158592
-0.7307967356879544	0.5571421269471152	0.3943713750878408
-0.48508890789488746	0.7740864971672881	0.40679091231322206
0.8347915317692407	0.27139621164665395	0.47902734242442724
0.2604070850105853	0.5719564591882172	-0.7778521446066513
-0.8215705426690301	-0.5446423471755665	0.16848310622019416
0.563507511279529	-0.8206247080643703	0.09504932007025826
0.08649351507521799	0.17303121734923058	0.9811111403264038
-0.0012204046514268097	0.48604222849641326	0.8739344727899954
0.5372307659400547	0.7374261785327849	-0.40937236758481316
-0.8434344163833658	0.4690048862568211	-0.2620167970327043
0.699269916462514	-0.7023699488884423	0.13303397622019614
0.7117240667798264	0.6666366671690287	-0.22145971812533968
0.06686132437286828	0.2495436011686469	0.9660525629689564
-0.15552399199258682	0.9342477371838556	0.320925931456988
0.9651851175234567	0.21288223010887541	-0.1519830418668576
-0.21030924094276257	0.2861159234833277	-0.9348303062606398
0.05526304321664843	0.8654743292200509	0.4978957536628907
0.9279792104102169	-0.22856232488976214	0.2943023083283876
0.36851130389835435	0.44577286716677805	-0.8157732342980157
0.940739381221837	-0.0014564167108817375	0.33912725556746337
0.048276029028603104	-0.9892317977516392	-0.13816611501482648
0.33567669213036644	0.14635002277903839	-0.9305389992864301
0.8159817356670623	-0.14790587642823447	0.5588359855769528
0.5633791300698987	-0.013143130473512121	-0.8260939498162666
0.12952900393136846	0.9889141064012344	0.07260252957848967
0.16916136258866787	-0.6944670980230017	0.6993567638699549
0.9845626381950405	0.08670585284691112	-0.15204771143464046
0.044953808265453254	0.7142811385201211	0.6984136383811763
-0.46065812245816495	-0.3942458525404568	0.7952133688312633
0.8466388153326749	0.07378345121129082	0.527028195355273
-0.2664522669924257	0.9160383234788813	0.299794895441196
-0.24207077709210134	-0.17537860632771096	0.954276733091914
0.8911291450578338	-0.42922026203165164	0.14716933610631877
0.38378455636791914	0.8860092048641651	0.2601866698919246
0.13594076912228537	0.6336966678992475	0.7615435905999289
0.7676256882873251	-0.5533189893590356	0.3234020697152468
0.6263153438738761	0.5406168968022419	-0.5616604498449773
-0.14110645520342713	-0.44437746248253546	0.8846567917206682
0.9230525105027652	-0.38206932119779724	-0.04468888736584259
0.35785895427453784	0.8102787820479054	0.4640961799115536
0.9377609963043968	0.04889408890512322	0.3438221660689185
0.1463115058610741	0.8422610514866655	-0.5188345250667513
-0.3149559605132914	0.5368479200096751	0.7826857950151105
-0.07192479748923031	0.019884869425948304	0.9972118207653007
0.8643398874919257	0.5001741647425957	0.05236758362281008
-0.49773826696023526	0.8656964808129692	-0.05316221131087184
0.92096081989667	0.0629983738158526	0.3845287675997875
0.15063368941867983	0.8525601178494517	-0.500450534083685
-0.3593614612439263	0.5188183211386111	0.7756847876705737
-0.9606709816752925	-0.2193576653324305	0.17027471810851938
0.23659553509368803	-0.9675830144739535	0.08834966256432172
0.14537474932312613	0.1251611951101598	0.9814279685732594
0.18449321791232276	-0.11312422111444757	0.9763017787250036
0.27157077878498137	-0.9488124758844185	-0.16125817100599343
0.9445695128758259	0.29488607326106314	-0.14432823404377948
-0.3434993258146628	-0.23855231170516988	0.9083507074610506
0.8568561492447854	-0.4755432825798387	0.1991384591046878
0.38445513739091836	0.8467298158050836	0.3677538121630002
0.6230761113878883	0.19200492044700074	0.7582283758485227
0.5206851040376981	-0.8252066706621315	-0.21890859537252358
0.5836635861958488	0.5311949371171196	-0.6141406654262032
-0.3488531099089285	0.09898162291460988	0.9319356984427943
0.7979071918344477	0.552962415020688	0.23995141340145132
-0.49157463413578906	0.827305992906904	-0.27188080692573124
0.7383767620372859	-0.3085003407425216	0.5996893337763156
0.49024779241566024	-0.36508322802393645	-0.7914362505263414
0.4630948707499414	0.8783745080416269	-0.11832736077393413
-0.9923713277288302	0.0017248216390579815	0.12327275810993865
0.11825400008972847	-0.2694055907663795	0.9557387818471091
0.034858849156225856	0.9630252606521447	0.2671464167481423
0.7161475359130013	0.2775306829589801	0.6403978660349039
0.6253161296083778	-0.6626933302351878	-0.412088932286946
0.3100200717007449	0.6955675884327265	-0.6481306080293898
-0.5071547043786535	-0.39357139153158904	0.7667435461707446
0.8494789307421167	-0.078045022607232	0.5218184748276611
-0.14553230586996896	0.9159751820950854	0.37391150521753747
0.3751116967676895	-0.43488644656603936	0.8186360568294242
0.8728153117874855	-0.1317547173743272	-0.4699299160076165
0.3122253136076241	0.8907942933375665	0.3301528138602581
0.7289575084162436	0.5620039881776959	0.39086118788637264
0.6626013464687841	-0.7227090258431252	-0.19659888001368417
0.17198955369828833	0.40229737910809815	-0.899208770075903
0.6055699180081136	0.7402061257039952	0.2921985042294496
0.7947781345395829	-0.5440235589849995	-0.26900944988433984
-0.04015957247565169	0.39513701261660583	-0.9177439457708216
0.48600197672609	0.797248533661746	0.3580458828034878
0.8443775721403471	-0.3226543536087667	-0.42769227695117656
-0.2254519777795393	0.5101852052652105	-0.8299894348988963
0.6329120933681843	-0.040740998162642095	0.7731509898700346
0.6971847902967011	-0.4042722513337209	-0.5920281369838009
0.3366833085367431	0.9137308782515104	-0.2274647926217941
-0.1822065461851372	-0.332120790099199	0.9254709910695025
0.5854490843294204	0.7195532848355843	0.3734868671588917
-0.7899684450565898	0.6098678964056103	0.06333249362427773
0.8902320711777969	0.3327699910830485	0.31104821568541074
0.44340514370701256	-0.47671817886779655	-0.7590333698007848
-0.10430118877871684	0.8136362276666148	-0.5719417374591462
-0.23980140726138277	0.6303795950678733	0.7383202903872578
0.7897531994858845	0.5689654480014514	-0.22927756733338867
-0.5646106348425165	0.5281097282786711	-0.6342830172093206
0.10173237775435173	-0.032814622319057296	0.9942704480565154
0.8758575544372611	-0.470972229627282	-0.10516036922285621
0.47172456757267406	0.881537497490586	-0.019172189922100236
0.006176662703105351	-0.7254957371604824	0.6881989423123376
0.9682676805301187	0.17628463639545366	0.17714803360959624
-0.24983904354339015	0.6652666099639233	0.7035629253936233
0.10934999507879883	-0.5239396014760331	0.8447069743889903
0.9927759189764271	0.015349369145788438	-0.11899735949733092
0.04938170994181312	0.8516171034402503	0.5218330727840664
-0.38830022635298045	0.3131585067857896	0.8666918044160326
0.5525632851555758	0.831785182649933	-0.05298325982888713
-0.7374935593700473	0.45832865888106117	-0.49602226798399496
-0.08743377181078005	0.9525362803345448	0.2915989886700053
0.9959921251481297	0.07805241546506836	0.043675016691246044
0.018842032529763686	0.29424896785969834	-0.9555430512141507
0.46575850262893326	-0.09313359726337177	0.8799972444784347
0.2372408868904451	0.9711837067438368	-0.0227808986375935
-0.8525173187779174	0.21938172397919875	0.4744321662446863
-0.8035360479732427	0.35251676884528615	0.47964752401156124
0.40801521210510705	-0.26053339557362376	0.8750119636220421
0.4334205882262247	0.8988071414234293	0.06551577083326288
-0.7018615207050987	0.11691073238469152	0.7026537457430946
0.33914447231085865	-0.8126102758138181	0.4739678961098316
0.6263955879909402	0.5709609621463326	0.5306902552811936
0.07337306972250801	-0.27200928858715956	0.9594932722858472
0.6714707284532017	-0.6978761539231475	-0.2491905588419466
0.7373896212112171	0.662555522735825	0.13144095945417855
-0.891298987115182	-0.43548575775717757	0.1262468627654065
0.4533823580681725	-0.8525947172618233	0.2598589723095484
-0.005527473201561113	0.2888501391515816	0.9573583676722724
0.4898210473562501	0.5508964841462529	0.6757132567310807
0.8680349434288293	-0.23599598002387534	-0.436830899089201
-0.08118299423731157	0.8005116870901186	-0.5937931965581931
-0.5933083557927867	0.15337008078510397	0.7902295952863514
0.4668497295723012	-0.7341662568343374	0.4930022690861849
0.6557717018480818	0.6614208385330995	0.36398619398191767
-0.34873877856771696	-0.8975794997020511	0.26968927683115773
0.9370063477591634	-0.34005589428874106	0.07988174396267755
0.020009212431555692	0.28055842613277626	0.9596283660583238
0.6474925219149035	-0.37442736560261697	0.6637451182134316
0.5303426990788137	-0.40406708846680517	-0.745296189143456
0.5472568460952106	0.8345860865757608	-0.06305559845152264
0.7518356258003915	0.48832641270735466	0.44303555887727575
0.5647234201947547	-0.8237403754284949	-0.05039099693855198
0.34033902282998973	0.28807830279507163	-0.8950867226128645
-0.6810581757733241	0.4015783955166664	0.6122863329085272
0.6332554186327327	-0.09679362075807507	0.7678662447020471
0.3676239056217567	0.9106952219237793	-0.1883796081867779
-0.901774268481802	0.09419749687412161	0.42181749642085786
0.1880597216792192	-0.7932147009261721	0.5791752578594301
0.3891486988106798	0.6016122254552784	0.6975858516316842
0.5768490926931275	-0.16906485876199936	0.7991634362199642
0.35689636071474506	-0.8278604876482005	-0.43274935089431876
0.7347585399079661	0.5348495924301232	-0.4172119383594446
-0.45174652674132787	-0.42414324904242995	0.7848742446206771
0.4729109820282861	-0.8598339201295646	-0.1924599513448661
0.7564920876348868	0.2842325352354254	0.589008987418234
0.7683368009351464	0.11666572009526228	0.6293231841299025
0.20448982610785577	0.8869690185786381	-0.4140892066934689
-0.6065001824790526	0.4468501648609983	0.6576339854482693
-0.6456124195646158	-0.044271114660397654	0.7623809232336868
0.5155685643824386	-0.7617319169696548	0.3923691400841387
0.5633592629260248	0.6463780279963585	0.5146083810034432
-0.5817751705574774	0.3700806792613234	0.724277530895647
0.5404028725865465	0.8413961499338063	0.004153814725832178
-0.6078670794038991	0.39381824451648406	-0.6894960507957446
0.5863300494154745	0.07253614304116149	0.8068181834249644
0.5310226595997913	-0.7865560192995922	-0.3151897261890739
0.611745051589313	0.6132439453074865	-0.49969976525879733
0.9122848375016408	0.38173167623111687	0.14838228541974474
0.39836269156848453	-0.911190599302236	-0.10506596837009105
0.09509753535669224	0.15496005648235364	-0.9833330258178399
0.6743083094959965	0.3125344800724862	0.669051943058588
0.7366867270459859	-0.2221335978174086	-0.6387091129105383
-0.05099970528272174	0.9235685483419812	-0.3800265340401392
0.22815555372310903	-0.1934538698526138	0.9542120537618195
0.7915917482227741	0.6074627491672854	-0.06611741464800203
-0.5668576077384104	0.7704314431623177	0.2917324869395157
-0.27138230069174263	-0.2319516699614227	0.9341038859106434
0.3357045956063961	0.8867645920961484	0.3177278437488561
-0.9020277553157681	0.39980868050438667	-0.16278497361039967
-0.18569958357535565	0.05530758810761705	0.9810487935661802
0.10184655123462577	-0.9919537056602619	0.07520057066597012
0.9773141483993528	0.11388115087490551	0.17857250296127536
0.5584603600597059	-0.36925452459386343	0.7428143255948579
0.8218251609676663	0.12450868908267099	-0.5559685163238872
0.11280705227268839	0.9209498805091811	0.3729958264480613
0.1979470552164334	0.32496408911822067	0.9247785162484621
0.8908581589804843	0.33390854457196006	-0.30802081819211097
-0.40888715302518897	0.8848183003562937	-0.2234006970570035
-0.48008652023615395	-0.14389106902257962	0.865339409332015
0.6012230608826633	-0.7723019516170777	0.2051353860047915
0.6387861646516952	0.6187447420253305	0.45728238547486677
0.16854768236096906	0.4826092668425359	0.859464934903371
0.7867247638746291	0.45944970516962536	-0.4122743192656479
-0.593848317903785	0.7456502289795492	-0.30224147853263106
0.22894396496863556	0.3510447708478943	0.9079384504275549
0.5351518986712616	0.7337300986141397	-0.41863180449677806
-0.8131402746469911	0.5817282108064161	-0.019879197644319557
0.264323594188809	0.2581139720405299	0.9292525033555574
0.7758484847355422	-0.6292470364212059	-0.045905292600011915
0.5728805864127993	0.7330929985974428	-0.3665821723962268
0.94583389442803	0.2719942260973312	0.17724949963489345
0.31814765059336175	-0.8852825680721554	-0.33920030526149786
0.06465536770470344	0.3772186575943494	-0.9238645830367598
0.7338686855894099	0.0037242584260054334	0.6792811510784383
0.597918190965082	-0.4781211156241243	-0.6433459689058343
0.322382675130528	0.8782860175896685	-0.353104916536382
0.6051393439758848	0.018986881157235486	0.7958931289541057
0.3725189337244552	-0.8902734027228005	-0.2619979244596441
0.7035879606625107	0.45503051188715626	-0.5458124356063006
-0.7511352837317764	-0.20065669980567044	0.6289138846903289
0.5240121779382446	0.3981988392647857	0.7528936988583412
-0.40150594379859533	0.8950835565640083	-0.1939546438297488
-0.7830374616241138	-0.36591847661198235	0.502947315498583
0.3974923362166161	-0.91635758233732	-0.047839564608793045
0.47838496667675673	0.1624575321949351	0.8629921053467465
0.03054755796045594	-0.9094860459664197	0.4146106352893279
0.9707973904880146	-0.07175149235932543	-0.2289195272707656
0.23794804753204796	0.4094958553350414	0.8807348472378671
-0.6207269341751096	-0.5682197489963912	0.540207728600811
0.6451876746629246	0.021270625026036494	0.7637279783889352
-0.44545587621291693	0.8226018948200156	0.35340512869213225
0.9951834968890902	0.000588123436647027	0.09802786150082735
0.09719746715743993	-0.13593919753448902	-0.98593771961106
0.012745975748466927	0.9907170073661308	-0.1353416100750875
-0.44527677737685156	0.8704496810359372	0.20987125652008953
0.894862264698983	0.42454705820794125	0.13777272075701502
0.03082399628038869	0.24915286101391299	-0.9679735188019809
0.11130313374363365	0.014411247972817176	0.9936820056490469
0.9862867583147312	0.1210079081861406	-0.11222974886113513
-0.12186075164656451	0.9925469268947843	-0.0007450636575001557
0.37356933786940605	0.34820265957358376	0.8597679091881114
0.8438290550413615	0.25735588614904337	-0.470872035411367
-0.3852252272006813	0.9014004968549351	-0.1976832532053736
0.4336086301778358	0.21216966381141678	0.8757668580127083
0.45067011827130843	0.7905413104724058	-0.4146575465777707
-0.7803076318559403	0.5744810442431687	0.24716700724945606
-0.43917978605624497	-0.19040244912954407	0.8779909013680395
0.886554979339257	-0.2500183445042914	0.3892442626681904
0.14540077072822066	0.9493354174246345	0.278605242403718
-0.7779285892546894	-0.6120444925194588	0.14222745584733565
0.6208160623586578	-0.7836020860551585	0.023562415994422187
0.09702848415645172	0.1066269661324058	0.9895535171761556
-0.6158088920429525	-0.7344758349621678	0.28517478208540403
0.7412206064699101	-0.6627754330534892	-0.10639895622203488
0.26715430190287026	0.14585600158164969	0.9525516289301089
0.02588783059860411	-0.7257805269675008	0.6874390495903435
0.8400002041152155	-0.357026677243645	-0.4085726481578991
0.5419681515673169	0.588026001475393	0.6004131446558835
0.9924218038717266	-0.07871850692333326	0.0943523177656454
0.1099897929042726	0.22674989255643796	-0.9677224455816444
0.05478328811657271	0.9707666469823759	0.2336897696728114
-0.7559033649358025	-0.021210272579525187	0.654339535116008
0.1110339125814821	0.9808423179282827	0.1600619180752295
-0.6451988632472774	0.19364522121182318	-0.7390669490419965
0.7166867273095867	0.37023328566769936	0.5910054560509351
0.5805337759519812	-0.7863131964293213	-0.21140504274978375
0.38644620567060683	0.4946098172345579	-0.7784731587010483
0.05175405649547671	0.8695547230713492	0.4911171970320039
0.9105856682128	0.16084288599820273	-0.38074047180358633
-0.4100673828551978	0.4669091449180219	-0.7834797967466742
-0.37793188630600194	0.8457803461840054	0.37659407234056497
0.9164729761335988	0.3994578238815337	0.022599357438948697
-0.13131935626559685	0.3536793080584349	-0.9261026799017995
-0.971507586534613	0.14849589529609358	0.18472135335662365
0.23089960995847036	0.4171896564680442	0.8789983849001667
0.053463814180408506	0.896605687923229	-0.4395905605867756
0.5965666447571789	-0.7320720982347662	0.328905277168532
0.7968321865425336	0.4913925804728333	-0.3515562520367044
0.09574291019708306	0.4718090448925253	0.8764870337344394
-0.6478248409271805	-0.1918679981677015	0.7372310674115621
0.37005461153297137	0.7666476785159775	0.5247007923657482
-0.6658697770291531	0.6127299636097302	-0.4256517728542477
-0.8088937692682834	0.4172554721068072	0.4142327136234834
0.46025822539804945	0.010972832551505718	0.8877172764451726
0.3658595850765532	0.9087229874624732	-0.20092111901164178
-0.9745202262896413	-0.13492403443179882	0.17918100760134517
0.19063287221011074	-0.07727566163937549	0.9786151338248967
-0.11819237109606585	0.9878380317900519	0.10102765148139548
-0.6048354229580499	0.4904916846452362	0.6273691245423499
0.6537081180786254	0.7557210233239309	0.039388212251034393
-0.4547964462188093	0.43393967576163023	-0.7777252408830719
0.9340636949363025	-0.35131118050227395	0.06407392805221696
0.35696552443665586	0.9135025419195116	-0.1951633169175349
0.010031359110570515	0.20516715224589344	0.9786755394274985
0.9980144919374608	0.014886093577488435	0.061200311280369755
0.05054297226705777	0.39051395534430877	-0.9192084957373678
-0.03758299931116895	0.9204766454937059	0.3889861993225867
-0.8448423969401531	0.40376323014090804	0.3510221906355727
0.5266224990441866	0.5118248522694187	0.6787518427966464
0.09439315564632808	0.7582945170483351	-0.6450421362837935
-0.3412553040055317	0.4096663798442341	0.846001344392201
0.766262790812898	-0.4000368159787404	0.5028040187560356
0.5444135862593076	0.8198438894612259	-0.17739741827142952
0.4137419974326998	0.2552126534852983	0.8738901882166848
0.3858447330313238	0.8202710722326911	-0.4222312281797945
-0.8245855938302501	0.5118807180967303	0.24090813371156528
0.20120364983793193	0.3902993630910773	0.8984339143546365
0.946575956980636	-0.3134412080435438	-0.07581930338902587
0.2520139856398609	0.8656910628341403	-0.432513508194841
0.046850036741537204	-0.5923537458088385	0.8043146858559493
0.9983941317520454	0.05343953884453656	-0.018798227872925177
-0.031847005202934875	0.8039037601070921	0.5939061480952046
-0.9982103532939108	0.0237364497894356	0.05488780855744757
0.054585307446946875	-0.013210120399228531	0.9984217229858132
0.024424061655828232	0.9996309687431815	0.011890817541313825
-0.6201167231101119	-0.12520518428229513	0.774453944110309
0.31897614496081494	0.8616590359207019	0.39471245833156016
-0.7167352849309948	0.4918001297733084	-0.4943917107818889
-0.8167605606534225	-0.02212538467270231	0.5765523860970415
0.5715535477704355	-0.16771131171874876	0.8032430877091973
0.07892229464565417	0.9855878364076242	0.14962582709279482
-0.9454190847370407	-0.03586031114577379	0.32387774282822274
0.222710539939979	0.6544440242417919	0.7225669758118287
-0.23787132995512322	0.7552595959130457	-0.6107374011526097
-0.5896422803963175	0.18665304481773023	0.7858006248593219
0.524471463017352	-0.6514000948870566	0.5482769381084452
0.6142081614969541	0.7354172674348923	0.2861988419073833
0.28967406158000053	-0.10543689943318196	0.9513001620338678
0.7503396961525435	-0.5920276088293368	-0.294098029169742
0.5942047445329385	0.7989908451426304	-0.09238155093312983
-0.21599068358545126	0.23677701284011865	0.9472511128495971
0.8283891213277651	0.5579690372003373	0.049416770347140926
-0.5168360361566355	0.7953660790580894	-0.3166596153816559
0.9524512922493074	0.1468109842597632	0.2669888963857937
0.1917526023080932	0.3921552065187136	-0.8996917436035186
-0.23678571620918942	0.9081083794905456	0.3453573449318207
0.9972114680055034	-0.03949670188769093	0.0633190225627622
0.045935095895856884	0.9935491191549823	-0.103682760338434
-0.058815432017006807	0.10630220301740496	0.992592860436896
0.8923484583049599	0.18708183999799133	0.4107488455293907
0.38260357472591267	-0.7963115738180948	-0.4685108131199345
0.23943419465004223	0.5752288784008632	-0.7821655859765058
0.8397218731578822	-0.5422070206689339	0.029643253491072306
0.5428021952510284	0.8396728372324772	-0.0177567802437925
-0.015262783850990499	0.031001179836907068	0.9994028088202662
