-0.18093766085188268	-0.6974955559244174	0.6933696794287566
0.8574253317315796	0.2334644891694968	0.4586023689448369
-0.4817503122888861	0.6774911672948318	0.5558078398574878
0.7883155355036868	0.20279037545553538	0.5808912807971371
0.27368355421161245	0.7300011580363336	-0.6262552366405502
-0.5510498422444514	0.6526671225733797	0.5199708631011456
0.9543961235873202	-0.048128047855531736	0.29463830418177506
0.15668255740030193	0.9208255071172822	-0.3571147737754646
-0.2541232289421761	0.38699363877435483	0.8863731201137512
-0.6142240583311129	0.2797570066243208	0.7378785966619832
0.7484755315222668	-0.08972757808908582	0.657064182894432
0.25002636836885467	0.9558687038369166	-0.15427843707211686
0.5542653504776399	-0.5576505836941059	0.6179124110790477
0.7334284604915511	0.6782216638100402	-0.04580467312113609
-0.39353858082898596	0.4785824915773286	0.7849115772841829
0.23346062681111568	0.7886959518488807	0.5687308952977226
0.9522438858768507	-0.06706907250314731	-0.29788138801160935
-0.19679359120437928	0.6111140933170792	-0.7666888856701446
0.9469962435904041	0.09429473135643313	0.3070938264831809
0.18662628496397066	-0.9395736278374425	-0.2870052745733684
0.26147417537150913	0.32910469688353866	-0.9073705715433931
-0.9954093662283017	-0.07505548726812346	0.059387435168687094
0.0913089336709209	-0.5587439411083233	0.824298421026401
-0.028685750066014037	0.8259369722355836	0.5630321888111435
-0.9870557558564661	0.013906428555739148	0.15977342105445608
0.021207572582396916	0.998802751213644	0.04408291089773831
-0.15896909666907827	0.046900697360270575	-0.986168926143659
-0.8671372908764905	0.2660076893783708	0.42108529772833514
0.4940725262205057	0.35251517263842036	0.7947486344082589
0.06297029145135183	0.8972028545715204	-0.43710614287978933
0.8866777096013029	-0.015219851159162717	0.4621374205005265
0.45479512264571276	0.20908649054153838	-0.8657044737615107
-0.08345079816190276	0.9777787048221678	0.19231424461652669
0.2281292077949092	-0.34605791828295457	0.910055482783624
0.6420964288084785	0.7561052328736809	0.12655849608949649
-0.7318942824358348	0.555471686060329	0.39469224127543967
-0.4867337486569989	0.7731297847769576	0.40664553828738903
0.8336381997274311	0.2719961317837485	0.4806926837906786
0.2610318177416554	0.5729646063985218	-0.7769002187804261
-0.8203808688410197	-0.5469917770802851	0.166659010696107
0.5655190934674984	-0.819259058913316	0.0948828188460189
0.08463678256734625	0.17208890201003463	0.9814387524658014
-0.0015909977904626782	0.4856253565047715	0.8741655917763204
0.534665263652333	0.739139475218097	-0.40964117471013267
-0.8450624382669082	0.46673423839903766	-0.26082297854379766
0.6964140348909875	-0.7046759703933911	0.13579126907495603
0.7145845294594895	0.6634785799698192	-0.22173210001799992
0.06615468436939709	0.2514516865550217	0.965606341665495
-0.15281391297967706	0.9348172177409599	0.32056930204698336
0.9652674620470445	0.21074520421709897	-0.15441886417387807
-0.21191185599936826	0.2858377657247966	-0.9345534425448119
0.05277261636175434	0.8651742235075801	0.49868688968168307
0.9282044393376745	-0.22668170171709212	0.29504563189526667
0.36830906825133825	0.44731305490081497	-0.8150211415412072
0.9412416569937591	0.0009670551504099428	0.3377324502383193
0.050690556964049296	-0.9890727574314502	-0.13843969062961287
0.33390808701544983	0.14742504980933369	-0.9310055016563537
0.8162434812726785	-0.14876110727212188	0.5582263987335521
0.5628317770032181	-0.013096966173941738	-0.826467700683117
0.13025732253987965	0.9887864291343257	0.073037165091006
0.16643910663416728	-0.6953416004334012	0.6991409603860559
0.9850115258270453	0.08468594969753263	-0.1502683729588588
0.04528043474499793	0.7136724379086972	0.6990145446260477
-0.4586903385766261	-0.39533637397018717	0.7958092263303838
0.8471505354969124	0.07576976165059857	0.5259229158600198
-0.2682147339423284	0.9154059725802075	0.3001545632848688
-0.24012593824756046	-0.17579646753841832	0.9546911206153237
0.8920706592607455	-0.4277969721200181	0.14560113162693306
0.38281780609949134	0.8866145456995156	0.2595480200024919
0.13434380119834188	0.6339066462679231	0.7616522217501466
0.7685683976608911	-0.5518278817402922	0.32371068417800536
0.625503286319545	0.5418933038443787	-0.561335270628947
-0.13802570461444086	-0.4447920547068267	0.8849344229576375
0.9234124551578169	-0.3808699105292144	-0.047408321135445575
0.358131739064133	0.8106159012276702	0.4632963610387544
0.9373356574611482	0.05133842724323526	0.3446247686108299
0.14450368971912037	0.8427340736543416	-0.5185730081285748
-0.3170497577817041	0.535876522148666	0.7825061048326799
-0.07170641160697211	0.019806538969098564	0.997229106849834
0.8654253082174671	0.4982974990674549	0.05233200091551954
-0.49588025412508	0.8667798471568116	-0.05287220566290918
0.9207727997465193	0.061129033888946735	0.385280018250052
0.15270895674944318	0.8523437998262073	-0.5001899853318925
-0.35896716531662487	0.5193970428425889	0.7754800359202813
-0.9609549619217894	-0.21737680946346818	0.1712100577225968
0.23482077511536212	-0.9679536297623439	0.08902232418963094
0.1463720080210435	0.12575012261380208	0.9812044343206472
0.18305501597129337	-0.11147184157207655	0.9767624530377277
0.27313184784022077	-0.9486693902241718	-0.15945338424468702
0.9443992031038229	0.29597367549872944	-0.14321218030822913
-0.3444132034299605	-0.2381992176820077	0.9080972844353142
0.8572348613087412	-0.4741849551613111	0.20074117877418274
0.3827896783614936	0.8475905621196739	0.367508232758886
0.622535935520626	0.19254544532256693	0.7585349434739268
0.5222792182257041	-0.8240512485900178	-0.21946288503248065
0.5828150883384937	0.532790569720192	-0.6135639996139168
-0.35016695374054296	0.09898865989482725	0.9314420807115675
0.797035520944595	0.5538600118807387	0.24077679620770337
-0.4920543494987582	0.8267045012891208	-0.27284095126586005
0.7370079632672142	-0.3099886263611886	0.6006049563626793
0.49035461694772486	-0.3663320850928171	-0.7907927371123226
0.4651576202952742	0.8773299578597852	-0.11798530977619692
-0.9922178734622968	-0.001606916219627011	0.12450345136670077
0.12033861867742261	-0.26914155044227583	0.9555529512697546
0.03197355840014051	0.9630992906475381	0.2672404309183808
0.7143703098015792	0.27898241964220666	0.6417506291423292
0.6266817398574962	-0.6631155002785944	-0.4093260683360518
0.31136001253079565	0.6945837910726453	-0.6485432134992808
-0.5070119819457264	-0.3936629915281407	0.7667909097430545
0.849456924607974	-0.07735905413230237	0.5219564253645301
-0.14615670836136535	0.9159940097210628	0.3736217214725347
0.3749958762903115	-0.4343834590407718	0.8189561058304868
0.8729349703580791	-0.13189145433818306	-0.46966922594364063
0.31202985480751827	0.8910194469170318	0.3297297604470453
0.7287083279903717	0.5615750293603108	0.39194088727312315
0.6629213255616122	-0.7220368889020716	-0.19798496705622065
0.17181236519270604	0.40409926684366054	-0.8984343569250368
0.6055197392390053	0.7397198660773543	0.2935308588929416
0.7949677019331021	-0.5450491613588924	-0.2663602158453298
-0.03704319472088935	0.3946339207828807	-0.9180914280682513
0.4871294572727852	0.7961752362371826	0.3589009404554251
0.8444070308274547	-0.3245008235004321	-0.4262346558372563
-0.22289382707083671	0.5106899340600016	-0.830369877285724
0.6323144777992735	-0.04178088747837361	0.7735843577832682
0.6968089268723535	-0.40573042672670656	-0.5914728567391438
0.338578972466441	0.9130373367336542	-0.22743592753539388
-0.18298239737352762	-0.3310792430215056	0.9256910808103009
0.5863146144007735	0.7190622434083057	0.37307460787982716
-0.7891467640379124	0.6110122952485665	0.06254086554861515
0.8898294204267406	0.3341051018245369	0.3107690194949083
0.44382685655362064	-0.4756315266360618	-0.7594684801040665
-0.10593075070414013	0.8137250345200551	-0.5715157427845643
-0.2402468054777065	0.6301693429379837	0.7383549767414499
0.7890207069152207	0.5698442510126605	-0.22961675384611044
-0.565444777601458	0.5274126741072213	-0.6341199213668558
0.10026605404792488	-0.03105714234984408	0.9944758279187684
0.8757294892149694	-0.47168197405945955	-0.10302415768478446
0.47227595759782953	0.8812216345826016	-0.02009603489797196
0.003951908940209581	-0.727099924720864	0.6865202705577179
0.967975496498356	0.17511006253347627	0.17988858823806284
-0.25101358647389904	0.6638238964291929	0.7045069296572424
0.10768972803517207	-0.5250326572086492	0.8442414532230311
0.9930512925202897	0.016272297832280236	-0.1165518886463856
0.04745579942949629	0.8509265075126538	0.523136718184477
-0.3897725597370556	0.31188412068285776	0.8664904194172627
0.5533879474778173	0.8314019674804312	-0.05032442802413664
-0.7360972294896317	0.4598902735822411	-0.49665058643088256
-0.08551441947212224	0.9522653284299837	0.2930495322167932
0.9961520904877298	0.07605128324748223	0.04355703081406348
0.019191057273427542	0.29564665833820375	-0.9551045789515311
0.46571770443043903	-0.08959545706041501	0.8803860936283453
0.23690858328482922	0.9711707816234697	-0.0264884142000628
-0.852632009102413	0.22090714564041214	0.47351735982853727
-0.8024430716906132	0.3497044533038311	0.4835203325975054
0.4122090588737983	-0.2610405154072315	0.8728926286195253
0.43147283631546385	0.8997581034119091	0.06531880943873114
-0.7013492430550734	0.11552975513876552	0.7033932861093086
0.34066231442596245	-0.8124708196879853	0.4731176964408321
0.626145691349882	0.5714403230724181	0.5304691606218676
0.07346194693185903	-0.2695681487703454	0.9601751691860758
0.6714399368969591	-0.6985147483691807	-0.24747839794726983
0.7374088102896439	0.6628801999451097	0.1296845674239735
-0.8906032413733806	-0.436865414655207	0.12639017340506137
0.4547480153083723	-0.8521032514834792	0.2590835606216237
-0.005487169427299543	0.28821633938660757	0.9575495980273084
0.49067547193858896	0.5511693794604857	0.6748702811525975
0.8676153519105032	-0.23749025186634065	-0.4368546456175961
-0.08050579089144227	0.7998816758831302	-0.5947336565382342
-0.5928922019046301	0.15174073877034588	0.7908562354297453
0.46841331811768716	-0.7338642670371598	0.4919676828573096
0.655032671193321	0.6621313961468989	0.3640250182417425
-0.3492907459026027	-0.8976255540564245	0.268820273661977
0.9368277897786291	-0.3402664183636255	0.08107069034169433
0.01869938836679033	0.28015554472272547	0.9597724749313354
0.647520742023259	-0.3755281699037254	0.6630953794578928
0.5296932668798007	-0.40377124139942944	-0.745918110546304
0.5478521074814372	0.8342346062274824	-0.06253551071691388
0.7513344599630613	0.4872557114127722	0.4450599970427004
0.5639447127551396	-0.82432445546858	-0.04955353743127289
0.3427285955789774	0.28822051247623365	-0.8941286517948073
-0.6802310281682837	0.40350114379432145	0.6119416436832794
0.6338071061344082	-0.09558393517585673	0.7675625469952431
0.36820415604749296	0.9099728228320733	-0.19072273376915905
-0.9022320903457484	0.09461739164887262	0.42074315722053746
0.18702710944561374	-0.793260788179091	0.5794464446951989
0.38858475971499506	0.6014855535547398	0.6980093218447645
0.5770035075924598	-0.1702076102544714	0.7988093149415949
0.3559062914882115	-0.8279003614424361	-0.4334878351264225
0.7351174490549837	0.5344252622537096	-0.41712345314061117
-0.4526436859537075	-0.4244367372537734	0.7841984121608592
0.4731066054325086	-0.8597711089963582	-0.1922596682388192
0.7558332047895024	0.28398432387113126	0.5899737878356008
0.7665119122083784	0.11577226263058907	0.6317090086804596
0.20610555059850302	0.8872464653906016	-0.4126914242680262
-0.6082598050628883	0.44653162581980466	0.6562236788531628
-0.646921432363909	-0.04512670942924879	0.7612202312368713
0.5153291636012144	-0.7616729515784144	0.39279787165398267
0.5620751849088345	0.6463883468395095	0.5159976662542045
-0.5810361189041293	0.3703073600297648	0.7247547775879866
0.5416814434054101	0.8405702400154851	0.004783876100113799
-0.6074357928201608	0.395365818841356	-0.6889902952094797
0.5866933052538548	0.0737287666668584	0.806445927843951
0.5326371016173914	-0.7852568967780003	-0.3157044884749168
0.6099907241515493	0.6147647314447766	-0.49997564082733037
0.9113602971547089	0.3840725255916237	0.14802264642868793
0.40062722401193734	-0.9102173847286534	-0.10489108598074451
0.09444700180826175	0.15489547321791716	-0.9834058959687135
0.6732204559412893	0.31371098115650553	0.6695966233517199
0.7375558239678643	-0.22025301509140682	-0.6383572791738409
-0.052779013189781454	0.9236200678011316	-0.3796581964369343
0.22799730120722517	-0.19504385606122132	0.9539261632091824
0.7917048423033234	0.6074331226084485	-0.06502648869206734
-0.5667633309554279	0.7700538265413135	0.292910277923785
-0.2694574314585916	-0.22944948253001007	0.9352783690423129
0.33896788261951116	0.8864506091137253	0.31512869141725375
-0.901384195104498	0.40194309618230295	-0.16108469898534827
-0.18271931767138927	0.05689031739821972	0.9815177750484358
0.10603591048588713	-0.9913609186751975	0.07720048322968903
0.9774303231622861	0.11818215055497336	0.1751083740232623
0.5582864506575336	-0.37142147631693045	0.7418640885922201
0.8215096056738879	0.12254333375822868	-0.5568708100959797
0.11592327979205314	0.9203419029262828	0.37354059340355783
0.1980511729238209	0.3235855388500642	0.9252394997786317
0.8907820049396518	0.33445712898234803	-0.3076456542007043
-0.40900263150644056	0.8851162793215357	-0.22200454837865014
-0.48087954842453184	-0.14272753720351924	0.8650917350378724
0.599677397329821	-0.773338476081096	0.20575378622105664
0.6396419928669086	0.6177187479236698	0.45747313519469457
0.16735996716681623	0.4830934412024397	0.8594250220101269
0.785845821034145	0.4610325371708969	-0.4121836304766797
-0.5953461068597767	0.7443586009021126	-0.30247857165418646
0.22765634891772402	0.35136610759801257	0.9081378998967466
0.5348577974414066	0.7342162282334199	-0.41815507496001764
-0.813695104639065	0.5809202945586532	-0.020781916569670544
0.26277650555235177	0.25916939240355436	0.929397511386203
0.7764254501159649	-0.6286557925115328	-0.044220074105748464
0.5728106393407129	0.7332278776634648	-0.3664216845046355
0.9454170577736118	0.27414955729003837	0.17614938861194807
0.3197406829504665	-0.8847303697041238	-0.3391431387918291
0.06286877235207017	0.3769538342567701	-0.9240959497271173
0.7330134736335876	0.005895344449059703	0.6801885711958477
0.5997011095810213	-0.4775137039527855	-0.6421364665743436
0.32101374836432434	0.8786045227809371	-0.35355942344953517
0.604681628160963	0.019016524068526997	0.7962402278062557
0.3745008635509533	-0.8890955082774155	-0.26316967978951195
0.7029290375025044	0.45732652336517193	-0.5447414242211872
-0.7514638052193972	-0.2005796385865815	0.6285459076548511
0.5236108576832426	0.3983086640859119	0.7531147839674344
-0.40141477197707015	0.895051963127601	-0.19428886777173937
-0.7842352836055082	-0.3640839728595338	0.502412062608977
0.3950235888221269	-0.9174051453967751	-0.04820957864998738
0.47846774627165367	0.1606569634542503	0.8632832419729831
0.030129619413637898	-0.9089354299552489	0.4158468350319098
0.9701845664657683	-0.07350322703743672	-0.23095277137699022
0.24048724087905085	0.4104067004657088	0.8796205018001976
-0.6199921830740958	-0.5686677830765412	0.5405799158476282
0.6458523047761311	0.02132701627580269	0.7631644375834943
-0.44551598550711535	0.8222907702677829	0.3540528149726254
0.9952823123039294	-0.00041147865738148937	0.09702035611281842
0.0960547512042553	-0.13661661283886506	-0.9859560770478188
0.01366029231137448	0.9906239103624292	-0.13593257384533564
-0.44345811194135076	0.8712928669569007	0.21022284115537257
0.8957718104281613	0.4228225695196487	0.13716391051240873
0.0306229749643408	0.24913814379742505	-0.9679836872125
0.11178130553078103	0.01277622460105321	0.9936506970856396
0.9864208374462801	0.11965047087220126	-0.1125064276912206
-0.12032818117803296	0.9927338681162257	0.0007719516710946728
0.37491006945017114	0.3503786967182937	0.8582990205696717
0.8433341205971795	0.25559583049745693	-0.4727137955136248
-0.3850064945704809	0.9010580116276116	-0.1996608595099323
0.4350492978824465	0.21032177026635318	0.8754980647403041
0.4512396017462505	0.7904933376728694	-0.41412933355498016
-0.7791758018752095	0.5752260738586474	0.24899805968177802
-0.4387445657607638	-0.19028378517071265	0.8782341869436107
0.8866498636215792	-0.250603268947057	0.38865154178632066
0.146134271665595	0.9492049740146514	0.2786659145834146
-0.7778416086498203	-0.6121104462385317	0.14241921730835727
0.6210166793561488	-0.7834073976497704	0.024721109786510542
0.09644021886392462	0.10767381721328598	0.9894976671383304
-0.6171260758345634	-0.7334142974251723	0.2850594233793604
0.7398380208728674	-0.6641918429120797	-0.10718628027865117
0.26794609419797677	0.1447503510924792	0.9524978879045627
0.025073415200812632	-0.7254795607091504	0.6877868353228532
0.8395509584438248	-0.35821688394489026	-0.40845422293430667
0.5427020471918481	0.5876734391225037	0.6000953398616806
0.9924760361126961	-0.07882310959935199	0.09369223625850188
0.10937402320420109	0.2268087421498729	-0.9677784444450701
0.05503308813938461	0.9707444112007451	0.23372344198295913
-0.7555289959698896	-0.02357335662812602	0.6546909447258408
0.11007759191057609	0.9805757360335925	0.1623396121140712
-0.645800944570306	0.19471908678776614	-0.7382585029870223
0.7162316933135493	0.3683170837640029	0.5927517923218674
0.5811091621228075	-0.78509526052898	-0.21433052417204032
0.3864250291973004	0.4979638116394738	-0.776342539802729
0.05008778943772574	0.8689909435236343	0.49228645464114307
0.9101206944253353	0.16327557983804508	-0.38081676250829055
-0.41130467408964333	0.46711435976905513	-0.7827085281058068
-0.3775139126522997	0.8453160242513877	0.37805299218201993
0.9164666323206352	0.3995136042574281	0.02185845045085527
-0.13256001507553114	0.3547248217380141	-0.925525873893382
-0.9719413778997867	0.14528381886218353	0.1849934320539096
0.2297940895225649	0.41846198067758955	0.8786832461973336
0.05024573958814475	0.8965390023329766	-0.44010587697624715
0.5974939621237703	-0.7313807775163581	0.3287599785637024
0.7960222967798916	0.4915537987368561	-0.35316195431647573
0.09669264840154522	0.47271240858151137	0.8758958331435088
-0.6475968762450943	-0.19185526262239416	0.7374346371589069
0.37065008500446595	0.7662578975307869	0.524849834674529
-0.6657603175045645	0.6132213243811653	-0.42511505143952655
-0.8097399897272937	0.41628724640625064	0.4135529923914759
0.459510454348599	0.011551446224586925	0.8880972392899691
0.3649264191323871	0.9091597728505272	-0.2006420096828958
-0.9747580211329496	-0.133700311260299	0.17880443788081876
0.19004939777731003	-0.07660179434374559	0.9787815851903837
-0.11716666181750764	0.98805687684071	0.10007787710740113
-0.6066243552107258	0.48858229050321905	0.6271317541568109
0.6512759131352712	0.757807544213546	0.039590540572880556
-0.45590193752054753	0.4324523919920693	-0.7779063902715724
0.9349024784010836	-0.3490375442718554	0.06426623194325241
0.354801298080736	0.9148079454019045	-0.19298306119908745
0.008567074164265682	0.20322208472067846	0.9790951892038104
0.9979925342886669	0.015079488253694585	0.061510247423423516
0.050766969830604816	0.39017839023435863	-0.9193386419423166
-0.03786312557492518	0.9206157900167318	0.38862958056942365
-0.844239679466368	0.4040052799835017	0.35219184737863496
0.5275699609563578	0.510555236981731	0.6789722279202849
0.09449497294052414	0.7590211352366815	-0.6441720394063906
-0.3417110159188621	0.4091343544635777	0.846074855788405
0.7643932612084874	-0.40275373524488645	0.5034802587642786
0.5467508791202369	0.8187786689600329	-0.17511415544519648
0.411861824241297	0.25298973682572956	0.8754233437563104
0.3874211744617019	0.8209237392689983	-0.4195104860230806
-0.8247876522544131	0.511937894051079	0.2400935678505356
0.20353882932334866	0.38939278308496034	0.898301288788472
0.9460229187199283	-0.31457616556893186	-0.07799021292813368
0.2522153488872328	0.8656876437476145	-0.43240296165543834
0.046516196421975686	-0.592448929802535	0.8042639548346446
0.9984470729884714	0.052282948027584486	-0.01923371483357711
-0.030654296781799484	0.8039096708719058	0.5939609037364644
-0.9982892302607766	0.026881023004649337	0.05192324477119146
0.05147135755574951	-0.01723860293176127	0.9985256781477023
0.027736475924560695	0.9994899905307628	0.0158255089049828
-0.6223253733619996	-0.12519135092549383	0.7726825061584469
0.31784912463572934	0.8616652655188195	0.3956070072264683
-0.7153202525010381	0.4917927366806389	-0.4964441967734332
-0.8161995657502952	-0.02363396559954739	0.5772865012617822
0.5725411177939472	-0.16720590020665105	0.8026449123811484
0.07755602687275634	0.9856386876569544	0.15000480022182394
-0.9460359559785869	-0.03659493404630093	0.321988789863604
0.22079175578779509	0.6545102416603534	0.7230956673482759
-0.23720659892132834	0.7551669711817729	-0.6111103624259071
-0.5901822268313011	0.1876664491280369	0.7851536429286445
0.5239875641790067	-0.650819661640681	0.5494277028032549
0.6141025742644293	0.7356732099876849	0.2857673116159667
0.28906723220470465	-0.10493944499744118	0.9515397249453856
0.7512631782358714	-0.5911902401971059	-0.2934241587235535
0.5933327669128416	0.7996760674043688	-0.09205658546912576
-0.2145515734883845	0.23735052414456215	0.9474346156869929
0.8285487983863082	0.5578665295389718	0.04787299774140247
-0.5171793799120988	0.7952670393700756	-0.31634763328542825
0.9525678103895496	0.14776207221900137	0.26604686922270987
0.19031780260267536	0.3929319859105499	-0.8996574839686937
-0.2374735787875109	0.9076182151444174	0.34617260855809173
0.9970562579139471	-0.04156091537124754	0.06443220365733719
0.048285184249439755	0.9931302683625053	-0.10658710543126626
-0.05955971404090379	0.10938446130836965	0.9922135254508696
0.8927864449154531	0.18329159237019255	0.41150523197357497
0.3808372258715367	-0.7950158853549563	-0.47213636740220244
0.24061456972864032	0.578233459944748	-0.7795836675012036
0.838511989017206	-0.5440455433097869	0.03020084566974404
0.5446659795284173	0.8384540398539146	-0.018270024548420808
-0.015382295627072749	0.03176900781278721	0.9993768634123128
