-0.18461762032176887	-0.6960744412712021	0.6938275769063316
0.8575201354306012	0.23083389524174236	0.4597552937581121
-0.4801828314275833	0.6798500459781617	0.554281844719526
0.7878333818213914	0.19914889449940307	0.582802093602567
0.2778530155969923	0.7295812433470039	-0.6249071219628541
-0.5496510385795038	0.6542560104239818	0.5194543373700592
0.9551932998355606	-0.04720938147829672	0.2921934876921278
0.15557458135270805	0.9199083917195331	-0.3599515251820885
-0.25179815246777054	0.38928116464121243	0.8860349119924105
-0.6143947905785931	0.27049978796202956	0.7411807512492374
0.7508603419384995	-0.08807466727942947	0.6545621436407834
0.2423381691229975	0.9586828034840904	-0.14899494652503686
0.5495095545567914	-0.5615044875569203	0.6186695078183803
0.7401624475032401	0.6706600855664915	-0.04872987722085556
-0.38755490031324596	0.4846934702277168	0.7841386606728451
0.2349996395845132	0.7840988449936097	0.5744250783825826
0.9528142030399831	-0.06900541642735081	-0.29560674381510643
-0.19214646465764315	0.6167878515205818	-0.763316764086964
0.9470807859624751	0.08897797754553904	0.3084167705761247
0.18275282685093674	-0.9393566068228474	-0.290190574444205
0.2638927606788256	0.3311979539945434	-0.9059075704127524
-0.9951087705205679	-0.07688257446784341	0.06202906235177014
0.0946104716185539	-0.5611275734131762	0.8223045086922212
-0.02841467038622969	0.8241510274813937	0.565656866314027
-0.9864561377357477	0.013960516684203096	0.1634300838199037
0.02142499154940867	0.9988017393905759	0.04400062644403866
-0.16261998050848003	0.046906176184700395	-0.9855732101549586
-0.8638967414277063	0.27144756093733696	0.4242624680687199
0.4992301733233004	0.3499009067483585	0.7926781121617172
0.06672071787816944	0.8965966635660916	-0.4377930660574405
0.8874277711612941	-0.01243730403957144	0.46077897569216963
0.45287671429584575	0.2097604091330476	-0.8665467398870849
-0.08587568119262101	0.9776737105131567	0.19177977774296118
0.23217011874520121	-0.34395187838635355	0.9098319302576374
0.6368705917798441	0.7607568219493226	0.12507960338743448
-0.7351822123037461	0.550405453472316	0.395677838019902
-0.49166076471599074	0.7703234501272602	0.4060436856089765
0.8301690606905172	0.27389817355725565	0.4855915168062801
0.26284790870598806	0.5758312015738933	-0.7741636804854994
-0.8166854770089031	-0.5540532324317813	0.16139965078845397
0.5716163600025264	-0.8150713907401983	0.09441061897001288
0.07924372921690667	0.16936246227760574	0.9823628595132575
-0.002957107164250239	0.4845172450180333	0.8747767113940301
0.5270047232551338	0.7441968790794049	-0.41041080253235723
-0.8498572098794002	0.45979782997379276	-0.2575435465458069
0.6877988630407195	-0.7113644412200382	0.14454534156311077
0.7231121438840378	0.6539961210735861	-0.22225638570833905
0.0635731969254668	0.25739018121988677	0.9642140546809457
-0.14461488144514667	0.9365126515221779	0.31942227474536966
0.9654807693607715	0.2042297850242707	-0.161669659811212
-0.21664122428369703	0.28501622488525163	-0.933719621456581
0.04532447088285774	0.8641798897535318	0.5011375165408826
0.9287980483146916	-0.22115439013613902	0.297363281476266
0.3678041296478459	0.45197771390754093	-0.8126723007122272
0.942705792739444	0.008927188376228856	0.3335057625337106
0.0585297316378207	-0.9885637750916709	-0.13898177251319377
0.32845099916106385	0.15053892481414827	-0.9324473032112319
0.8171556012919197	-0.15136173153284557	0.5561891310558127
0.5609810847027383	-0.01297480226111869	-0.8277269339051522
0.13250262594748957	0.9883932824203451	0.07430863599445225
0.1579107983192305	-0.6979043124155876	0.6985654947718998
0.9863614098213646	0.07822269369267332	-0.14481843600409455
0.04642573628272534	0.711906441116519	0.7007380895223398
-0.4527477385781862	-0.39849714013964443	0.7976336969517165
0.8487568412645021	0.08147199144547113	0.5224692708826173
-0.2731873159922379	0.9135438379795648	0.30134091403346386
-0.23418948533363038	-0.1769768172800505	0.9559469080992906
0.894885965949102	-0.42349319926605555	0.14082832855197958
0.37991366506946367	0.8884439860344744	0.2575517244606653
0.12954904300687264	0.6345992105137478	0.7619060883542876
0.7714486603160527	-0.5472465166504459	0.32463551024267273
0.6229638913713786	0.5457152114695732	-0.5604559733093653
-0.1287069585950802	-0.4460693661960806	0.8856955680992376
0.9245081704865605	-0.37708975923834576	-0.05556938168774922
0.3587745274023739	0.8116806231634417	0.4609288496809568
0.9362296001791817	0.058065384821602284	0.3465581435110837
0.1392781068867556	0.8441510712292206	-0.5176973806043458
-0.3226077257140181	0.5329515738114287	0.7822319830341573
-0.07102442782049412	0.019547860396862904	0.9972830148993193
0.8687103575901474	0.4925607742473701	0.05221300880460267
-0.49020184135554773	0.8700584835669013	-0.05196527595321987
0.920187058352275	0.055420332459525164	0.38753627493573106
0.1590557289666546	0.8516126179930952	-0.49945692903175615
-0.35771085072146325	0.5212336670103173	0.7748279884278219
-0.9619063504796015	-0.21124775265831383	0.17352394619713649
0.22926517402404126	-0.9690882838692638	0.09113384687947543
0.14890820288600934	0.12744522377922785	0.980603927204619
0.17853313162805773	-0.106487372473519	0.978154568774672
0.2779235164163846	-0.9481863912832822	-0.15395157163191997
0.9438667490349633	0.29933761355511707	-0.13968734079112965
-0.34723427983817934	-0.23712886268315647	0.9073027374519786
0.8583606420377805	-0.4700220371695307	0.20566062524336964
0.37768421082400355	0.8502053793393671	0.36674984640303865
0.6208911376533197	0.19422079455128619	0.7594553825916527
0.5271646258541124	-0.8204802418902055	-0.22115521679554334
0.5801651940884253	0.5376713267709718	-0.6118152433019979
-0.35423269507857036	0.09896189397818439	0.9299063077953731
0.7943146159393606	0.5566404284876081	0.2433428122592453
-0.49354178003739335	0.8248381519506616	-0.2757871179807687
0.732800014166876	-0.31448792148517535	0.6034082253971689
0.49075182836841547	-0.3700113958329978	-0.7888309133818056
0.47134571408901516	0.8741789943676584	-0.11680883363969374
-0.9916679585328398	-0.012136213286476384	0.12824730931437023
0.12678094127389555	-0.2683893682341125	0.9549312749871581
0.022830964697437624	0.9632340625963969	0.26769177743260064
0.7089722656786992	0.2832367840716515	0.64586008596844
0.6308055759981464	-0.6641873859145961	-0.401172583412155
0.31534528978257925	0.6918323789334265	-0.6495577785472644
-0.5064135546211428	-0.3939202048673741	0.7670542248715044
0.8495081509704941	-0.07531548290726708	0.5221718869004123
-0.14792299730153685	0.9160537376331647	0.3727792062838786
0.374674051474021	-0.43288426219378784	0.8198966829405901
0.8733446553088842	-0.1321053508410035	-0.46884676528966446
0.3112691250276022	0.8917171030232152	0.32856070973327856
0.727830334372864	0.5604407021920185	0.3951825194681594
0.6640519899572218	-0.7198367995030175	-0.20216314380991024
0.17116646575932662	0.4095622070061761	-0.896080822019806
0.6054632520578256	0.7381244225798769	0.29763498987633363
0.7954056658955764	-0.5483831612049908	-0.258080869434439
-0.027277776096608614	0.3929990398180948	-0.9191342000128593
0.4904027061760099	0.7928794932835032	0.36172820584762466
0.8445021439672639	-0.3298403211479606	-0.4219259311534494
-0.21522387091106113	0.5123938638152351	-0.8313430180825201
0.6305031841601689	-0.04502310008239757	0.7748797682368915
0.695530043236666	-0.4103607465919832	-0.5897813294871856
0.34453402403694455	0.9108111649049111	-0.2274188386336311
-0.18536936564360507	-0.32793344584196293	0.9263357131078905
0.588976980352887	0.7175102024250132	0.3718672155896667
-0.786603022429537	0.6145232009568338	0.06014083962237693
0.8884896689271636	0.33844426436551545	0.30990577298234434
0.44523022425766146	-0.4721775409189428	-0.7608011680190909
-0.11115824583525867	0.8139433946963546	-0.5702104827280914
-0.24144042654922826	0.6294524723279762	0.7385770816292132
0.7866824400930548	0.5725846409661037	-0.2308193392654859
-0.5681876968722257	0.5252965010448067	-0.633424286803971
0.09561404252303196	-0.025562219987793067	0.9950902108762298
0.8753046507182616	-0.4738906523543176	-0.09627781697868565
0.47402502392108575	0.8802126007508043	-0.022935870947474513
-0.0026654690762963895	-0.7319121488826447	0.6813937933328957
0.9669683577225981	0.1717901281065538	0.18830917940556008
-0.25488250320071987	0.6593881695959698	0.7072779873281874
0.10273167052141496	-0.5284833378981724	0.8427049100580142
0.9938349108813642	0.019022441912224464	-0.10922598874410389
0.04169380991598731	0.8487305274748296	0.5271793982573554
-0.39471463671314133	0.30813393583843013	0.8655944969494265
0.5558092871939454	0.830243199705294	-0.04209828514409411
-0.7316258550880845	0.4644886510215652	-0.49897284619385407
-0.07949214677662275	0.9514572760538852	0.297338276118237
0.9966335763947324	0.06985476320807593	0.0429165056800859
0.02006272672118864	0.2997488346954241	-0.9538071729103565
0.46577023082299096	-0.0790935348435233	0.8813638889953763
0.23573682805987292	0.9710957436152668	-0.03743266793299323
-0.8529280391541643	0.2252049499417546	0.4709527476789621
-0.8002824417940511	0.3525632707522362	0.48502283809387414
0.4121610585170213	-0.2640600384965417	0.8720066272175535
0.435512657908217	0.8977591192439596	0.06600976152077886
-0.6996938989952288	0.11122567919257387	0.7057317450681989
0.3455619865389901	-0.8118859521923427	0.47056148810964116
0.6253122109539214	0.5731230661218267	0.5296362807729799
0.07343860969640548	-0.26237745280849045	0.962166743794228
0.6713560451737887	-0.7004274094385967	-0.24224472071800907
0.7374875125820565	0.6637465754072595	0.12471027391785494
-0.8884354836198558	-0.4411458956170681	0.12677811414186543
0.4589708932765302	-0.8506270420025004	0.256474861417295
-0.005301940220045681	0.28604883183521584	0.9582003732182593
0.4933275690172655	0.5520514753974152	0.672210590632915
0.8663006099209364	-0.2421390789474025	-0.4369117985327447
-0.07842934972399662	0.7978770801057273	-0.5976964130257354
-0.5915762351724119	0.14676036229506714	0.7927792593391025
0.47321033643175714	-0.7329098769991291	0.48878941241731566
0.6527706607020405	0.6643075404179469	0.3641235453393249
-0.3509321633817859	-0.8977585240420429	0.26622593640371023
0.9362818425364539	-0.34094075315941974	0.08447315651513612
0.014930774953851644	0.27890685783060354	0.9602020811341417
0.6475660294800974	-0.3790400275090136	0.6610498430597709
0.5276548983314018	-0.4028282553037057	-0.7478701123830598
0.5497622629194001	0.8331014669744248	-0.060855566670615424
0.7497743365590877	0.4840885907284694	0.45110606354149624
0.5615826842937021	-0.8260900233098112	-0.04690588544603069
0.34994761456375173	0.288502183205813	-0.891236869382444
-0.6776563010853356	0.4092282698510917	0.6109944032100654
0.6355166013428181	-0.0921432745630657	0.7665691530256546
0.3700007932653867	0.9077675033330275	-0.1976298886188701
-0.9033823925785531	0.09403576801056734	0.4183987656694404
0.18588004252633017	-0.7933784256847791	0.5796544517627299
0.3864568055675281	0.6014216058578242	0.6992447278585214
0.5774176678233711	-0.17361684748030737	0.797775674708385
0.35303959483082603	-0.8279609693407017	-0.43571054351494887
0.7361738119269833	0.5332333668473923	-0.41678567047523263
-0.455536640232582	-0.4252079606561541	0.7821026528533485
0.4737304834209504	-0.8596140512972343	-0.19142390626593064
0.7537013987537527	0.2833052647004458	0.5930196695807373
0.7608922745637741	0.11317959760371138	0.6389313931835157
0.210943300415264	0.8880417053322701	-0.4085154263922836
-0.6136333355669996	0.4456145287990682	0.6518295952195654
-0.6511404881267389	-0.04771299339721183	0.7574559624051751
0.5146142111047127	-0.7613140219776429	0.39442765327661766
0.557842521193165	0.646625417224921	0.5202761683448034
-0.5786934426008008	0.3710848830031594	0.7262299285332192
0.5456013887291964	0.8380191943245408	0.006553972872979319
-0.6061625393470018	0.4000247986690062	-0.6874206400321532
0.5876700373528139	0.0772520348517925	0.8054042775581711
0.5374379366031072	-0.7813739490307889	-0.3171990165114391
0.6048176514434218	0.6192631709437331	-0.500708232022578
0.90842377353159	0.39142925973197146	0.14679707867770156
0.4077167169958397	-0.9071426906776325	-0.10420756897787822
0.0923760053518271	0.15451625602449007	-0.9836622389110061
0.6696865608568539	0.31751448027107154	0.6713452651400102
0.7403720300932951	-0.2147904702957213	-0.6369570714935786
-0.058044528280038976	0.9236068474672188	-0.3789211316994785
0.22739367457383308	-0.20009415736261382	0.9530238428041321
0.7919909805001646	0.6074338904503231	-0.06143578386227949
-0.5666060391225968	0.7687563963452468	0.29659939229214893
-0.2633937377722977	-0.22178236198868717	0.9388484024660517
0.3490459876297176	0.8853660289092874	0.3070731075379181
-0.8993278809321623	0.4085824014371125	-0.15578762407184055
-0.18921692364290177	0.06334519978317188	0.9798899639610289
0.11294037088294012	-0.9898902720629761	0.08580047727088425
0.9754185913913781	0.12690403831051886	0.18014976166662588
0.5575811467932702	-0.37796621558068555	0.7390837602195819
0.8206181234636434	0.11662652382156324	-0.5594498631551419
0.12525637781650173	0.9184442246652287	0.375194677461417
0.19821405339658815	0.3198739459508167	0.9264943862420044
0.8903585491566863	0.3364873287508984	-0.30665604760657417
-0.40984490112687155	0.8856957357309218	-0.21810598508148749
-0.48321341539983576	-0.13956887633425563	0.864306267440205
0.5947653095975539	-0.7767686643764675	0.20708613797674827
0.6424632453899225	0.6141261847548859	0.4583557652320477
0.16375435412071804	0.48427038627709174	0.8594572150383888
0.7833238308094973	0.4657500204918994	-0.41168033047223607
-0.599656808176511	0.7406477647214171	-0.30307194033880425
0.22397275173666642	0.3525748430775309	0.9085852665041183
0.5337737147626961	0.7356370648713899	-0.4170416408655595
-0.8154273897214499	0.5783848967739915	-0.023432526022638456
0.25783795049744407	0.2625078556922961	0.9298436519023562
0.778261847610292	-0.6267357279967998	-0.038869317032017625
0.5725627370319274	0.733683823559	-0.3658961043935207
0.944048782667874	0.28083038095819346	0.1729340714670801
0.32476929412596267	-0.8828708816266468	-0.33921071912413325
0.05741778066269345	0.37639514277772446	-0.9246782656454662
0.730426012597108	0.012614453878055654	0.6828753295257104
0.6051366234356175	-0.47554247815783635	-0.6384896384785292
0.3166820283793017	0.8796023118551144	-0.3549820641676267
0.603306579801506	0.01929102075639133	0.7972760044591746
0.3806421877166846	-0.8854547197267897	-0.26661107299549514
0.7008086013302529	0.46432509713747916	-0.5415436348714715
-0.7524082867707822	-0.20036557572047098	0.627483391066935
0.5223167408785285	0.3989245900558034	0.7536871988078616
-0.40133152405048855	0.8948255737935821	-0.195499872860057
-0.787907634164793	-0.35850184928133766	0.5006775250465109
0.38755242713593474	-0.920531308362067	-0.04924658918409038
0.47854433049184103	0.1552370264694659	0.8642319071678817
0.028834022768629453	-0.9073532177811978	0.41937899007113394
0.9682964126917293	-0.07879464990080454	-0.2370515984239247
0.2481343513085324	0.4129183228304549	0.8763148990925455
-0.6177573753459866	-0.5700382043897534	0.5416938902569826
0.6477981884590116	0.021613762822483285	0.7615053199327477
-0.4457951684741109	0.8213338485614479	0.35591765476354187
0.9955453345097046	-0.003679533194026398	0.09421224958270773
0.09279005567048976	-0.13894390089316255	-0.985943506481613
0.01671802932847552	0.99029341785153	-0.13798352820285165
-0.43786363795702865	0.87379972847334	0.21154070311633633
0.8985409839496447	0.4174836859623773	0.13539376690997193
0.02999224429483506	0.24936199885945873	-0.9679457933205633
0.11317665315434633	0.007971685940364959	0.9935429016424249
0.9868292081389456	0.11542363574954329	-0.11333798248697763
-0.1155818287822204	0.9932843684130064	0.005196568264976942
0.37898729592165126	0.3568917331903274	0.8538131647558493
0.841824367769568	0.2502109488838874	-0.4782532957419029
-0.3843180497444299	0.9000126509327683	-0.20561338672763774
0.43925852572242075	0.2046999807688117	0.8747284524087539
0.4529824344066128	0.7903828860747838	-0.4124340038347398
-0.7757956313999353	0.5774017762990893	0.25445692568179834
-0.4373312344384641	-0.19013605340582562	0.8789708030303318
0.8869896537122028	-0.2523678974005201	0.38672961946190165
0.1482927698575887	0.9487669500762017	0.27901707627144723
-0.7774857954285384	-0.6124184024168686	0.14303684241489453
0.621741632052832	-0.7827107405413034	0.02830617624416222
0.09462124961727164	0.11093960979945312	0.9893124997180673
-0.6213687862943316	-0.7299609464933686	0.2847065998771619
0.7355223104728578	-0.6686574551054436	-0.1091060884120601
0.2700143740910435	0.14161293841459777	0.952385433245283
0.022517504124413557	-0.7247095413780439	0.6886864617833228
0.8384031127595487	-0.3615502572956113	-0.4078745296835494
0.5445853308005151	0.5865811896788905	0.5994575259280603
0.9926236787854587	-0.07926876854938017	0.09173164474208167
0.10758824297569744	0.22718132568441896	-0.9678912207648503
0.05588382850006765	0.9706209907028257	0.23403395078330036
-0.7543018664793764	-0.03000794743284825	0.6558416099307792
0.10762167444741645	0.9797900901274353	0.16860888018490167
-0.6476467165167005	0.19776476526150866	-0.7358279881916676
0.715134265705365	0.3627088229924816	0.597515934295862
0.5826913821789599	-0.7814998608696619	-0.2229993735306721
0.38607477921825145	0.5076418788714221	-0.7702246345498633
0.04498227845600167	0.8671933109656202	0.49593583863378127
0.9087095062919439	0.1707107289358969	-0.38092634485005916
-0.41499834674316255	0.46779654599265685	-0.7803478479228234
-0.3766039525054492	0.8438387349758734	0.3822376908568691
0.9163356814471049	0.3999125530623848	0.019971700227955053
-0.1360087565715662	0.3577794561701988	-0.9238481903854192
-0.9732453794473801	0.13652074649936774	0.18481211313001222
0.2258638782521724	0.4207950457581451	0.8785880934580712
0.042177480783149146	0.8968241830150745	-0.44037193924469253
0.6004137967558345	-0.7291597013058999	0.32837387633113335
0.7934985291595362	0.4922249117951907	-0.3578752861401155
0.09931443443375305	0.47543744719963715	0.8741257786573944
-0.6468790866179039	-0.1916065291956658	0.7381289760373705
0.37250526549672625	0.7651948129585604	0.5250873502556763
-0.6654226284652484	0.6146249557176346	-0.42361408066245376
-0.8119335725325376	0.41391327858110283	0.4116305037394484
0.45786748628331586	0.014148846995649222	0.8889078552545763
0.3621066677087667	0.9102063545938007	-0.20100535629160876
-0.9755097195458842	-0.12988051052461158	0.17751574594208933
0.18814490402793493	-0.07465341882246901	0.9792999347219605
-0.11393981814900925	0.9887152876556441	0.09726149184640054
-0.6121559488536776	0.4825881279794048	0.6263974720705596
0.643685179569926	0.7642299456275421	0.0402738104499219
-0.4592760432300884	0.42785662194181084	-0.7784627333247602
0.9375360305072399	-0.34183052793500784	0.06463808221475587
0.3478629771322032	0.9189074469472625	-0.1860119702749914
0.004188154897802734	0.19687811995378723	0.9804190253366232
0.9979217598897349	0.015301075663136234	0.06259423473552043
0.0517170211312999	0.38927703187329554	-0.9196677346635695
-0.038438403503256106	0.9209936316497895	0.3876766946782495
-0.8425038832832454	0.40474334947584056	0.35548562236429343
0.5302331254161495	0.5066008711675065	0.6798590957277437
0.0950791215991888	0.7612741808227841	-0.6414215324172752
-0.34317013360323356	0.40796645248028995	0.8460482451098079
0.758537312363516	-0.41085209066967954	0.5057882020615809
0.5539453088122257	0.8153305668518751	-0.16846560955259493
0.40591211862206433	0.246087332639733	0.8801570181905094
0.3919229865563725	0.8231419261865057	-0.41089383295773946
-0.8256099106505934	0.5117405534723926	0.23767600082315576
0.21072547139668152	0.3865387132017571	0.8978767169834487
0.9443428847509214	-0.31784580993729716	-0.08479715281547989
0.2526089700009772	0.865772409066975	-0.4320032916233534
0.04535965383804186	-0.592807210570556	0.8040659879010239
0.9986049629024638	0.04868622686895108	-0.020439652145616327
-0.02703016593108115	0.8038714215649301	0.5941886129175792
-0.9984167734288278	0.018691875501526886	0.05305242997454493
0.05272263575390432	-0.017715875175906115	0.9984520376292059
0.01960281140881849	0.9996683257745977	0.016702341987971714
-0.6290914960918594	-0.12533028565733156	0.7671611362953403
0.3141355441799738	0.8617485903483261	0.3983820112849282
-0.711029359047612	0.4916113165191833	-0.502748012470082
-0.8144392669895013	-0.028362749893388273	0.5795552042765979
0.5756102085543516	-0.16553291534747006	0.8007944441269453
0.07322273003391627	0.9857963320864268	0.1511423946195366
-0.9479143932990182	-0.03868337335864559	0.3161675182591499
0.2150006053561745	0.6546632415006282	0.7247004760067215
-0.2350171114473003	0.7549302198570977	-0.6122477606929086
-0.5917252346208817	0.19068850586282263	0.7832618594344212
0.5225048605497845	-0.6491734308815973	0.5527771045722377
0.6138810287137997	0.7363502905338061	0.28449662953375476
0.2871833487467519	-0.10332452916080465	0.9522865986016499
0.7540107399253835	-0.5887528708975744	-0.29126939607009955
0.5907567420519021	0.8016820433835117	-0.09117221636364947
-0.2103651093496739	0.23916254198477943	0.947917612073791
0.8286609054495837	0.5580898034881672	0.04309147272970565
-0.5187172876893303	0.794567209085498	-0.31558727112845775
0.9530835293859375	0.14850908653141104	0.26377421638752063
0.1871966120531568	0.3956246751010398	-0.8991321064710216
-0.23788487646141906	0.9063256410743339	0.3492629637996747
0.9965594288384249	-0.04797632747548237	0.06758385010635108
0.055548624063355485	0.9918075827897818	-0.11503073104765602
-0.06151142298712052	0.1183891495140304	0.9910602172014797
0.8940680084056064	0.17212188500614803	0.413541355909615
0.3756556544621691	-0.7909799338276153	-0.4829426193168928
0.24397792034573934	0.5871326945282405	-0.7718484134853012
0.8347391142750871	-0.5496978023893463	0.03229453742610796
0.5504077518412173	0.8346660088402373	-0.019594907496739956
-0.016183875071810724	0.03413179946958711	0.9992862965399996
