-0.18852392244748728	-0.6940373565576993	0.694817154629486
0.8570433759381845	0.2291834375268773	0.46146679590610185
-0.4795157791204518	0.6824859703069104	0.5516135584888584
0.7871532939186379	0.19592748889672013	0.5848094655250239
0.28169255974155494	0.72931393535339	-0.6234985849908576
-0.5486702048218849	0.6555254402339981	0.5188905506431333
0.9559536312651898	-0.046908950429317475	0.2897450693981131
0.15497694937578682	0.9189957652731662	-0.36253127943966773
-0.24926852996933319	0.3914668999795608	0.8857871449661708
-0.6143966232363087	0.2627635580132135	0.7439570565133838
0.7530154544526184	-0.08621873356347365	0.6523297136711063
0.2355515118001541	0.9610003343198937	-0.14489252128979802
0.5451233900584299	-0.5650204792577684	0.6193483249598135
0.7462061158091542	0.6637384366106108	-0.05126129626450554
-0.38212160674348183	0.49010523949966495	0.7834410838568245
0.23648111973879737	0.7797918951257801	0.57965617421298
0.9533016243801102	-0.07086115286184547	-0.2935893560218644
-0.1878634955528284	0.622015512114637	-0.760134205076602
0.9471695456910783	0.08406441480531328	0.30952063885756753
0.17911229036740917	-0.9391768248665944	-0.29302846119932513
0.26606134472090726	0.33298658501048317	-0.9046166564066573
-0.994825951070188	-0.07860205091571063	0.06436648715860718
0.09759406457406083	-0.5633552105748723	0.8204305609118023
-0.028226328794392547	0.8224674001502945	0.5681114767832156
-0.9864466635003979	0.018558092286640675	0.16302937551132676
0.0256541661984852	0.9988078794128001	0.041529312293436385
-0.16206432002631907	0.04514883424392921	-0.9857467925085126
-0.8610556265289724	0.2758903326950398	0.4271624191665498
0.5037169172135728	0.3476847204212239	0.7908126216104989
0.06965971099318163	0.8961025942999137	-0.43834651265102
0.8882205309702603	-0.009996532194654906	0.4593085648090943
0.45092806548447006	0.21027556604738618	-0.8674376439156216
-0.08791000012138675	0.9775910472521384	0.1912787918487704
0.23569546318841983	-0.3420971668967292	0.9096247451744196
0.6322483249242781	0.7648091564849024	0.12381037835051098
-0.7380445137407642	0.5459271769733427	0.3965524091202519
-0.4959102203973751	0.767959439397352	0.40535336774958686
0.8271393703879569	0.2756055626370679	0.48977753704893356
0.26441163979605964	0.5781694157286513	-0.7718851024967051
-0.81335188899385	-0.5601820379129877	0.15701843544561184
0.576951610349517	-0.8113505429212462	0.09400604138297812
0.07473649700939247	0.1670520305205867	0.9831114255839538
-0.004274103397600593	0.4830665918181948	0.8755731836398947
0.5211177755370665	0.7483686234996065	-0.4103421345421449
-0.8534740746264332	0.454522905066904	-0.25493319264092706
0.6804063325183812	-0.7167807535820396	0.15255351180241478
0.730260304508394	0.6457277333397624	-0.22305959305799977
0.06137678981662221	0.2631749336282925	0.9627937702236913
-0.13739390060192425	0.9379627192686478	0.31835334667559556
0.9656132146137298	0.19844965344082455	-0.16795491898886264
-0.22071256384883764	0.284330217021301	-0.9329749685001696
0.03882993246720401	0.8632061403409186	0.5033561320003233
0.9292749831782601	-0.21637781964513825	0.2993804349062591
0.3673421320562578	0.4561313390278622	-0.8105578076688995
0.9439570917798796	0.01673166145795968	0.32964383868552444
0.06603944965925942	-0.9880941525210742	-0.1389558809203903
0.3233941866626145	0.15293788692968063	-0.9338234323330667
0.8180542423762063	-0.15367046471458295	0.55423158048301
0.5591996224259643	-0.012793329423614441	-0.8289343236957426
0.13447318992628282	0.9880393306931984	0.075466828437313
0.15003139332340565	-0.7000541033159003	0.698151010489857
0.9875345807952115	0.07211001465839406	-0.13991282114085207
0.04760286494596089	0.7104395809754247	0.7021464014238055
-0.4475524398587831	-0.40112556633103835	0.7992465787302779
0.8502219187471901	0.08614011226803098	0.5193289611992555
-0.27716331369482716	0.9119639033942379	0.3024935312492617
-0.22887197876365484	-0.17787361513823935	0.9570677062645372
0.8973216948202885	-0.4197139977113964	0.1365794132728752
0.3774008390844596	0.8900568168172025	0.2556706269706681
0.12541554860285642	0.6352635995793151	0.7620440270864779
0.7739990550928887	-0.5431659649519396	0.3254169590435389
0.6206419280744415	0.5490090104609946	-0.5598148832861447
-0.12047556446568297	-0.44721734332981455	0.8862743853862063
0.9254833013555133	-0.37356370811884454	-0.06269621111836698
0.3591187787888224	0.8126787826697097	0.4588974819278304
0.9351746504921244	0.06306637278354965	0.3485269081446356
0.13555705122721481	0.8453671825204939	-0.5166997315462281
-0.32721958825766406	0.5304497707995435	0.7820168679249806
-0.07035793195885098	0.019294465175935305	0.9973351919109485
0.8716013620584384	0.48744337882441424	0.05205783416656706
-0.4851400076971069	0.8729413932526131	-0.051112590208654884
0.9196774705795915	0.05001927433960663	0.3894758301908655
0.16497467677750088	0.8508531931236176	-0.49883083282161206
-0.3563379100383285	0.5230171277748781	0.7742585988696755
-0.9628510638108172	-0.2057337092569869	0.17490417317417067
0.2242044514210864	-0.9700770326753112	0.09318215837183626
0.15049981023691827	0.12893483451428417	0.9801661163126513
0.17436095659479722	-0.10211037306546608	0.9793731303889128
0.282207283983573	-0.9477040200268112	-0.14905079433413415
0.9433754849909777	0.30237487021485876	-0.13642628845125504
-0.34973955625264685	-0.23619763324414106	0.9065831020055845
0.8593515296093386	-0.46625914498968246	0.21004132515193374
0.37309139811886805	0.8525333352798332	0.36604606388588823
0.6193913352150684	0.1957349619795761	0.7602908644192357
0.5315586332406286	-0.8172335757166778	-0.22265377191659685
0.5777540941333517	0.5420489898341172	-0.6102320045130076
-0.3579029896116155	0.09890791558069262	0.9285056134792886
0.791815020630406	0.5591834842161562	0.24564772354725656
-0.4949084997564068	0.8231227461414017	-0.2784502139584384
0.729015912076537	-0.31845365816633253	0.6059068142377138
0.4911806629725969	-0.3731332105711893	-0.7870915851987217
0.4767361495219499	0.8714120005883079	-0.11560176888641416
-0.9910689802417938	-0.021058300029749927	0.1316769699011457
0.1324871087232185	-0.2676594449526082	0.9543613506161195
0.015147357018710339	0.9632834315649359	0.2680589264468338
0.7042471548966015	0.28676645652363897	0.6494620421802324
0.6343680949725417	-0.6649152983342983	-0.3942902054602917
0.31876804247124657	0.6896757538538574	-0.6501801978260817
-0.50570439742414	-0.3941323276790729	0.7674130378773631
0.8496788080851105	-0.07353713665894435	0.5221476923467818
-0.14936192793665026	0.9161069794572463	0.3720739397925731
0.374408071469828	-0.4315761078170504	0.8207074138691144
0.8737495670378745	-0.13212638778300034	-0.4680857952902897
0.31045175167708594	0.8923478474299704	0.327620251308931
0.7269350565409722	0.5595933828790977	0.39802094091856666
0.6652062013352086	-0.7177279758117434	-0.20583309365201458
0.1704879270709675	0.4143932897322356	-0.8939866151950706
0.6055056416287132	0.736595473981512	0.3013138325164512
0.7956317816539574	-0.5516008840141586	-0.25041272487026023
-0.01824790338504273	0.3913611790466075	-0.9200562165201103
0.493209262638736	0.7898938889754661	0.3644341743121361
0.8445419083775085	-0.33434791119313134	-0.4182827264839727
-0.2085511645650302	0.5140808481552332	-0.832001979155438
0.6289196950923295	-0.04796511631707667	0.7759892813316823
0.6942286669697569	-0.41468630663254435	-0.5882871960606095
0.35000939284877164	0.9086994083348734	-0.22750562676445063
-0.1875376056870044	-0.3252108373944081	0.926858974005438
0.5914182331496161	0.7160047070685833	0.3708931557117474
-0.7842538619295234	0.6177177111730405	0.05805781042864078
0.8871597561654389	0.3426091300457408	0.3091384011244476
0.4466242243881683	-0.4689721471089574	-0.761965830878053
-0.11607915071254743	0.8140541193589743	-0.5690707526525491
-0.24225771082508674	0.6287924273304458	0.7388716294984363
0.7845052948742793	0.575031757180572	-0.23214202667342201
-0.5708437998787486	0.5234105096057107	-0.6325968657638776
0.09124911511121148	-0.020495289511963666	0.9956171664345899
0.8748519517172971	-0.47595996083540704	-0.08997876559496815
0.4757180483940641	0.879228103957886	-0.025500581224045415
-0.008341839665778394	-0.7360959653311555	0.6768257852166868
0.9659199543751315	0.16917987602691476	0.1959000032860175
-0.25870650446197585	0.655393697994352	0.7095985098478954
0.09843081025646594	-0.5316649566703686	0.8412156378961051
0.9944709546361912	0.02147001981098573	-0.10279376748761959
0.03659092752634868	0.8466825922965532	0.5308386684528081
-0.3995665209605259	0.3050305417640326	0.8644668668715085
0.5579290784595543	0.8291631866118697	-0.03469226681729093
-0.7273663029978596	0.4684493340360198	-0.5014912588514735
-0.07392019269558325	0.9507877888606417	0.300895971500683
0.9970516912651324	0.06423232560498682	0.04197777141195397
0.020584704447408453	0.30311184223132376	-0.9527326388037445
0.46598737331719686	-0.07005639850204522	0.8820135310401208
0.23450369879100236	0.9709894882283694	-0.04676995834238089
-0.853149332275586	0.22862964545074166	0.4688973257108532
-0.7979669232137363	0.35318132168761085	0.48837664099319494
0.4149525871430362	-0.26573616822579127	0.8701716148668464
0.4371076982622299	0.8970213168635774	0.06549516938087119
-0.6981808740376896	0.10736112165892168	0.707825583519066
0.3500514805523369	-0.8112524966413961	0.4683303830163263
0.6245057470440804	0.5747547096364155	0.5288190575798825
0.07308313520706955	-0.2562768820068462	0.9638366122414911
0.671255968136953	-0.7021171006409253	-0.2375857786739417
0.7376139102462936	0.6643445918621076	0.12071446754528847
-0.8864582720883549	-0.4450113343619124	0.12710878858504637
0.4627812990928176	-0.849340504682599	0.2538782706642536
-0.005020065347377187	0.2838760634413161	0.9588478396226223
0.4956911209484355	0.5529067074753049	0.6697644999861527
0.865117582377011	-0.2463566911751538	-0.4368980995328151
-0.07656292363173695	0.7959915536876303	-0.6004461384528286
-0.5903748245904581	0.1423031237245785	0.7944856118697259
0.47752324152313963	-0.7319976253762956	0.4859537326214267
0.6507143154219204	0.6662801943789798	0.36419992076233365
-0.352288875526126	-0.8978919630167908	0.26397456493077454
0.935816492553146	-0.3415245784918859	0.08722645557092927
0.011833868600983122	0.2777606614259724	0.9605774172434729
0.6475527521650608	-0.3823502881551763	0.6591537683356661
0.5257538975739353	-0.4019701785423555	-0.7496684698908195
0.5515961134283591	0.8320025436921935	-0.05927474116728182
0.7483521766077924	0.4813739027472965	0.45634218029918716
0.5594730141904312	-0.8276574923532747	-0.04441870939325697
0.3563130171058211	0.28855197297077223	-0.8886949942109619
-0.6753202228878736	0.4142086389660985	0.6102243849310884
0.637035664990187	-0.08934712492735386	0.7656387221122807
0.3716559673800262	0.9057860093162557	-0.20352775544811763
-0.9044165077443658	0.09252148368619495	0.41649796587257193
0.18569943860918747	-0.7935215146922934	0.5795164572474888
0.38411781919056753	0.6014676888885663	0.7004927695582085
0.5777071762369155	-0.17656190828913942	0.796919262576622
0.3507025246595692	-0.8279237000604056	-0.43766435321567165
0.7370631979157377	0.5323234349712451	-0.4163767559058036
-0.45828827169898134	-0.4257715161917206	0.7801861803588704
0.47438676946441405	-0.8594824122498825	-0.19038691128919544
0.7516176241815232	0.28285791315239256	0.5958710833618259
0.7558029007049264	0.11098168428595048	0.6453255310609312
0.21518997393835435	0.888694144636968	-0.4048654003547081
-0.6184296648790626	0.4448660281939062	0.6477954666069755
-0.6551498458299343	-0.04997762239750497	0.7538440931442696
0.5140038744352642	-0.7607677600175196	0.3962731789857385
0.5536954908381961	0.6470970967153371	0.5241055722352422
-0.5764893109531306	0.37187343673525886	0.7275783266477175
0.549121221754828	0.8357048770277189	0.007952504672763261
-0.6050834307558505	0.4041132335902808	-0.6859785246361123
0.5883976688013226	0.08025766473449633	0.8045787037950572
0.5415544576426233	-0.7780211903792247	-0.3184364877464568
0.6004223120076179	0.6230904706158331	-0.5012497507941196
0.9056452855503251	0.3982804216951394	0.14553117348118944
0.41428515597954935	-0.90425383993133	-0.10340600806744545
0.09041253395116497	0.15394056860940228	-0.9839348937001589
0.6662232209820423	0.321079679337072	0.6730932025664171
0.7431316658088638	-0.21022998303016016	-0.6352626870100917
-0.062465567286752954	0.923423626377375	-0.37866457340448756
0.2267571932770176	-0.20487677012449912	0.9521589596073138
0.7921335832679136	0.6075942355969732	-0.057910544190717395
-0.5666617699794688	0.767368720976222	0.3000661335623409
-0.25775466421705806	-0.2149472582811856	0.9419979879127944
0.35818822679351875	0.8842160473151727	0.29977187302488384
-0.8973648796676115	0.4146801874067937	-0.15091923307319033
-0.19235176809172305	0.06683425960981729	0.9790474855973001
0.12236758837809092	-0.9882576233430682	0.09150433442651872
0.9736667656988802	0.1374047002351725	0.18191475401067458
0.5562706712954814	-0.3867622744058386	0.7355119872258353
0.8203497854302482	0.11432279817610791	-0.5603182375772991
0.1326241674847401	0.9150657030583146	0.38087476850714574
0.19821442393325228	0.31724261696065215	0.927398600456549
0.8897239877892518	0.33872578375616935	-0.30603279067962635
-0.41122046118499533	0.8857888943776195	-0.21511803016036102
-0.4851808205218797	-0.1372389705220905	0.8635768850355782
0.5901435593264912	-0.7801553745519774	0.20757690368421008
0.6452365076335774	0.6103466691378765	0.4595071193018928
0.16065092109346313	0.4850101823415259	0.8596257351759904
0.7812737290017793	0.469740973718229	-0.4110410903813687
-0.6031605440705454	0.7376371334438702	-0.303461393658623
0.22103200024232583	0.3538860989036253	0.9087956227181391
0.5325911059256991	0.7368258277813023	-0.41645457543799336
-0.8170015720656341	0.5760662535830163	-0.025614502242104376
0.2531876624602285	0.2655876012427495	0.930246867043393
0.7799346374216652	-0.6249447103966821	-0.033853660025805477
0.5723617465623128	0.7341030820077856	-0.3653692598711742
0.942702521686499	0.28691018225966025	0.17027772291654675
0.3294616957182609	-0.8810080499309507	-0.33952880144593184
0.052601774308133335	0.3761746446434043	-0.9250544254621154
0.7281664356437049	0.018681560695215482	0.6851457080737886
0.6099550642167646	-0.47359952305020436	-0.6353410984683276
0.3126155172704401	0.8805421574556267	-0.3562541891755455
0.6021257073658619	0.019711084765729164	0.7981579453131559
0.38620582172852946	-0.8821446095450372	-0.2695662276948397
0.6987772862594718	0.4705660006715244	-0.5387744827103969
-0.7531880410857361	-0.20016424754143175	0.6266115613133896
0.5211039413336156	0.39978031273209347	0.7540731953056024
-0.4014454596729213	0.8944886670931063	-0.19680337230341083
-0.7912009480084614	-0.35353114422229387	0.4990158213277292
0.3809558767550027	-0.9232370669600836	-0.05005934634780706
0.47840744124265006	0.15049600744145397	0.8651458096227723
0.02764888038385427	-0.9060626342027108	0.4222393187697753
0.9665876147738838	-0.08345309304431159	-0.24237154170213837
0.25484097468667255	0.4148325977583994	0.8734815358424954
-0.6157901794073148	-0.5712646603041033	0.5426408967569112
0.649429439164794	0.02197133960183606	0.7601043768997795
-0.4461433160898057	0.8204717838681221	0.3574663528007265
0.9957105064115674	-0.0065935223025137615	0.09228820555881488
0.09042758992902203	-0.14175083299864522	-0.9857634362887573
0.019581583216084733	0.9898804103566432	-0.14054655737838284
-0.43156992713405695	0.8769927235831003	0.21126088321267877
0.9015614911117444	0.4113917080071742	0.1339542471417318
0.030565924456382967	0.24827530156106134	-0.9682071570159412
0.1143311266414766	0.003936713563683247	0.9934348975988352
0.9871904450843576	0.11156424021386024	-0.11405457219967913
-0.11128080973392668	0.9937494264611284	0.008868979261448917
0.3825972837759948	0.36252947320245144	0.8498186274181002
0.8404948893136691	0.24537202652311385	-0.48307443488301394
-0.3836504391823813	0.8990911798363351	-0.21082549858988253
0.4428029793969295	0.1997237638986466	0.874091493821648
0.4545331290234174	0.7903211425953455	-0.4108431892912051
-0.7728681362673608	0.579226130022589	0.2591754892764184
-0.4360230127558995	-0.19024598432032758	0.8795967245262221
0.8873285939763621	-0.2539108934442298	0.3849379488986313
0.15010629120460306	0.9483331290429238	0.27952169450770037
-0.7770850366713051	-0.6127940790732805	0.14360453486671731
0.6224946303994038	-0.7819868532869996	0.03157524996268593
0.09294773211577473	0.11392970613069492	0.9891313063266716
-0.6262834135570317	-0.7256893658683238	0.2848579122457056
0.7310192010308841	-0.673616549550228	-0.1088653842881792
0.27088745564813405	0.14005601892698255	0.9523677325144972
0.020145220285371135	-0.7243108958757246	0.6891791466776686
0.8376083333278418	-0.3641485709579493	-0.4071954054370438
0.545899670305276	0.5854652375547064	0.5993529891271105
0.9927079343687039	-0.07963720014056859	0.09049239412896651
0.10650582166625548	0.22785745517285172	-0.9678519980210548
0.05645765663412691	0.9704323245213563	0.23467772909132245
-0.75313601328365	-0.03458123158260506	0.6569553134859631
0.10658468442553098	0.9790097487725867	0.17372281615880666
-0.6491732053474788	0.20085828394782926	-0.7336416695011356
0.7147386722367737	0.3580084799841623	0.600814912155685
0.5836483665191332	-0.7786511241335987	-0.23034107567915613
0.3853611483644419	0.5152983166525122	-0.7654831351416735
0.04036578177959582	0.8654508399143515	0.4993650441839773
0.90746823678412	0.17741000740235213	-0.38082422257705406
-0.41817699947419673	0.4685301836221877	-0.7782078540760926
-0.376290166165379	0.842432056681804	0.38563446516370575
0.9160639899632133	0.4005932446086987	0.018756829864166852
-0.13868120687356839	0.36032385745151707	-0.9224609696953847
-0.9743886856720732	0.12904992299162288	0.18415430109043446
0.22200422012370102	0.4217256504526281	0.8791254756845437
0.0357884825260516	0.8974929487891057	-0.4395743297695156
0.6029564742500777	-0.7271005019103275	0.32828090148783456
0.7913222211805168	0.49286915263212705	-0.3617860426407057
0.1012552834465884	0.47791720884002376	0.8725494307308396
-0.6462532790805409	-0.19116177210037627	0.7387921738656228
0.3741348613443431	0.7644156280628471	0.5250636657588602
-0.6651163844053897	0.6157320232542131	-0.4224858231169131
-0.8134934349728411	0.41393422551221803	0.40851791662751824
0.455674452914802	0.017189175970865445	0.8899805195566015
0.36137131072746165	0.9101444880781526	-0.20260253355788405
-0.9762223600096389	-0.1265249120053311	0.17601519951201472
0.1860899501562882	-0.07270160905029055	0.9798392758469774
-0.11117748993407478	0.9892956700014117	0.09451795093217352
-0.6171563801712932	0.47703477864040233	0.6257442148205359
0.636768446143926	0.7699615453530098	0.04105075727748658
-0.4622163437280389	0.4237889081194876	-0.7789473749526192
0.9398814278150331	-0.3353013361392701	0.06477588773297416
0.34150072044143415	0.922596277735936	-0.17942509926366798
0.00039948261054621736	0.19075933080983445	0.9816367546718225
0.9978576606906838	0.015088023308641594	0.06365878221859055
0.05280515600555338	0.3886948405087012	-0.9198521274972105
-0.03862259054161466	0.9212430040518913	0.3870653988479228
-0.8411753076399093	0.4051727548535357	0.35813285320017907
0.532221870891737	0.5030671865345271	0.6809282531785081
0.09572868933294504	0.7633861700061326	-0.6388094970192326
-0.34451288513403044	0.40750250888675676	0.8457260651225225
0.7530723199960743	-0.4179347169030807	0.5081462912025159
0.5605291721510637	0.8119558347953049	-0.1628949646536162
0.4003509460383541	0.23978670244568265	0.8844328450122262
0.3956012142560803	0.82535794602879	-0.40284480908440623
-0.8265705047274005	0.5111620078383785	0.2355729238629254
0.2171942723744279	0.3838970916552135	0.8974684791492185
0.9428625171285576	-0.32048875354010153	-0.09108914670976087
0.2526596957208313	0.8659734302350047	-0.43157049978569706
0.044234510262101234	-0.5932044242720766	0.8038356916223031
0.9987355034668763	0.04549908627988586	-0.021382873110517953
-0.02388937455516721	0.803765105097086	0.5944669491331148
-0.9984241406660586	0.014463648742000405	0.05422211910568274
0.05392436365584173	-0.02023825861510109	0.9983399099968612
0.01553699905243451	0.9996905600000915	0.01942642291180563
-0.6351064832063336	-0.12572239215910824	0.7621244223216275
0.31048122810854933	0.8618974222288207	0.4009167501458636
-0.7072772879016334	0.4912501538575894	-0.5083621979980462
-0.8127930062313	-0.03274916123870597	0.5816313449769083
0.5784327723895514	-0.1638999164159718	0.7990947035393083
0.0691596475354197	0.9859332177368805	0.15215989391353346
-0.9495799328295367	-0.040375601695078575	0.3109143965068409
0.20992033528427012	0.6547064202955662	0.7261494033998135
-0.2328763706381399	0.7548041560640255	-0.6132204187621952
-0.5929298094442483	0.19329129839066286	0.7817114013744835
0.5211985829538421	-0.6478739629250445	0.5555280058563248
0.6138291930165216	0.7368159893285768	0.2834006345625151
0.2855315569304231	-0.10183465559643412	0.9529435622934049
0.7563404627646598	-0.5867212544187801	-0.2893220938645954
0.5885752580442275	0.8033603628091252	-0.09050576271907862
-0.2069898343408132	0.24063877914621318	0.948286974734222
0.8284695626998764	0.5586697746612458	0.03906746165069319
-0.5203781242129979	0.7937134626872426	-0.3150008682362462
0.9535434719373647	0.14768260772601277	0.26257321740969886
0.18564041183279778	0.3983920001747403	-0.8982324040532712
-0.23726037305075953	0.9052478453838011	0.35246823091989454
0.9960872447158207	-0.05382791310332752	0.07009105995335971
0.06212371806344509	0.9905675534688012	-0.12213339293087373
-0.06285574411633696	0.12600983209961925	0.9900356951372044
0.8951065201042485	0.16261684841764634	0.4151386253741933
0.3712849200968412	-0.7873778887994176	-0.4921214975374012
0.2468437274381199	0.5946358724803645	-0.7651642656214226
0.8313913554997985	-0.5546079370977176	0.034618638165326975
0.5554124796185239	0.8313251836045175	-0.020381770995622505
-0.01747545376264851	0.03617285187995779	0.9991927408176363
