-0.19530973642087757	-0.6902547045183822	0.6967083677906047
0.8575698735461657	0.22447572891387346	0.46280077691658966
-0.47584453222162937	0.6878656046197007	0.5480993442214217
0.7860032598917992	0.19198867757849272	0.5876557011729968
0.28661419929123977	0.7290669943336177	-0.6215413248835399
-0.5477692727819865	0.6569639757665607	0.5180223531285957
0.9569685412876039	-0.04705262184254663	0.286351640057496
0.1545490841377795	0.9178199507053721	-0.3656789830976916
-0.24561309325451075	0.39419866674676945	0.8855967590032274
-0.6141548981496703	0.253699415499117	0.7472953684147748
0.755770489379485	-0.08355048007148969	0.6494846300436348
0.2272107578039857	0.963667953112082	-0.140425594828395
0.5393345199908076	-0.5695068997558734	0.6203065102646745
0.7538723510750474	0.6547719512860501	-0.05431546827229686
-0.375226270176897	0.49692613428910337	0.7824766215227279
0.23853981688400283	0.774106918647613	0.5863934125336373
0.9538563603764836	-0.07337230621317836	-0.291160691801431
-0.18236446893590463	0.6287885043342141	-0.7558890244519154
0.9472952292692175	0.0777278666859029	0.31078952257796477
0.17435098545751634	-0.938952764711567	-0.2965964253164528
0.26876287406145527	0.3351508382519187	-0.9030174046746069
-0.9944354343162234	-0.08104027133174298	0.06731003936101296
0.10151923879086873	-0.5664971921898254	0.8177865096688537
-0.028142692330802476	0.8200691468794086	0.5715720280112145
-0.9861977040071732	0.016048869847176205	0.16479236143586382
0.02435806180296339	0.9985248814467097	0.04852572469358225
-0.16377049012622205	0.05186998080260606	-0.9851338648403851
-0.8575636891761635	0.2809043820707642	0.43090282795545853
0.5092044054606155	0.3450973598247704	0.7884279838396618
0.07276944733932256	0.8955448287916218	-0.43898071387990933
0.8893137164151398	-0.006876213361100059	0.4572459201411261
0.44826844935697896	0.21082158656107763	-0.868682713049454
-0.09042406265470473	0.9775003715240639	0.19056891814599608
0.2400214825092002	-0.33974151315957873	0.9093763754189602
0.626449808293136	0.7698143736727738	0.12225574741617676
-0.7415863574955913	0.5403346503074135	0.3976029930138687
-0.5010874892253607	0.7651257593504738	0.40434379001066084
0.823415004443438	0.2777752437760933	0.49480162126103144
0.26626877135563126	0.5808816457106328	-0.7692057300080843
-0.8091824481238266	-0.5676074979504376	0.1518074237933527
0.5834450208741423	-0.8067516128768057	0.09350798221459104
0.06939505216874206	0.16423630351148444	0.983977013625512
-0.006431535858145709	0.479005383878419	0.8777884013599143
0.5164250868822039	0.7532795528708358	-0.40727760172322514
-0.8563082184501173	0.4506925309367821	-0.2522151414419527
0.6713715353949621	-0.7231053144525114	0.16241602652431136
0.7387357851609394	0.6353753556257451	-0.2248724020108031
0.05941128835550855	0.27095546068310317	0.9607567002847006
-0.12845649259186076	0.9396918485449587	0.3169829006258158
0.9656848646360178	0.19127448148969595	-0.1756895413613579
-0.2257247698501731	0.28353712721442054	-0.9320166445762008
0.03084126062503223	0.861808124366645	0.5062959346258904
0.9298581176042334	-0.21053511129517322	0.30172644570444984
0.366623373189122	0.46147776077247094	-0.807852448497778
0.9453791675451156	0.026685360519200646	0.3248786251904925
0.07547691549953826	-0.9874789570623395	-0.1385227222723754
0.3171142771910148	0.15547733240905043	-0.9355561630968958
0.8191678632388473	-0.15654788920226545	0.5517760145412416
0.5570044343449101	-0.012295755103500783	-0.8304184936082178
0.1367847650756762	0.9875938298676993	0.07712558103795475
0.13980710708456878	-0.702578966850693	0.6977368903445313
0.988954341092191	0.06404499398542174	-0.13366955517363477
0.049226863027761636	0.7087178804604976	0.7037724645594099
-0.4412266179196147	-0.40421612118889244	0.8012043428553197
0.8520545138756224	0.09150166782019742	0.5153935876301712
-0.2816419305135424	0.9100751464341441	0.30404119921398176
-0.22212430366942848	-0.17871936044801012	0.9584989222322713
0.9002684877807077	-0.41508332600823583	0.13123445576135184
0.3744027826130691	0.8920567373609118	0.2530955031220352
0.12042490985215348	0.6361252913299875	0.762130208571632
0.7771325909249112	-0.5381099376299878	0.3263474086708603
0.6177076794159481	0.552975866339743	-0.5591555365337764
-0.11022638315476807	-0.4486165727431176	0.8869009612785621
0.9266822675178749	-0.36898734519440834	-0.07147247130407974
0.35931896627446247	0.8139972418544191	0.4563971633663493
0.9333953077327385	0.0664471112450713	0.35264426963966333
0.13425478747694572	0.8466795723487058	-0.5148877099008412
-0.33278950034823307	0.5279379539061363	0.7813658971847797
-0.0693788675940008	0.018960116658557125	0.9974101897953862
0.8751700958105004	0.48104172049874216	0.05173167828951236
-0.47881507508683746	0.876492656624061	-0.04996745694632043
0.9190249576726599	0.04283422594249067	0.3918652271670367
0.17278560333748755	0.8497249938472844	-0.4981089942076261
-0.35431379094535115	0.5254832670210728	0.7735173389309342
-0.964163165050919	-0.1987885279881124	0.17570575488387788
0.21776586432566877	-0.9712574295804934	0.09610948870526329
0.1515500560656061	0.130927944400774	0.9797399929989076
0.1689730038119539	-0.09670992927161089	0.9808645745275162
0.28760616105753234	-0.9470252303011395	-0.14291924046405394
0.9427252092229814	0.3062521881609229	-0.1322073263557375
-0.3528195248075543	-0.23506849857704992	0.9056827170103794
0.8606160394361326	-0.46140805685658703	0.21550553991276727
0.3672307388820228	0.8554796350846465	0.365097491604097
0.6174091367596719	0.1976190407564788	0.7614149148632208
0.5371424797298885	-0.8130584396052316	-0.22453046620966927
0.574703327217881	0.5476154567917111	-0.6081392909256087
-0.3625239886912759	0.0988580529851989	0.9267164846830682
0.7885747222805969	0.5625017133574163	0.2484788317946835
-0.4967154769115285	0.8208647317493587	-0.2818773264500112
0.7242270779668623	-0.32340885575838435	0.6090171192640096
0.4917736427762605	-0.37687293089087315	-0.7849366077794372
0.4833775168645592	0.8679709130948893	-0.11389763040150158
-0.9902009276823611	-0.03168285451973003	0.1360085274770393
0.1395177118032368	-0.26681911435574146	0.9535944464538404
0.006077080728432646	0.9632257040506649	0.26862485392442903
0.6984891350684123	0.290804422844151	0.6538698003774617
0.6386183885392849	-0.6656117207050356	-0.3861704171471043
0.3229233376683518	0.6873091188936473	-0.6506356069834864
-0.5046312216493307	-0.39438385367269924	0.767990042968641
0.8500171852861537	-0.07132118330034576	0.521904276214368
-0.15105666107427645	0.9161739271420626	0.3712239490795034
0.37407325271856984	-0.4299811386227833	0.8216966727626465
0.8742945696565289	-0.13201370423016634	-0.46709890533433585
0.30931894069011334	0.893134145760918	0.32654737880782514
0.7257113014513435	0.5586830694906405	0.4015175398538816
0.6667814276193028	-0.714950835511577	-0.21035168310061758
0.16954537660391	0.42037903214339123	-0.8913673959745354
0.6056278864491769	0.7345872572600842	0.30593532752235353
0.7957220968883125	-0.5559600136541467	-0.2402806853272811
-0.006419320740527257	0.3889601839376209	-0.921232200714045
0.4966491584851801	0.7860838012463073	0.36798351973168375
0.8445060425987257	-0.33977769922574796	-0.4139573155810829
-0.20037254649827074	0.5163558584222833	-0.8326028285339806
0.6269990492376007	-0.05165084400184822	0.7773058487937947
0.6923887235165529	-0.42034892134969626	-0.5864338324715461
0.35702947749767544	0.9058912598287081	-0.2277959120873183
-0.19032761700259226	-0.32208100640893234	0.9273829972113594
0.594678102690138	0.7137909247136265	0.36994657719368584
-0.7811103330432729	0.6219054117042844	0.05568039606497266
0.8852988188404507	0.34820359551494084	0.3082211177550465
0.4485803826422621	-0.46477086769590636	-0.7633895996473334
-0.12256280703469764	0.8140898578238533	-0.5676584023161411
-0.2428638867174775	0.6280986013319405	0.7392626593663042
0.781704946823957	0.5779788447708913	-0.23426017823834377
-0.5744166681420683	0.5209919404387806	-0.6313579724359224
0.08545448179419435	-0.013919342066752938	0.9962448411197492
0.8741307489518733	-0.47877506025357963	-0.08166930522551458
0.4781139668302138	0.8778272572639847	-0.028746149764225626
-0.015191978817617136	-0.7411927930868318	0.6711202926865989
0.9643813528761125	0.1664081861060822	0.20561352538615407
-0.26407917374235357	0.6503395721259968	0.7122644389007016
0.09322219373201346	-0.5357487120745709	0.8392156696024149
0.9951917384561909	0.02469941194636016	-0.09478049777274034
0.030050396076181873	0.8440161470966907	0.5354752255106878
-0.4060812920891721	0.3016054535462318	0.8626309376589502
0.5607393120656685	0.8276029701047626	-0.025391884095043865
-0.7215742568296825	0.4733999094475485	-0.5051961179737465
-0.0667412901755422	0.9500391134126112	0.3049119269098603
0.9975511291636361	0.05712947867613716	0.04034807765615819
0.02091279249786293	0.30685811974326616	-0.9515254854482715
0.46640353364569365	-0.059075696194276786	0.8825971934704823
0.23275708804109618	0.9708026941274307	-0.05801954017011521
-0.853400188522032	0.23249127122127342	0.46653609403397356
-0.7945944911063254	0.35419402120904947	0.49311883967583553
0.41929993288071615	-0.26726610773239234	0.8676153490711213
0.43909812227986794	0.8961670731494994	0.06385464754388381
-0.6963028439562666	0.10248296503119086	0.7103939691303905
0.3557942164917913	-0.8103061676774921	0.4656333215469099
0.6233560980766987	0.5769758716811574	0.5277556427821134
0.07227734183258527	-0.24898374228496928	0.965806958939201
0.6710129841171828	-0.7042865283019148	-0.23178020018670453
0.7379143317511653	0.6648214663578541	0.11616736575313891
-0.8839411553369407	-0.4498733881692978	0.12752242359158175
0.4675766041214694	-0.8477770459386869	0.25029222852040095
-0.004489229313503838	0.28087010342247215	0.9597352925800012
0.49857399163930904	0.5540885554140474	0.6666407185433696
0.8636642423245185	-0.2516758297592505	-0.43674174662494525
-0.07421624748571831	0.7935018270137546	-0.604025495434565
-0.5889055952711288	0.13669555588978385	0.79655792310311
0.48293842369469964	-0.7307633377990039	0.48244732670845747
0.6480437321490239	0.6688043578871488	0.3643350821613568
-0.3537845510934845	-0.8981113703117566	0.26121343365975797
0.9352905230884202	-0.34215917652114713	0.09032571806169006
0.008254018934506224	0.276266292622009	0.9610456839985908
0.6474776397725355	-0.3867211791928986	0.6566730050475966
0.523239626632546	-0.40089137947602005	-0.7520015924073885
0.5540694894289171	0.8305015541379005	-0.057220358776499225
0.7465452448566567	0.478050468735314	0.462750415152554
0.556773924796345	-0.8296438514399518	-0.04115673012712574
0.3642430425537162	0.28837272601588	-0.8855327079455517
-0.6723735984460109	0.4204031484584281	0.6092412796905703
0.6388526901832805	-0.08613698474333709	0.7644917658843107
0.3738729521620255	0.9032395101110045	-0.21065944796302105
-0.9056060600873417	0.08903598027963343	0.41466885360336303
0.1869297649272892	-0.793835793282947	0.5786898964791619
0.38070320056089757	0.6015790284895904	0.702259030247536
0.5779583462250756	-0.18014189484778736	0.7959353288737875
0.34808493568624826	-0.8277386265698796	-0.4400973115488316
0.7381063795802579	0.5314110121223098	-0.41569376783645184
-0.4617818282352282	-0.4261383805325083	0.7779226335239653
0.475354302170636	-0.8593487656731484	-0.18856825380722003
0.7488630252052761	0.28271147761130533	0.5993983566103884
0.7492573028412906	0.10828896049233777	0.6533658968560292
0.22048001759182068	0.8894824735144568	-0.4002617782818067
-0.6245014459404437	0.4439531848585982	0.6425756871156909
-0.6604318849348443	-0.052747229933886	0.7490310107703888
0.5132773967924484	-0.7598016067029949	0.3990586828945273
0.5480657253499583	0.6480117654686905	0.5288711681598599
-0.5735854249931003	0.37297577730502235	0.7293070888036112
0.5535799829298818	0.8327417580144676	0.009506153708290027
-0.603778902194202	0.4091823969853642	-0.6841204596140034
0.589185536088189	0.08381606812067988	0.8036387688441013
0.5464582489368932	-0.7739765789001969	-0.3199119214452193
0.5951838255810533	0.6276425113380525	-0.5018177873770173
0.9019179653299079	0.407281571854271	0.14375571307977075
0.4228822611918563	-0.9004081292054993	-0.10215573419987395
0.08783266467790715	0.15292783294275436	-0.9843264199070403
0.6614071977624891	0.3256128945996456	0.6756602412591786
0.7469768874665107	-0.2048117158009355	-0.632516948912454
-0.06757254130795382	0.9230538467181189	-0.3786892495438283
0.2259060747900884	-0.21126158418813668	0.9509652929625003
0.7921137877943865	0.608060492358787	-0.05308657851490467
-0.5670292695787094	0.7652653008458625	0.3047077727304097
-0.25038094985510795	-0.20643806156168976	0.9458819729164446
0.36985287347871876	0.8825042596224375	0.2905083195500401
-0.8947168445542916	0.42257491464461705	-0.14461054451147692
-0.1945703641269405	0.07154931150740307	0.9782755590457761
0.13016047327411306	-0.9866330502886269	0.0980483313229653
0.9722142894447541	0.14641010928544407	0.18265665960609212
0.5534498729451554	-0.39887353583169394	0.7311587656248906
0.8206272122474159	0.11111044522315083	-0.5605581570910799
0.14235243818082632	0.9102496203654443	0.38882053954046525
0.1980610901416302	0.3148633725949858	0.9282418117979928
0.8885929308843399	0.34204689818808875	-0.30562480694846406
-0.41373228995848	0.8853614945535063	-0.21203918554761048
-0.48753324096284256	-0.13480529859098508	0.862634841881582
0.5840948525986798	-0.78471928554511	0.20748215841681106
0.6489565024899536	0.605015019950222	0.4613158175378762
0.15702010997776328	0.4855321764722388	0.8600018550402677
0.7790330202318202	0.47432590944062913	-0.41002741984141555
-0.6070026675815019	0.7343523930943854	-0.30376689139122703
0.21784638084505226	0.3558191134997184	0.9088100532129841
0.530840563591952	0.7381950550150577	-0.4162647676619952
-0.8189940478404538	0.5731150139540846	-0.028070097654234738
0.24705845305230423	0.26951949107657996	0.9307638608719311
0.7819654822779547	-0.6227262224929313	-0.027240344078037992
0.5722692594410503	0.7345551686221433	-0.3646047160272152
0.9408507269850614	0.2946767345012404	0.1672289797713506
0.3355963016057923	-0.8784162406366418	-0.34023525762963247
0.046637237055762545	0.37623201661936456	-0.9253509808663574
0.7254014915294714	0.026287811273755957	0.6878238343247881
0.6158904531445224	-0.47099865273261576	-0.6315371872261327
0.3073623688941979	0.8817421505760604	-0.35785353719818214
0.6006797858442707	0.020397871095352293	0.7992294549957843
0.3932461640757909	-0.8779225899063443	-0.27314717749193956
0.6960899721427951	0.4783679054733024	-0.5353717378563503
-0.7541113671019357	-0.19984777107089963	0.6256012423306417
0.5195134508323818	0.4012263032098079	0.7544025636335163
-0.40177334457611724	0.893911808855093	-0.198745710840601
-0.7953570673082719	-0.3472441495111552	0.49681851426155604
0.372720240185706	-0.9265462678551051	-0.050908114084950724
0.4780028849690084	0.14468418764347143	0.8663600451355393
0.02613083040844144	-0.9045995299051783	0.42546077398215626
0.9643997365753616	-0.08922645260678119	-0.24894133495380574
0.26315457015894367	0.4168193021568698	0.8700639870457354
-0.6133842697918217	-0.5728027828884743	0.5437432385668556
0.6513418358290668	0.02248569651413146	0.7584511891684887
-0.44666939728480837	0.8193847480686306	0.3592980436374966
0.9958244266116667	-0.009962798328162395	0.09074389242818218
0.08832303155723639	-0.146181038951829	-0.9853071328004803
0.02308145272907578	0.9892076862319845	-0.14469070474456625
-0.4247742342901526	0.8799750581862861	0.21262818922536342
0.9047916169828848	0.40479549080303756	0.13226012423638756
0.03031467830459847	0.24856489614499133	-0.9681407504509445
0.11561243336799554	-0.0007825628325501266	0.9932940918208182
0.9876465767714453	0.10657796041992651	-0.11487113538384652
-0.10577336452234176	0.9943040409996038	0.013094632850222387
0.38705625046963044	0.3693714032275183	0.8448385795228132
0.8388869913402337	0.2392208784291241	-0.4889192030220626
-0.3826957992093999	0.8979633276483692	-0.21726892890182503
0.44702580222196286	0.1935573465047418	0.8733289676644499
0.45649227205252885	0.7902483126555305	-0.4088060786013423
-0.7692741628991125	0.5814147899384141	0.2649039530409828
-0.43440956615826476	-0.1906241173521434	0.8803128845552043
0.8877544315676587	-0.25581855793074215	0.38268647043006193
0.15225110200642666	0.9477443280241522	0.2803574337089654
-0.776483999671282	-0.6133900145068288	0.14430969599372256
0.6235767240508495	-0.780938447105205	0.035877723658582654
0.0906899524561519	0.11784664584205676	0.988881944717001
-0.6316533036841017	-0.7209028164686705	0.28515475298949194
0.7263369618030103	-0.6788963283242755	-0.10739829284765012
0.27101424660657986	0.13927995044282465	0.9524454701141227
0.017072875986764324	-0.7243247786838151	0.6892475113413054
0.8367828139261445	-0.3669626454554873	-0.4063655240767277
0.5472687084270248	0.5836883002296283	0.5998374187658382
0.9926297282206534	-0.0799849024250614	0.0910419575615836
0.10722338696919986	0.22956854588610331	-0.9673683000939162
0.05647448928007236	0.9700003598575586	0.23645281545534935
-0.7512247438633579	-0.038567066898239	0.658918785252249
0.10746910789963562	0.9778230088789601	0.17975693075415364
-0.651238646776041	0.20585126829282316	-0.7304200711149356
0.7151040012645917	0.3501128703219228	0.605018384357298
0.5821642402037213	-0.7773867883301939	-0.2382321950486332
0.3869251410846737	0.5225808639479737	-0.7597355960016581
0.03451140172913869	0.863036759185029	0.5039608272932454
0.9059514383216605	0.18589570791246357	-0.3803876669696835
-0.42197269408529836	0.4696917479316901	-0.7754538718526518
-0.37662575393231323	0.8404941616222663	0.3895158607217439
0.9154907450539249	0.4019411187444121	0.017889460112040595
-0.14152645404844583	0.3633357969446094	-0.9208460031205541
-0.9757480412768178	0.11986359006140754	0.18316244080608896
0.21706251911371685	0.4217300002897868	0.8803565582487494
0.02827760139156979	0.8987638881448048	-0.4375201145391743
0.6059055059352552	-0.7245228398718111	0.32855010634822296
0.7888228167789053	0.49362046018813155	-0.3661931252940868
0.10313622838913634	0.48104625119394	0.870607502038617
-0.6455048205179321	-0.19035871462883547	0.7396533556017777
0.3760568529248468	0.7636970315303668	0.5247362074413829
-0.664759182002304	0.6168714645666175	-0.4213844161179481
-0.8158576418016936	0.4117374509187557	0.406015492099384
0.45344485116026034	0.019820121686951575	0.891063931338579
0.3588371152347943	0.9110869521002042	-0.20287062488869934
-0.9772611376225555	-0.12199243843537824	0.17343158264070413
0.18259878274238125	-0.0683980721868167	0.9808054793189767
-0.10778846614396914	0.9901714743849761	0.08911844859855311
-0.6234581511571928	0.4698522893163025	0.6249310041755691
0.6279762388700781	0.7770849325984936	0.04224749629250604
-0.4657743844075652	0.41878136748502104	-0.779536008839316
0.9427380245725236	-0.327173651046852	0.06482606794930987
0.3335078036174673	0.9271291111985588	-0.17089223532514078
-0.004190698193456917	0.1827266078841371	0.9831548325771522
0.9977787368443157	0.01439800195442172	0.06504067835656487
0.05436275647997746	0.38830010151026795	-0.9199281069056507
-0.03850042868930585	0.9214204950546933	0.3866548697273883
-0.8398175133359531	0.40510779832992083	0.3613782174211665
0.5342553878420679	0.49864611079691656	0.68258569919742
0.09632094712956926	0.7663156842446808	-0.6352027607187085
-0.34616886996503604	0.4076492125064154	0.8449788358355663
0.7458174492017363	-0.4268134732375337	0.5114553661162704
0.569142728964664	0.8072498860983581	-0.1562823581241417
0.393026811003926	0.23174723276225628	0.8898444504176677
0.39989351820362395	0.8283378779387912	-0.39235383784358235
-0.8280187799384819	0.510048605604306	0.23288477835678956
0.22535254385053582	0.38047926590896125	0.8969123475532436
0.9410329165243316	-0.32343418499203236	-0.09923395586315309
0.2523356514601188	0.8663866666748271	-0.43093022963152605
0.04282798936199961	-0.5937774250142369	0.8034887260383127
0.9988788232721104	0.04168522393063934	-0.022437435779886883
-0.02017076462934775	0.8035488234384484	0.5948969899108187
-0.9984182532167591	0.01199627062041729	0.05492796314079544
0.054615347178948864	-0.024994149468209326	0.9981945984350364
0.013347490255390799	0.9996156171166808	0.024299434567901623
-0.6425330740394688	-0.12669128937188834	0.7557119596530676
0.3054208892556336	0.8621639242098735	0.4042170805363492
-0.7027583718261129	0.4905330620746372	-0.5152746702875968
-0.8106025031994015	-0.03845169955379968	0.5843329946257427
0.5821097510246551	-0.16164116283530316	0.796881655102729
0.06381081075239536	0.9861001983970367	0.15340984046809625
-0.9516499942921446	-0.042275948383885084	0.30426145426590634
0.20367975237702596	0.6546088997530795	0.7280121886587451
-0.22994966152485316	0.75478469284446	-0.6143478010152714
-0.5941684980464275	0.19637575853811004	0.7800002290947323
0.5196250980885361	-0.6465016658330502	0.5585922963231506
0.6139654333639086	0.7372056412790621	0.28208915097996057
0.28355840320680226	-0.09999107550789155	0.9537276428779781
0.7590783962022634	-0.584345397974368	-0.2869502470554401
0.5859988228570162	0.8053212034244184	-0.0897949827397857
-0.20278057640652225	0.24252274651852052	0.9487163723965937
0.8286157978756414	0.5587677237485223	0.03427083902984207
-0.5218006298799887	0.793070834363494	-0.31426542020852155
0.9539011202999765	0.14565135195796142	0.2624087200595051
0.18534219697023158	0.4018025953713097	-0.8967736305083505
-0.2360527964517632	0.9040687794773679	0.35628460430055753
0.995453544012864	-0.061288685088660574	0.07291048479013233
0.07045329892941783	0.9889271974781201	-0.13061137300416611
-0.06409816208122675	0.13515433832539123	0.9887490735518464
0.8962680033291102	0.15123517504275164	0.41693115503430345
0.36609106082157394	-0.7829353097418597	-0.5029807510690172
0.25036174107675624	0.6034403223096765	-0.7570857124631325
0.8276846995877605	-0.559848177004223	0.03883370666530335
0.5608205355934608	0.8276741493950128	-0.020876524612728244
-0.020453970885440684	0.03905792017363724	0.9990275841770974
