-0.13871814480325262	-0.7115752803596181	0.6887800060131495
0.861930337662497	0.2557468530743242	0.4378009138405191
-0.4876816270061415	0.6544113137192163	0.5778515926749117
0.770624426196381	0.21789226839965203	0.5988830880239918
0.2586407518386165	0.7519308533945086	-0.6063868016388229
-0.5824456671981116	0.6221920532159343	0.5231004623177907
0.949754247561512	-0.10180116072450007	0.2959787034805217
0.19655643588511418	0.9299011692683289	-0.3108848386549846
-0.24358250501833476	0.3534407150690754	0.9031872586459873
-0.6096892264259224	0.4040783831111975	0.6819088703649486
0.7310283347058889	-0.04589405607081054	0.6808019605395568
0.3063929193654694	0.913572326594676	-0.2674116359530663
0.5988455408553953	-0.5344359500842832	0.596458073509881
0.6827252956159169	0.730001651473677	-0.031364941764063764
-0.41865282624600536	0.4259997700741326	0.8020311758111515
0.22874231782487509	0.8193276773936541	0.5257177085592837
0.9491399687665271	-0.06768168642000605	-0.3074939170344997
-0.21635681576039995	0.5693165607814901	-0.7931383119569726
0.947351142196605	0.11353669077505577	0.29939143813181657
0.1960296671541986	-0.9449674922250355	-0.2619328315300372
0.25317618958780874	0.3068319710945685	-0.9174725928004723
-0.993872790256618	-0.08084770774530857	0.07536925725953816
0.10687970154738728	-0.5291700398130319	0.8417575650752513
-0.028171016748898034	0.8446553836427042	0.5345686828637921
-0.9859869994406347	0.06505880180065159	0.15361311546322115
0.07594437136573297	0.9949195495277122	0.06608738476772805
-0.14853312557108944	0.07682735369539698	-0.9859185911282153
-0.8903554458602589	0.22044703784691383	0.398334386579291
0.45441041077490646	0.37669637590373506	0.8072242680695201
0.027899078951812567	0.8997238153375251	-0.4355670987438409
0.8947328019922055	-0.035654618113198505	0.4451763260174318
0.44390240979422213	0.1804319561151062	-0.8777214591152247
-0.0490292118849488	0.9829410243853283	0.17726556056454512
0.19265216100966098	-0.376126851021493	0.9063187832098392
0.6853371145040277	0.7125988530524592	0.15005303766206465
-0.7022807019572737	0.5922258577341717	0.39505739974011844
-0.44268884582046697	0.803574255771583	0.39786304332934674
0.8647637438475275	0.26528619094841677	0.4263882083487863
0.2370870159096673	0.5328148387134379	-0.8123411195635875
-0.8395468609134957	-0.4844814654449654	0.24584299455260883
0.5209724266909666	-0.8462798552082371	0.11134692315663909
0.15410645333022482	0.2215583812655793	0.9628930806340626
-0.016460280320189202	0.5160999688186614	0.8563701777602708
0.5987237719650111	0.6910430962510986	-0.40495590378173796
-0.8007864284912489	0.5060634953334134	-0.3203760831197582
0.7330516807507306	-0.6666994684923078	0.1347109945795193
0.6799941251040305	0.7138006731080109	-0.16762037135907668
0.01559561388766921	0.21447707985382677	0.9766045049275791
-0.21727930337312595	0.9189178348535977	0.3292107487820918
0.9622380291541611	0.2582987755034841	-0.08590528402209321
-0.1639746308890647	0.2981136618160547	-0.9403406643676633
0.11619022383999655	0.8694660487627264	0.4801339624864546
0.9221812756316701	-0.27397841335290707	0.272978980676113
0.36889229696261944	0.4110530611314754	-0.8336389231412402
0.9169800352948243	0.011398529533815708	0.3987702200455415
0.057285547122110814	-0.9929945197644214	-0.10334529408128344
0.3947986587637087	0.11760934164552266	-0.9112091207818784
0.8161201505528335	-0.1278088393970034	0.5635714687895504
0.5665936447184655	-0.014846585273275315	-0.8238635934852131
0.11366416157375889	0.9916876925109609	0.0602990787327643
0.209894816992496	-0.6609052037497194	0.7205195885305471
0.9762634892108919	0.1014046801254227	-0.19138100867754826
0.05342064613482039	0.7435868493358412	0.6665019370274444
-0.505535897759956	-0.34411068253231664	0.7912150745803437
0.8455884129495472	-0.01531648637409222	0.5336156305156536
-0.17150420391786797	0.9388041560476261	0.29871903961114177
-0.2988440877921763	-0.17644366611323042	0.9378485186213097
0.8638788344586108	-0.46757908108426705	0.18730499808287165
0.4054695679901195	0.866162476456303	0.2921591925868334
0.16088619884357458	0.6421159939099197	0.7495349767600854
0.7475526254060179	-0.5751322070269607	0.3322469212631882
0.6444227674983525	0.5068628954711257	-0.5725463316836386
-0.2223078537309322	-0.42683289828173443	0.8765802274258535
0.9098287104797338	-0.4139573926505289	0.029171812709543665
0.35041537602726736	0.8040229810237955	0.4803708049301896
0.9488517452712184	-0.013364700988238803	0.3154389802533256
0.1861865621413665	0.8305724480927789	-0.5248656709551
-0.25498025330158813	0.5567502072174407	0.7905784446780691
-0.08380825779196854	0.027544728052815437	0.9961011313528219
0.8456234081865819	0.5307844964383615	0.05647007940125992
-0.5271595844265611	0.8470590925650769	-0.06777659072308073
0.923202666388492	0.10471270974645398	0.3697730184731352
0.10624756391925279	0.8551234508195196	-0.5074202784869175
-0.36933493191736283	0.507739236494553	0.7783267795659645
-0.9615001246852846	-0.2611237144637692	0.08562660786710038
0.2661361987065521	-0.9624570015407528	0.053367067777891
0.06847652129167264	0.07410078224841687	0.9948969997451815
0.2064271920091718	-0.15995508211424433	0.9652990138320012
0.24390692749943757	-0.9469924610088436	-0.2090805813799979
0.9475743902813081	0.2786030338999186	-0.15647084196350503
-0.33800116201315045	-0.24266013067547432	0.9093246260045537
0.837813038693187	-0.5177363846403291	0.17325803939572076
0.42874762585167503	0.8204054467152948	0.378299321075824
0.6397572989266616	0.19087962047537962	0.7444968562440256
0.49118344334696573	-0.846582710883865	-0.2050281410303086
0.5911424730569445	0.49685277912043624	-0.6353643776829314
-0.32772462380746936	0.08686379637159197	0.9407716257573713
0.8126286195722094	0.5338300520724585	0.23379521414366344
-0.48190382609232096	0.8411183961751347	-0.2455372599288166
0.7642814767723959	-0.26251444578045213	0.5890330975583526
0.5032733272282481	-0.32831643468633676	-0.799327390257247
0.40322423335312374	0.9073557651061873	-0.11880965097731355
-0.9903258815732117	0.06313654577821072	0.12356546796511214
0.1006862343615061	-0.2857944501212488	0.9529867861046095
0.09548261881798759	0.9562088207431936	0.27667265972005617
0.7443333624846868	0.24803071098667615	0.62003920190556
0.6119620839852407	-0.6250220135526985	-0.4846131347156946
0.2673392100996056	0.7401542062178494	-0.6170101277623767
-0.4937147471519121	-0.39646904060279997	0.7739884032000863
0.860534461152979	-0.09438987290808742	0.5005706673992668
-0.12540410524730095	0.9131828139731336	0.38777694445548616
0.3862324977854804	-0.4605311702694683	0.7992092960324116
0.8742049976996458	-0.09365055459869076	-0.47644012805421876
0.29426192355000913	0.8826894215031649	0.36642776302438784
0.7179464217432345	0.5915929308479273	0.36683884701166136
0.674005833373803	-0.7225103693146229	-0.15393148739271187
0.1739800910569107	0.3577660833611911	-0.9174608206960242
0.622160210352042	0.7387423276518718	0.25918419317195507
0.7758743459515552	-0.537594219973794	-0.33016882642826023
-0.10457376319588549	0.4065122728605654	-0.9076409532765632
0.47299543840457947	0.8098123700040293	0.34710119653627935
0.8404471274639894	-0.2964648887306103	-0.45360466894364704
-0.2644313543927582	0.5062731428175941	-0.8208310201713918
0.648278169025269	-0.027599868237358882	0.7609031888739364
0.6957707157603685	-0.38442356521301724	-0.6067302807666826
0.3092547924536487	0.9227441518547779	-0.23001022490806178
-0.16166455637390165	-0.3523541660431031	0.9217977613796309
0.565046368655447	0.732759007369318	0.3791923501185439
-0.8090656169197417	0.5821604407645723	0.08063528214793259
0.8890308092027487	0.32004708119359637	0.32740507953873504
0.4511059288941285	-0.49004297951304143	-0.7458963193008439
-0.07827937918041585	0.8108191808593581	-0.5800384424722971
-0.22735839421746218	0.6262706810693965	0.7457165645281935
0.7932978971775291	0.5632436255813977	-0.23116025734462384
-0.5647889932643587	0.5390191576138981	-0.6248773806216994
0.1088768734429475	-0.07418657058648809	0.9912830973914082
0.8815643629807308	-0.45358894367524427	-0.13077210749220952
0.45933658721210796	0.8881179104827195	0.016014890825152728
0.06602058422197332	-0.680440199755904	0.7298235519734444
0.9684202925720315	0.21992968591879514	0.11744390229535523
-0.2404234168996235	0.6990222226852345	0.673471983677498
0.14805298294414393	-0.5143340744947806	0.8447134271780806
0.9826904458458556	-0.019662966942519455	-0.18420872773647518
0.11135439768870592	0.8573644659913395	0.5025200200696194
-0.4038727111312501	0.3473737710173796	0.8462968134246157
0.5224822009872399	0.846964053650609	-0.09830687399799562
-0.7509322092273197	0.40247155804217194	-0.5235622810249829
-0.11501667478363786	0.9647101315909526	0.23686605186789125
0.9931399602669227	0.11673292819684111	0.006814895128084197
-0.021075669449171247	0.23602496791729174	-0.9715184149962943
0.4649864449094028	-0.18537713200436212	0.8656921652529564
0.22982819288741907	0.9695840180999176	0.08417739363583304
-0.8549658518353923	0.15981911892841857	0.4934483168684698
-0.8103905547456525	0.3692090200910417	0.4549196063728695
0.3794867341437555	-0.2608003809096966	0.887678421460308
0.4463820867686565	0.8920021641233671	0.07124024011252073
-0.6981107052000879	0.14296486996664381	0.701571442720167
0.33073906882951926	-0.8046635452751207	0.4930803659192447
0.6350221347597408	0.5762617676548517	0.5144601670727164
0.06017971347393447	-0.32440146609963627	0.9440032260954416
0.6729124093515685	-0.6853305462240293	-0.27840785145706715
0.7372701617635573	0.6519859900371171	0.17705077624359056
-0.9002263278137266	-0.42111400715970865	0.11070479522092136
0.4353041595411799	-0.8644864681462068	0.25134326145382313
-0.010141370576026439	0.27445607912012215	0.9615461576215928
0.48873130115135743	0.541119759430795	0.684347222708224
0.8667371234059411	-0.2116535553663288	-0.45162986107075176
-0.09954131898310026	0.8138747928608864	-0.5724503012146589
-0.5879933905327517	0.19136632489279742	0.7859024763842031
0.43263941397232125	-0.746539527020684	0.5054719300548937
0.6834375685953216	0.6372265407943686	0.35616769300395257
-0.34407324751812984	-0.8883828238058424	0.30395650792356
0.9361877958654954	-0.3493710059280686	0.03863044252031175
0.07187496932057325	0.29785207500295674	0.9519023743019027
0.6463684440776218	-0.3562680728435976	0.6747450590949023
0.5485689387634503	-0.39767923022186524	-0.7354749141025048
0.5303583259689776	0.8455319568901307	-0.061609706645381346
0.7615141059468646	0.5209731672705278	0.38559463874393024
0.5839254979212494	-0.8096381341112644	-0.059305182490668656
0.28129571507822243	0.2703202744467109	-0.9207603759402805
-0.6916758692834126	0.3458557459171864	0.6340096961932856
0.6253538295008204	-0.15232897288471103	0.7653289958890541
0.3612714765653309	0.9258399899744856	-0.11091994042709352
-0.8968297907020211	0.0969043721943169	0.43163163595709114
0.19242175303249576	-0.7931213276915896	0.5778688679282105
0.3983342760412048	0.6013053319324182	0.6926483251408131
0.5641490244976923	-0.1498743955730981	0.8119566144258575
0.3812098054377553	-0.8250233962603399	-0.4171516269429645
0.7324035516000799	0.5448615064166783	-0.408302555011522
-0.44442742550493874	-0.40150530998065437	0.800798195250458
0.46712466270138875	-0.8666449052437453	-0.1752745209982708
0.7643813269273171	0.2961757827243783	0.5727137965619791
0.809970345080085	0.13061027426145422	0.5717420715219369
0.17043813329701207	0.880386488223642	-0.44257256362259173
-0.56115851843225	0.4559173034779342	0.6908259763358146
-0.6221723385621487	-0.02885357446380249	0.7823484213371745
0.5308999776711583	-0.7499864160530405	0.39454478762832434
0.5753666612142825	0.6608236126051927	0.4819391644041304
-0.5899516866125067	0.38306574068374843	0.7107866387161972
0.5132618117168684	0.8574719712640735	-0.0361127557744059
-0.6233131797869966	0.3435148567542823	-0.7024800517401959
0.5664018240695938	0.038858605535465635	0.8232125985834254
0.48563487606902167	-0.8227746759991494	-0.2952974765891513
0.6658436309194996	0.5670377776747626	-0.4848921713676182
0.9280955502373699	0.3375147227382756	0.1572337799726847
0.3547616547944344	-0.9297888183257346	-0.0981678236692058
0.11306112469415916	0.1468896362965703	-0.9826701465046919
0.6835193786444571	0.30331214558279074	0.6639299672099908
0.7299078319514498	-0.27655887096196463	-0.6250997902320696
-0.00598463644923225	0.9118755031440462	-0.4104232582254119
0.20422698582358112	-0.16204582515856297	0.9654182973251
0.79645294787695	0.6009077264915039	-0.06762104746991321
-0.569169605723576	0.7827202915419353	0.2517834488781511
-0.31544367616882996	-0.2523753113011374	0.9147688174674237
0.2811780147132204	0.8958379558396192	0.34411230858402103
-0.906330078507288	0.3657609316517368	-0.2116240290473348
-0.16618189121955096	-0.04822533803607336	0.9849151718813149
0.07329944578216102	-0.9966443185668676	-0.03643203969602234
0.9833670577555065	0.0661393909836715	0.16915912828336388
0.5542687779260818	-0.28726514147993754	0.7811945086256298
0.8319327443724597	0.16192678217941747	-0.5307236814519651
0.025962100401072774	0.9440648577844273	0.32873623718603595
0.17164822400555024	0.39219201249850943	0.903726901518434
0.8787433542355683	0.35375175863805175	-0.32042130180015815
-0.4453616559410597	0.8491437561407694	-0.28391526345827645
-0.4661827072369382	-0.2012921825491531	0.8614842660883815
0.6338405188812295	-0.7553286663748833	0.16650766461851993
0.6171870705852582	0.6236666280930367	0.4797083039779999
0.16840819610907676	0.4482575704671098	0.8778973914998329
0.8134388096606778	0.4398252028616305	-0.38061935561075344
-0.5567369059269436	0.7782152282284444	-0.2905599355249171
0.25999686751116724	0.37090549325003375	0.8915328058805966
0.522611785936157	0.7223185826523298	-0.45291587116786897
-0.8119596973280144	0.5836822596516691	-0.0060390134062195955
0.28126442256419115	0.2493561026943097	0.9266670700142189
0.7688784356982981	-0.6363690521262575	-0.0621319612926155
0.5742092612608843	0.7299698374214059	-0.37071250415543844
0.9486474156055389	0.234722165618372	0.2120697664268847
0.2995507013928139	-0.8820231029696279	-0.36373702467978586
0.10167329128146245	0.4085838356999105	-0.9070401264799393
0.7545078811773618	-0.03638521802405026	0.6552815983610332
0.5608296135919815	-0.48283401895131983	-0.6725633462073187
0.3408636116682402	0.8749556709071947	-0.34389616483442254
0.6066182039298337	0.04557890312633803	0.7936856545577364
0.33450386772836305	-0.9203120547143819	-0.20281243655692732
0.721194507144715	0.3885206372088769	-0.5735243650683894
-0.7368539307646831	-0.2093393175184697	0.6428244977111068
0.523406691931337	0.4251709145467003	0.7384274698743384
-0.42789218216523883	0.8805718276009197	-0.2037192599570452
-0.7606141441185184	-0.3999865066532414	0.5113481380255429
0.4536403295727117	-0.8909104956172764	-0.022111991862786062
0.4644099214616488	0.21514944409483114	0.8590891348129542
0.034886295937240464	-0.9284435279785798	0.3698318019187472
0.9831402079642061	-0.0345809959146941	-0.17955357475039457
0.17949450643369813	0.3698604737955059	0.9115837603225976
-0.6331414852004087	-0.5581186995976886	0.5363164894701684
0.6251413530011332	0.039869322417134145	0.7794926079815708
-0.45643197574899685	0.828802723384391	0.32366015699261397
0.9897760581138593	-0.0024780153149328438	0.14260860501627964
0.14066973967368318	-0.14824326761780338	-0.9788952742485449
0.023566483079333296	0.9889478211948771	-0.1463790552954085
-0.4724088220993232	0.851065122795847	0.2291681949207171
0.8809006605162624	0.4473427859241915	0.1545912616663557
0.029050492332190203	0.2749046901056306	-0.9610325073862924
0.10883359851340257	0.06219971994999279	0.992112111947418
0.9820299315568541	0.1480731445327934	-0.11701092852640244
-0.1541832071305559	0.9870185098093718	-0.04496665356264806
0.3444727264192702	0.28172082551733507	0.8955288477894533
0.8538119032964286	0.3025826181165103	-0.4236142030233262
-0.3903124063395941	0.9105367294533423	-0.1363051348035218
0.3677882450658445	0.2629019854838547	0.891972170429119
0.44049853039201425	0.7955013249628111	-0.41609937119020923
-0.8189583942508081	0.5459488877276507	0.17676809801284576
-0.4265090465383299	-0.22411909356622084	0.8762765916764068
0.8970337536901359	-0.22889928801113069	0.3780681958173445
0.11584678658275016	0.947299186026808	0.2986700088582679
-0.7702051483529277	-0.6231059451583957	0.13609926729746594
0.6275192210513708	-0.7784930472715001	-0.012969293003651329
0.11403357690489903	0.07541588995825826	0.9906103103037431
-0.583740265541943	-0.7559368301715598	0.2963221408791388
0.7781925482238833	-0.6250126221928007	-0.06144574833541021
0.23165418250884443	0.1947273244561577	0.9531094422133826
0.03233075995037926	-0.7425368919552617	0.6690244285872159
0.8613598590900688	-0.3188270204498267	-0.3954851756759312
0.5069653983353967	0.5890571238144102	0.6292835527599041
0.989643371802839	-0.059151091363750435	0.13079428518549663
0.140543230774048	0.2138140784098309	-0.9667115082367371
0.029216381197890683	0.9750818879787645	0.219912970980494
-0.7667642627366762	0.031443386214600764	0.6411582323055987
0.10493394586240029	0.9915041427482795	0.07686612985409304
-0.6332941120803408	0.1262174646249833	-0.7635494216015182
0.7438389323701426	0.4201759240634565	0.5197651734464968
0.5513899218236832	-0.825287991284297	-0.12193803981204182
0.3777205273766822	0.3772955397024341	-0.8455621082563543
0.08871906663399554	0.8859508463779782	0.4552142627573711
0.9274637676209376	0.09318401867120507	-0.362115587091553
-0.36323530523060155	0.4543212921121228	-0.8134201107469639
-0.4148102872918662	0.847785596609404	0.33044213977408604
0.9063610437546908	0.41701748855555176	0.06786805288740563
-0.08026259353364418	0.3276522492223384	-0.9413829824565538
-0.9616120141715885	0.17885412719642854	0.2081190413817643
0.26210854267288997	0.3740929692127246	0.8895805541059794
0.0812492834353301	0.9099811270407816	-0.40661148824256554
0.5975958328997484	-0.7295910973221257	0.33252977492121316
0.8001217815057008	0.5158433250665195	-0.3061221957723103
0.05181076394919856	0.4490016644653044	0.8920275500489806
-0.6436845858832938	-0.16910593669998797	0.746373456165928
0.3614047215656806	0.7925085602566599	0.49124007282585247
-0.674578965819633	0.5859465539558498	-0.4490098604496109
-0.7940100750788077	0.4347941011749727	0.42485537569482834
0.47331917284758146	0.003615656611900997	0.8808835834786264
0.38146685477014575	0.9005226352572779	-0.20866725210502035
-0.9738716219706531	-0.14845080883658307	0.17186163410142993
0.1864510390085548	-0.09060976326581849	0.9782769959748326
-0.12965366933827935	0.9847599850505079	0.11592108466730078
-0.5728860687892232	0.5200578880638548	0.6335150710518204
0.6945293357791714	0.7184451129982272	0.0382834344215314
-0.4352362047548123	0.46192684774921644	-0.7727826559900914
0.9338406913938272	-0.3459513535630856	0.09088027324434977
0.3576822269308787	0.9015920146435195	-0.24330076791659974
0.0022333013379589525	0.2597104158460124	0.9656839608620541
0.9975375259966808	-0.0212362369667915	0.06684240022554265
0.06988931422042774	0.3806533165011322	-0.9220729561127401
-0.005862421532068753	0.9244739449417594	0.3812001536432025
-0.852016728194058	0.40895612047827284	0.32683694160980814
0.5116669831447964	0.5184433708083237	0.6851374822795828
0.11074472103443736	0.750980267908727	-0.6509717689537247
-0.3437638728778647	0.46189142472444816	0.8176079203811757
0.7961063089699312	-0.31842119191257656	0.5146092589132524
0.49803729230077143	0.8278068955420664	-0.25825297514399015
0.4376312108409879	0.30734714658357165	0.8449950619884044
0.31815117941510673	0.8260411248016652	-0.46522670513758807
-0.8409867717952688	0.472433901856478	0.26371852047597333
0.15522143026686308	0.41195665557570155	0.8978853053217832
0.9618099990532878	-0.2704470308606237	-0.04218920738515097
0.22545029010188444	0.8701437337736538	-0.4382032054508733
0.03448493803039332	-0.600695547085108	0.7987337784025181
0.9983508710661523	0.057406736041667905	6.998926691992313e-05
-0.045894741425300034	0.7974141498425804	0.6016845904129003
-0.9959852724064544	0.013167457744606773	0.08854352153593809
0.0884801911463911	-0.005317957085109404	0.9960637404840813
0.013586497861451677	0.9998991636105039	0.004131547757903364
-0.5628854721165628	-0.13637741240761792	0.8152061988632798
0.33641682203344353	0.8630971088397168	0.3766790445000099
-0.7549726267441973	0.4862762405233516	-0.4399451679123694
-0.8326431599938848	0.003893729912869792	0.5537961781944367
0.5454741895331348	-0.1670778291125372	0.8213056115552919
0.09572500545086685	0.9859360211932657	0.13699228242869732
-0.929288141159361	-0.012973062462113105	0.36912768841003285
0.2696109969957695	0.6592536920311246	0.7019219898551964
-0.25245486923315097	0.7518086652823878	-0.609138957715551
-0.5777595219637943	0.16877809773153135	0.7985661453544683
0.5266693996825709	-0.6703571660536978	0.5227242230454371
0.6235489381100481	0.7225892496062899	0.29841497639235626
0.30157015001836984	-0.10412130864428537	0.9477416302474526
0.7198430211231208	-0.6269474104690371	-0.2979311488356108
0.6252051419800033	0.7720723396109784	-0.11411762725098074
-0.24852570444528754	0.2185613300402488	0.9436450175998449
0.8101395100446246	0.5809147094192075	0.07881671551805142
-0.5309509850208677	0.7840720919605768	-0.32143740621454686
0.9479499544108694	0.11799195154109568	0.2957512186009626
0.23361889714719572	0.3733998329286612	-0.8977721178921607
-0.2163633398433261	0.9201361117467195	0.3263992050104745
0.9999976636812801	-0.0004664301826516549	0.002110704826896172
0.00046997655101334144	0.9999984783630668	-0.0016799980929970027
-0.0021099180133523814	0.0016809861497607604	0.9999963612591504
0.8967125084151294	0.27570778303467175	0.34625409113244116
0.40421077104604114	-0.8288366955911914	-0.38683767217250137
0.18033393974017026	0.48684181251776343	-0.8546722879339237
0.8656934119647107	-0.5005729262366702	0.001289185694479017
0.5005735601464817	0.865693981146608	-0.0002046675671734722
-0.0010135892532850295	0.0008225116373201957	0.9999991480553532
