-0.13882756146151065	-0.7115513518607103	0.6887826811439485
0.8618413745807162	0.2557880998098703	0.4379519300750683
-0.4878077010866805	0.6544212111941754	0.5777339570249236
0.7707739049076372	0.21788466868721168	0.5986934596807423
0.2585739786235463	0.7518481367365399	-0.6065178289750293
-0.5822774983564301	0.6222946652807311	0.5231656185864285
0.9497542586614068	-0.10150828592097792	0.2960792394679278
0.19635756596140774	0.9298820118180312	-0.31106775851406104
-0.24374280388194633	0.35357532717461465	0.9030913207251696
-0.609676708085229	0.40376925339409103	0.6821031458891956
0.7310518216327642	-0.04616985407265317	0.6807580911471617
0.30636178891267773	0.9136950993567211	-0.26702756356926116
0.5987420098249099	-0.5344339522799457	0.5965637906555042
0.6827586400270356	0.7299731521611263	-0.031302341643748816
-0.41874651656970296	0.4260511093453293	0.8019549906861069
0.22873423736418275	0.8192913243678877	0.5257778756023672
0.9491191774468033	-0.06759328607085946	-0.307577526293529
-0.21645654450750454	0.5693793757185586	-0.7930660066137087
0.947361399401715	0.11361558741585538	0.29932904506541685
0.19610303953389124	-0.9449367025615405	-0.26198898075623667
0.25308096887990866	0.3068975829951627	-0.9174769189154208
-0.9938965796304537	-0.08069559613295856	0.07521841372716911
0.10667344075795206	-0.5292610223637755	0.8417265275867872
-0.028113449374718005	0.844612923753359	0.5346387967525905
-0.9859811914575904	0.06506775895031944	0.1536465972192445
0.07594570219267194	0.9949240035802445	0.06601876565280315
-0.14857099451215777	0.07676205993224047	-0.985917971103391
-0.8903637630580716	0.22037682088483743	0.39835464883663907
0.45439633891163256	0.3766438868229858	0.807256681423312
0.027862817818276236	0.899762990645629	-0.43548848899558656
0.8946794758321073	-0.03572156987505401	0.4452781209204506
0.44400543106647883	0.18060603556990973	-0.8776335437408889
-0.04906946818803001	0.9829066229105297	0.17744508426654648
0.1926427416057268	-0.37605776512001976	0.9063494532461336
0.6853087329557622	0.7126329081915341	0.15002092753027615
-0.7023109814328672	0.5922287526415891	0.3949992277250557
-0.4427093933207562	0.8035649019782366	0.397859072253323
0.864721534048248	0.26523080975068547	0.42650824858640224
0.23720257506783632	0.5328565152718907	-0.8122800456206498
-0.8395648585590776	-0.4845619837093288	0.24562274368705228
0.5209850621483584	-0.8462864370122136	0.11123772537877138
0.15396562373122874	0.22135706555891102	0.9629619079881622
-0.01628338170558763	0.5160128134345058	0.8564260784513958
0.5986129956552156	0.6911014506481001	-0.40502008140928075
-0.8008728568960989	0.5060726837950232	-0.32014544476469364
0.7331031076088557	-0.6666783750763163	0.1345354147421454
0.679932731759757	0.7138109215135662	-0.1678256494391361
0.015852882890910157	0.21450853720436389	0.976593453577532
-0.21721547811425124	0.9189579894767451	0.3291407748129291
0.9622350327210148	0.258263440087404	-0.08604497265155771
-0.16407674384867765	0.29802048434810324	-0.9403523876914106
0.11615042686869681	0.8694701254024221	0.4801362091853894
0.9221750939182521	-0.2739577699063487	0.27302057883024644
0.3689202820326937	0.41105819702401825	-0.8336240064707117
0.9170319411726178	0.011362570499187197	0.3986518667469545
0.057252514671287474	-0.9929910299521678	-0.1033971179402421
0.39468287071140373	0.11764228162606045	-0.9112550274982416
0.8160829044376504	-0.12786198151476919	0.5636133486422458
0.5666396589346696	-0.014842452153444485	-0.8238320208249217
0.11370219877825608	0.99168090396921	0.060338998133879995
0.2099219122263496	-0.6610369367733064	0.7203908376628595
0.9762612458501676	0.10150865402380715	-0.19133732779923873
0.05335513675655912	0.7434555544076852	0.6666536342074872
-0.5055098371361912	-0.3443241149171102	0.7911388679903735
0.8455325959682316	-0.015059115813354174	0.5337113940943579
-0.17185585155520366	0.9387300607296372	0.29874979392255196
-0.2986866206855203	-0.17638772789990748	0.9379092024656612
0.863921442666646	-0.4675440531245567	0.18719588480691318
0.4054948131903114	0.8661927775236701	0.2920342936053648
0.16089530050249967	0.6420368921277956	0.7496007813650487
0.7475719249028921	-0.5751552564533717	0.33216358631108367
0.6443981062768533	0.5069369389982717	-0.5725085331293043
-0.2221932437413494	-0.42693520781004746	0.8765594621974537
0.9098617068759192	-0.4138938123978566	0.0290445592083457
0.3504023926809525	0.8040013932767529	0.48041640564462806
0.9487865578199232	-0.013317320562023172	0.31563700143245244
0.18625577581781122	0.8305792323018204	-0.524830377210984
-0.25517220396180873	0.5567412216119504	0.7905228386854527
-0.08369325768708613	0.02750802639564104	0.9961118145577534
0.845597921412391	0.5308338346531049	0.056387900213824727
-0.5272187344174781	0.8470293669473905	-0.06768794285495772
0.9231664567625518	0.10464279638486762	0.369883195445847
0.10635843707694193	0.855135252137496	-0.507377160911182
-0.3693935245385681	0.5077337744492644	0.7783025364936682
-0.9614780360694457	-0.26110139712573577	0.08594211176733646
0.26614811083180623	-0.9624450981095298	0.05352210968933155
0.06873986657465303	0.07433366359816454	0.9948614663355767
0.20649845269583278	-0.15986014261815584	0.9652994995525118
0.24389269307828793	-0.947012668780757	-0.20900564449738745
0.9475625273813052	0.2785888367663915	-0.1565679300875562
-0.3379010687064916	-0.2426200798526882	0.9093725114711162
0.8378868864800254	-0.5176239232830087	0.17323694614577534
0.4286822054060784	0.8204882515291615	0.37819386017068024
0.6396774887793291	0.19080158982106704	0.7445854307403044
0.49116678349932147	-0.8465936955600089	-0.20502269490224265
0.5912426753338278	0.4968640336750092	-0.6352623323512088
-0.3277135740403636	0.08697142632647681	0.9407655310397111
0.8126281890098961	0.5338623391733712	0.2337229754192624
-0.48191206647705764	0.841086781381728	-0.24562936788734668
0.764258536592474	-0.2626540955328709	0.5890006072537952
0.5031912459085148	-0.328381621836086	-0.7993522880941408
0.40337012691393814	0.9072917593255827	-0.1188032161741508
-0.9903644274444807	0.07020446906761167	0.11937182823221945
0.09470167185877347	-0.2856035525266114	0.9536572781305312
0.10104402109833585	0.9557729559404342	0.2762031181814657
0.7443582370984091	0.2480493782150245	0.6200018716349882
0.6118886977611322	-0.6251859158481063	-0.4844943675393458
0.26743791132884376	0.7400095111498937	-0.6171408971959007
-0.4938200361341625	-0.3963797169322001	0.7739669837384563
0.8604753824228366	-0.09439781138999637	0.5006707195842913
-0.12539492875203506	0.9132207691514292	0.3876905191434842
0.38613279703239956	-0.4604327672299171	0.799314162214668
0.8742154317611297	-0.09385615209688547	-0.4763805218355047
0.2943617535051679	0.8827189187813792	0.36627649187300504
0.7180558082224908	0.5914780519621551	0.3668099921280766
0.6739080324589851	-0.7225688468889866	-0.15408512352845566
0.1739075043383836	0.3578379179916155	-0.9174465675897536
0.6220374258650856	0.7388154444018518	0.259270476407231
0.7759856598459594	-0.5375121600472283	-0.3300408058328465
-0.10447821082201514	0.4064879050041437	-0.9076628705355163
0.472910035467364	0.8098486642009652	0.3471328844206045
0.8405096574177604	-0.29641837431078977	-0.45351919822475795
-0.26438535160204213	0.5062423218804021	-0.8208648472162781
0.6481954976728408	-0.027593792101764325	0.760973836234928
0.6958485730771411	-0.3843927726007812	-0.6066604979053692
0.3092529064425503	0.9227571614513369	-0.22996056367800644
-0.16163915548945695	-0.3523128033909541	0.9218180254147029
0.5650629646462533	0.732771597392514	0.3791432869510028
-0.8090591013009137	0.5821696270174443	0.08063433499773875
0.8890592852039713	0.3199897643102966	0.3273837780484007
0.451056751218771	-0.4900750474449769	-0.7459049906333725
-0.07823934159086107	0.8108224211308198	-0.5800393148907961
-0.22743850380017383	0.6262972194804743	0.745669846420093
0.7933731319218447	0.5631872860690801	-0.23103929179831573
-0.564651043152903	0.5390471905883294	-0.624977860235999
0.10902299503220603	-0.07404383163448447	0.9912777096006404
0.8815370570344249	-0.4536232935753852	-0.13083701540812082
0.4593543334173443	0.888112278106042	0.015817011348653875
0.06595896051076466	-0.6805741206223878	0.7297042427363314
0.9684295107848043	0.21985248470502639	0.11751241470640678
-0.2404031991664082	0.6989161260895971	0.6735893040439898
0.1480532869096447	-0.5143213509551473	0.8447211209546751
0.9827076186098228	-0.019532918881521866	-0.1841309354947705
0.11120234062942125	0.8573750713845374	0.5025355971539707
-0.40372304491802957	0.34734724661027955	0.8463791073002525
0.522585360156401	0.8469025164008467	-0.0982887026270988
-0.7509409060321053	0.40262391631170047	-0.5234326486392584
-0.11507625763044782	0.9646559313882486	0.23705777558907792
0.9931379794932869	0.11673397332042967	0.007080477442727481
-0.02084247148882805	0.23624587511805578	-0.9714697513931876
0.46507093641044694	-0.18527670450362635	0.8656682776182721
0.22989116218825092	0.9695835330456615	0.08401086831135629
-0.8549029638818931	0.15993847321694882	0.4935185985664431
-0.8104687730893905	0.36921103825182633	0.4547786022670668
0.37938624630076623	-0.26069218551729545	0.8877531529248605
0.4463254910542225	0.8920329554692611	0.07120928585502506
-0.6982240923913203	0.14293869163379214	0.701463931530579
0.33062571825029	-0.8047124848977396	0.4930765164568122
0.6349564955457948	0.5761999193715015	0.514610436816509
0.06016757105596304	-0.3244421158788062	0.9439900300518586
0.6729134499464899	-0.685320803874707	-0.27842931716620356
0.7372702030289427	0.6519760035619476	0.1770873753406852
-0.900236920250244	-0.4210470868771701	0.1108730718010699
0.4352850872351647	-0.8644697809476769	0.25143367049572146
-0.01001899441219084	0.2746112679052422	0.9615031311911801
0.4886484855730744	0.5411357101649106	0.6843937468529784
0.8667883703977577	-0.21163628226433007	-0.45153959402529925
-0.09950165069153621	0.8138686793418519	-0.5724658891986567
-0.5881417695563214	0.1912881783945262	0.7858104680580827
0.4326523383815518	-0.7464887362324526	0.505535874860579
0.6833016998340736	0.6373095005447352	0.3562799285944773
-0.3440163749339251	-0.8884652744653753	0.30377983778797185
0.9362222924822402	-0.3492684269421087	0.03872189304106832
0.07169764875238217	0.2977264214183055	0.9519550541663349
0.6463170234266209	-0.35631632968288396	0.6747688333275856
0.5485392714504499	-0.39776326609019574	-0.73545159720125
0.5304516687744156	0.84547209140845	-0.06162767027771876
0.7615169514500806	0.5209334985335223	0.38564261014545603
0.5839128425988771	-0.8096437726547072	-0.05935278973689692
0.28131428136920916	0.27037982821778317	-0.9207372174462418
-0.6917335141797061	0.3459187638829159	0.6339124183625919
0.6253233843671917	-0.15215256078145356	0.7653889620390454
0.3612138014032072	0.9258454552685137	-0.11106206658658424
-0.8967983011190848	0.09712039179541328	0.43164851048906483
0.1922853489963165	-0.7931016111364046	0.5779413283147377
0.39847101735419566	0.601296485862294	0.6925773490508971
0.564215926090323	-0.14979147355894845	0.8119254295777895
0.3812163838933896	-0.8250355327028887	-0.41712161107872153
0.7323485900834977	0.5448659323418003	-0.4083952232531787
-0.4443402450659375	-0.40157360090267236	0.8008123311193471
0.4671253139792402	-0.8666223059436899	-0.1753844915624992
0.7644316108420282	0.29614932365092655	0.572660362210063
0.8098803299381164	0.13071198380113744	0.5718463329165441
0.1704314406864049	0.8803697996235271	-0.4426083369485794
-0.5612904552946577	0.4559203803314805	0.6907167520724498
-0.622264333787719	-0.02881436381832575	0.782276697424557
0.5307692899830108	-0.7500634412263043	0.39457419447638165
0.5753877472684461	0.6607378955179581	0.4820315069783747
-0.5900301310675367	0.3829666817309057	0.7107749046754847
0.5132443743415191	0.8574887971039268	-0.03596074315198852
-0.623253284499334	0.34358329925256825	-0.7024997223028007
0.5664151614683209	0.038919670321255095	0.8232005370023155
0.48570331569397496	-0.8227342169450997	-0.2952976420353072
0.6657823623247275	0.5670922918977284	-0.4849125472572211
0.9281050162165482	0.33752763811688097	0.15715015870472682
0.35477130974658017	-0.929776647185123	-0.09824817621660133
0.11295307279741024	0.1469369928113139	-0.9826754924639118
0.6836389934062043	0.30323558406229933	0.6638417787793625
0.729795349368809	-0.27651069285534957	-0.6252524168496374
-0.006039431613154733	0.911915575749779	-0.4103334107414838
0.20443923712827572	-0.16212544143457874	0.9653600051597601
0.7964002681344556	0.6009652890389571	-0.06772986258431307
-0.5691671206576993	0.7826596083930522	0.25197763026161357
-0.31532585437613037	-0.25254737200931604	0.9147619528889206
0.28116341068083556	0.895797001766337	0.3442308355170422
-0.9063756076022145	0.36574247294733125	-0.21146087445692507
-0.1662462882205773	-0.04789709145276749	0.9849203217942281
0.07321553207841829	-0.9966622087403989	-0.036109936737456105
0.9833624242950075	0.06610832246452943	0.1691982038485368
0.5542883497488602	-0.28741824861599913	0.7811243023329877
0.8319164141312472	0.16192075360556413	-0.5307511181814066
0.0260673211453053	0.9440192900117654	0.32885874605062526
0.1718591182615925	0.3919971265539695	0.9037713738793564
0.8788110443457113	0.35354913348166084	-0.32045929312530047
-0.44514670818321067	0.8493181164839227	-0.2837307618251037
-0.4661024440641941	-0.20115336874357545	0.8615601162313027
0.6338341657026293	-0.7553239311086504	0.1665533232410161
0.6172542118328854	0.6237171485037795	0.4795562080057745
0.16858297141080503	0.44835325424434713	0.8778149811656255
0.8133934937594016	0.43974109815383655	-0.38081332816004765
-0.5567502187338393	0.7782076368187103	-0.2905547589299826
0.26004275798690657	0.3707605109702486	0.8915797258370355
0.52267005738032	0.7223335759836964	-0.4528247079440989
-0.8119074917357372	0.5837558124007723	-0.005947802257831647
0.28128938053862484	0.24924835862940425	0.9266884806215865
0.7688905379828306	-0.6363443066942824	-0.06223555204419878
0.5741808295273101	0.7300282042896156	-0.3706416003972155
0.948663121188402	0.23469042190335532	0.2120346395377521
0.29948969101493383	-0.8821055515374214	-0.3635872947761521
0.10170647704477244	0.40842404656641623	-0.9071083676791072
0.7545195298748003	-0.03641068279286691	0.6552667710299886
0.5607901992947562	-0.48287835921006605	-0.6725643780200834
0.3409026714657102	0.8749301414313895	-0.343922398518024
0.6066913845931907	0.04539376593775393	0.793640327777253
0.3345025190404489	-0.9202553580708477	-0.20307176243261887
0.7211335719656875	0.38867657757560375	-0.5734953264222162
-0.7368803852386123	-0.2092645972149348	0.6428185017585178
0.5234974339680425	0.4250074099347054	0.7384572689935879
-0.42773558944687945	0.8806685130360142	-0.20363014429957627
-0.760641886195611	-0.40002203607687126	0.5112790741050306
0.45359890378691614	-0.8909286974928947	-0.022228145827354134
0.46440494769983987	0.21500796877448158	0.8591272419818734
0.03489757743116362	-0.9284078563869779	0.36992027693595386
0.9831401636190781	-0.03458711764566136	-0.17955263844348812
0.1794925563038443	0.3699494336958796	0.9115480452173704
-0.6332043443313633	-0.5580783687101114	0.5362842461771082
0.6251407157911104	0.03976317934562146	0.7794985407481569
-0.4563456406936155	0.8288349799243446	0.3236992929768996
0.9898064265798071	-0.0023477081132741995	0.14239988120756217
0.14048474235501066	-0.14814375261686363	-0.9789369058964116
0.02339391089064042	0.9889630512952484	-0.1463038212284027
-0.4724540424582184	0.8510648093248363	0.22907611855836935
0.8808773103860856	0.447410294987323	0.15452893575745758
0.02902312546683948	0.2747957755647576	-0.9610644827064934
0.10883959658308484	0.062117059977414735	0.9921166327984798
0.9820309818247994	0.14807164095097813	-0.11700401652210457
-0.15417228334513183	0.9870239409486717	-0.04488481973119063
0.34446296816153443	0.28194567679531984	0.8954618355361521
0.8537936639018378	0.30252955726638553	-0.42368885571994963
-0.3903609138302928	0.9104847622649341	-0.13651320315978532
0.368073498113365	0.2627787131794762	0.8918908273361317
0.44049264354476225	0.7954740286321176	-0.416157783484505
-0.8188333963447862	0.5460479994208638	0.1770408183412362
-0.42664155390361547	-0.22390205989082107	0.876267568759312
0.8969591889044386	-0.228947724280681	0.3782157492577339
0.11593618038645276	0.9473388027117566	0.29850962288351024
-0.7702531472515877	-0.6230352623581898	0.13615120641142126
0.6274573094714229	-0.778543747453321	-0.012921226420978413
0.11405005015302243	0.07547645433908974	0.9906038011740579
-0.5838102500082791	-0.7559158285395668	0.2962378303806091
0.778132600573709	-0.6250795556657425	-0.061524019806207156
0.2316791917925885	0.19459395995780054	0.9531306011446044
0.03242794424318651	-0.7424431481734574	0.66912375549105
0.8612976999209344	-0.3188879079368936	-0.39557145281546674
0.5070647892952819	0.5891423205829953	0.6291236965454525
0.989660239121986	-0.05925715095379685	0.13061853299533102
0.1403981009460561	0.2139198566607039	-0.966709195247984
0.029342534855640624	0.9750522473114469	0.22002756795716005
-0.766671933689862	0.03144138838538526	0.6412687308676818
0.10510209645922006	0.9914725697750336	0.07704344685674384
-0.6333780035745832	0.12646573638772862	-0.7634387481047742
0.7437023142752848	0.4201370593237321	0.5199920375586459
0.5515445950953137	-0.8251563553596	-0.12212923004263573
0.37776371896032007	0.3776265888314374	-0.8453950153891374
0.08871050837834371	0.885902368457297	0.45531026703228183
0.9273925131595485	0.09332020670587093	-0.3622629784507251
-0.36341927884865	0.4543878657954298	-0.8133007409187591
-0.41464799896890603	0.8478173025713421	0.3305644542471782
0.9064231903317067	0.4169062796473276	0.06772114898253448
-0.08039923494643589	0.3277117261424699	-0.9413506188284733
-0.9616379913989177	0.1788090677081651	0.20803771485861056
0.2620311952252538	0.37427797570726573	0.8895255193805833
0.08119129403501729	0.9099139048315552	-0.4067734745126721
0.597490650580838	-0.7297178867360696	0.33244056347854356
0.8001890972683816	0.5157045505447994	-0.30618005349826277
0.051983950227926956	0.44895503374484064	0.8920409444604376
-0.6436964643300511	-0.16926342245929593	0.7463275123070011
0.3614344079639391	0.7923723010545008	0.4914379973723564
-0.6745517256287673	0.5860853439039073	-0.44886962373532335
-0.7940298786265789	0.43465693223076884	0.42495870753756515
0.47337293275257253	0.0035551601707694003	0.8808549411642016
0.38135891019548696	0.900589091706033	-0.20857773015020964
-0.9738620652204169	-0.14833992439468677	0.1720114669293976
0.18659231855930627	-0.0906392761087691	0.9782473246991994
-0.12952213934029574	0.9847739783610536	0.11594924304908616
-0.5729082536739436	0.5201135047492318	0.633449346869774
0.6945266517919404	0.7184498986475252	0.0382422944400273
-0.43521128526607555	0.4618567800853764	-0.772838567791631
0.9337895140593963	-0.34609922572401564	0.09084310312815973
0.3578156045206575	0.9015690783716344	-0.24318961755313126
0.002266405575583899	0.25959299466156377	0.9657154552601963
0.997547662737584	-0.021013547342688402	0.06676145141367135
0.06972929494389926	0.3807020205254523	-0.9220649635434939
-0.006040363681941031	0.9244589782115347	0.3812336706151166
-0.8520418444555395	0.40895703136046335	0.3267703196400164
0.5116245578895051	0.5185146463620418	0.6851152262739567
0.11074749234709512	0.7509305613762723	-0.6510286360291273
-0.343682907290779	0.4616757054237063	0.8177637814538387
0.7961608732421898	-0.3185509205950616	0.5144445304464546
0.498005946906653	0.8278773182118003	-0.25808762627457726
0.4377159684813995	0.3072484934234249	0.844987037903793
0.31830852379398283	0.8259808080182752	-0.4652261691538564
-0.8408831159064177	0.4726034998542782	0.26374517494923255
0.1552119391003276	0.41196371635956625	0.8978837064809291
0.9617838166289898	-0.27055010647997824	-0.042125170079734375
0.22556849077672653	0.8701083474412181	-0.43821264208352373
0.03460445682328339	-0.6006828198908369	0.7987381807926537
0.9983436643734931	0.05753197027949597	1.4179756301468949e-05
-0.04596149881446221	0.7974147116047907	0.6016787501175163
-0.9959922065077391	0.013340190503421397	0.08843960590808886
0.08837537162488895	-0.005331256205529655	0.9960729749357895
0.013759297438765208	0.9998968031875108	0.004130945338316705
-0.5630453272513811	-0.1362925282036786	0.815109996390815
0.3364178438179865	0.8630880909061422	0.37669879439261245
-0.7548529617225079	0.48631604342427404	-0.440106478124235
-0.8325776421475244	0.0038938079647249935	0.5538946723480935
0.5455643990765604	-0.1671492072686045	0.8212311665844814
0.09578077185061445	0.9859239224042646	0.1370403698721283
-0.9293244775302663	-0.012954610396126692	0.36903684576554424
0.2695694686169604	0.6592066382047671	0.701982129214369
-0.2523654434598112	0.7518502418808243	-0.6091246971935049
-0.5777906857043162	0.16872261768590904	0.7985553216869519
0.5267340763455494	-0.670294882293887	0.522738924882226
0.6234654251277592	0.7226599816316378	0.29841818747928794
0.3015836200481521	-0.10413680029556177	0.9477356419080449
0.7199014378808517	-0.6268651635510283	-0.29796306224635405
0.625131378076428	0.7721370302934218	-0.11408403303670989
-0.2484420966485248	0.21865776553567062	0.943644692765149
0.8101699276756319	0.5808881440477478	0.07869976108492499
-0.5309437003138338	0.7840648861387114	-0.3214670145152423
0.9479563843876467	0.1180603621284475	0.2957033043318927
0.2335396151563392	0.37344626468802367	-0.8977734321883175
-0.21642075097210317	0.9201084926706538	0.3264389993000354
0.9999970601762049	-0.0005183927252034529	0.0023687355128815986
0.0005228940985308454	0.9999980580922252	-0.0019001035604298427
-0.0023677459131528295	0.0019013365722808488	0.9999953893386357
0.8966359902267513	0.27557209919440007	0.3465601234644353
0.4042819360326577	-0.8287237416481841	-0.38700526640643945
0.18055474856059306	0.4871108479332244	-0.8544723544960338
0.8656441647229063	-0.5006576085647241	0.0014625551043844394
0.5006584299547712	0.8656448927691516	-0.000236934395199839
-0.0011474303488163626	0.0009373414189103415	0.9999989023967272
