-0.1389984497701795	-0.8617650942516366	0.48789379304409597
0.7115587431269987	0.25573993372444737	0.6544319990481373
-0.6887405796386713	0.43813012750561153	0.5776490330043873
0.7710090170750998	0.21774692479960844	-0.5984407843130363
0.25871967223814485	0.7515771135262541	0.6067915404984904
0.5819013892283428	-0.6226701527806339	0.5231373185409992
0.9497447571069811	-0.19609453461670406	0.24399145444310066
0.10115201708765283	0.9299036011313135	0.35362064708118235
-0.29623160835214835	-0.3111691278010612	0.9030064275057106
-0.6094471119496419	0.7312370015431775	-0.30637667226860466
0.40373330143419744	-0.046336619001981605	-0.9137025440768505
-0.6823295677671344	-0.6805478420461035	-0.26698501013560194
0.5985749489861316	-0.6827252399219569	0.4190397084045334
0.5342746150850143	0.730007684311895	0.4261917602691826
-0.596874078949664	-0.031225432248266877	0.8017270771646041
0.9634326640568569	-0.10370383964409811	0.24706884763437614
0.10370383964409811	-0.7058991014918203	-0.7006796501655457
0.24706884763437614	0.7006796501655457	-0.6693317655486772
0.9597196488475327	-0.041490253704483386	0.2778790284701351
0.041490253704483386	-0.957263501851151	-0.2862256921927319
0.2778790284701351	0.2862256921927319	-0.9169831506986836
-0.9938989313556652	0.08058262104766295	0.07530840215511608
-0.10669228308543166	-0.5293575111051771	-0.8416634613469633
-0.02795837942524667	-0.8445632401553018	0.5347254084091126
-0.9859557001790293	0.07600672042541083	-0.14870889594995407
0.06511418649897814	0.9949180828224652	0.07679942180411647
0.15379044183907242	0.06603776891327981	-0.9858942707389571
-0.6620131054642848	0.3606983772163466	-0.6569895957068329
-0.3606983772163466	-0.9217194383734046	-0.1425831602893884
-0.6569895957068329	0.1425831602893884	0.7402936670908801
0.9475290933660198	0.24647528801183524	-0.20356460798589593
-0.24647528801183524	0.15778574256948885	-0.95621838083216
-0.20356460798589593	0.95621838083216	0.2102566492034691
0.1925392477368918	0.6852060720467845	0.7024395183296058
-0.37587461384153564	0.7127353390745506	-0.5922217583842745
-0.9064474131191441	-0.15000325084644742	0.394781093753373
-0.44260626418779014	0.8035566094813784	0.3979905404158742
0.8648205591871514	0.2651961052032147	0.4263290116708787
0.23703395391578586	0.5328862928841733	-0.8123097337513641
-0.8395292693722427	0.5210276652768995	0.15401551182725728
-0.48457575235842915	-0.8462545925491931	0.22144865051668755
0.24571720756506074	0.11128044125318204	0.9629328726868379
-0.01624459043433424	0.5985265671036534	-0.8009382384133853
0.5160105568397603	0.6911455349604914	0.5060147771894582
0.8564281747534591	-0.40507258358878384	-0.3200734033204984
0.7348596771132174	-0.6740208683312977	0.0753466920772337
0.6740208683312977	0.7134479056211623	-0.19154100088153597
0.0753466920772337	0.19154100088153597	0.978588228507945
-0.21733463610147652	-0.9189303231200426	0.3291393583288593
-0.9621921482377475	0.25840511965338686	0.08609915218251431
-0.1641704170070475	-0.2979829783518064	-0.9403479243303083
0.11616818317619226	0.9222204739709228	0.3688012345510644
0.8694204227514948	-0.27394669356402845	0.4111706915478639
0.48022190882981886	0.2728783730422456	-0.8336212040283419
0.9177431147495622	0.022901270186012384	-0.39651369100402994
-0.022901270186012384	-0.9936240209614557	-0.11039400704864372
-0.39651369100402994	0.11039400704864372	-0.9113671357110178
0.8162396114015993	0.12785305600414368	0.5633884031903459
-0.5664355494582786	-0.014637229263837037	0.8239760432375302
0.11359430042420474	-0.9916851050559746	0.06047302970131663
0.20960861331457592	-0.6609345352423577	-0.7205759983154514
0.9763343227875396	0.10134110545427066	0.19105305674681755
-0.053249595034487174	-0.743569445626483	0.6665350404587804
-0.295793673419509	0.8473887969385179	-0.4409516181942004
-0.8473887969385179	-0.44584713762185757	-0.2883618502810098
-0.4409516181942004	0.2883618502810098	0.8499465357976516
-0.29871121384620736	0.8639475988959171	0.40542096280841866
-0.17632687299870803	-0.4674655359667832	0.866247543454979
0.9379128128888223	0.18727124457659783	0.29197437622796474
0.1609173794769203	0.7477038401236661	-0.6442395241263954
0.6420249169274447	-0.5750644582936628	-0.5070551004099304
-0.7496062986839085	-0.33202384895025255	-0.5725823615006593
-0.15274769347727846	0.7282166472457186	-0.6681082672827633
-0.7282166472457186	-0.5399691638279147	-0.42205902050446403
-0.6681082672827633	0.42205902050446403	0.6127785296493637
0.9486860981204084	0.18622908406524666	0.2555648948531354
-0.013050142566889245	0.8305573949155403	-0.5567801249417001
-0.3159499659947105	0.5248744059290096	0.7903685703446277
0.5812517416856198	-0.7059304483594174	0.4047327696968772
0.7059304483594174	0.1900653627239569	-0.6823029825317216
0.4047327696968772	0.6823029825317216	0.608813621038337
0.9231547861670366	-0.10499009080135886	0.36981390132121217
-0.10610417782522062	0.8550301871346956	0.5076074098517884
-0.3694957973034697	-0.5078390098465555	0.7781853223064178
-0.9614721003127593	-0.26616505831098697	-0.06875726910284362
0.26108621078351296	-0.9624212644600483	0.07469471369400502
-0.08605458069666587	0.05386530840375145	0.994833221043452
0.20648501877267322	-0.15987790228128704	0.9652994319819027
0.24383246875141637	-0.947027382737657	-0.2090092426847508
0.9475809539058065	0.27852862098391024	-0.15656354329077682
-0.3378291532218849	-0.24267305466341632	0.9093850954209173
0.8379615333397892	-0.5175173436338969	0.17319430614470105
0.42859296760004545	0.8205398147429785	0.3781831309634853
0.6395862203155911	0.4912255550654824	-0.591292584794554
0.1907782161111042	-0.8465589874053161	-0.49693214134401775
-0.7446698188055434	0.20502520550872452	-0.6351625981323399
-0.3277927901738913	0.08686207975987625	0.9407480352410013
0.8126013222434142	0.5338476986819489	0.2338497930301457
-0.4819034942789585	0.84110737347367	-0.2455756675445553
0.7643474551690463	-0.26247086370711187	-0.5889669035535405
0.5031460509029461	-0.32846049127230836	0.7993483327898573
-0.40325800579451965	-0.9073162355970475	-0.11899676207624488
-0.9849870598041783	-0.023767998597918016	0.170984134529989
0.023767998597918016	-0.9997154048160866	-0.0020473436588427526
0.170984134529989	0.0020473436588427526	0.9852716549880917
0.7444002822644608	0.6117834341316333	0.26756167417381904
0.24803402694290005	-0.6253742154686033	0.7398555346184269
0.6199575318060746	-0.48438426930396405	-0.6172718513003694
-0.49387528485798793	0.3963363285261262	0.7739539506307029
-0.8604375804809471	-0.09435474697615454	-0.5007437985828282
-0.12543672947958917	-0.9132440508503172	0.38762214911427295
0.38603573936860935	0.8742830799245024	-0.29428813106861307
-0.4603020023964709	-0.09390462986535564	-0.8827819589681529
-0.7994363480102279	0.4762468022439379	0.3661837091303942
0.7180453295788413	0.673895983874976	0.17399743557648026
0.5913257164202347	-0.7225386957318696	0.35815042966634236
0.3670760163373651	-0.1542790850610266	-0.9173075613678456
0.6219689112755197	-0.7760402824920202	0.10448039699604084
-0.7388592903643191	-0.5374411899697957	0.4065020496457366
-0.2593098965505938	-0.3300279492309031	-0.9076562842163134
0.47294239035150165	-0.8405427060320693	0.2642223585257204
-0.8098004955032317	-0.29649970859724895	0.5062717454929391
-0.34720117063646017	-0.4534047663380187	-0.8208991807589037
0.6481149390888434	-0.6958286499660212	-0.30946650160611766
0.027680191533698384	-0.38457485782348333	0.9226787012425862
-0.761039310894334	-0.6065679422921327	-0.22998804024767328
0.5340146614082242	-0.8391574077034359	0.10316582039371837
0.8391574077034359	0.5111744868017161	-0.18578344689301968
0.10316582039371837	0.18578344689301968	0.9771598253934919
0.8889905388894205	0.4511829342243423	0.07829292196495562
0.3200953610987374	-0.49000040963483893	-0.810825849588405
-0.327467222127905	0.7458777100989161	-0.580027292469441
-0.22769272090707426	0.7934640294246352	0.5644208171702699
0.6263655640394411	0.5631545054494455	-0.5390020252072746
-0.7455348449478981	0.2308069258085906	-0.6252247259724313
0.10920463966363436	-0.07364786529616174	0.9912872129777799
0.8815359315775608	-0.45363137624736294	-0.13081657319164758
0.4593133440404469	0.8881410734907165	0.015384588559338885
0.06606163547029431	-0.6804827160506985	-0.7297801953158598
0.9684150381790926	0.21995732580758598	-0.11743546590430975
0.2404333049882583	-0.6989721367692993	0.6735204361209712
0.14795331146496637	-0.5144092871942951	-0.8446850909509462
0.9827322676262005	-0.019491670689967044	0.18400370903865032
-0.111117540437219	-0.8573232529343711	0.5026427480678615
-0.40363310493798443	0.347233417392162	0.8464687061222542
0.5225339969238946	0.8469376719927666	-0.09825885109348759
-0.7510249920321306	0.40264815112655544	-0.5232933476908581
-0.11488510101465521	-0.9931676094644726	0.020482018344819802
-0.964657973517774	0.11646191307620479	0.23637177693458294
-0.2371421676830889	0.007397453160075326	-0.97144679215761
0.9606282790742225	0.2777424404640237	-0.007241975420136382
-0.2777424404640237	0.9592962009543778	-0.05108752880680523
-0.007241975420136382	0.05108752880680523	0.9986679218801553
-0.6993343909722849	0.00798933813215259	-0.7147500122977501
-0.00798933813215259	-0.9999624385146746	-0.00336036247988821
-0.7147500122977501	0.00336036247988821	0.6993719524576103
-0.6667846679990801	0.10365732907786515	-0.7380063445864132
-0.10365732907786515	-0.993553551290788	-0.045896610396699664
-0.7380063445864132	0.045896610396699664	0.673231116708292
0.060445115125625004	-0.32424587848842457	-0.9440397228616599
0.6727993055318557	-0.6854072294512832	0.2784924133468786
-0.7373516681565877	-0.6519827759221756	0.1767228829764601
-0.900326105147599	0.42084057980789924	0.11093291115221973
-0.4351003207508326	-0.8644820716142041	-0.2517110620138437
-0.010030716438902694	-0.27488898530964395	0.961423647765727
0.48840027245073625	-0.8669450335253199	0.09935533561831866
-0.5412121076204517	-0.2116291114701796	0.8138197427829899
-0.68451050279384	-0.4512420946943281	-0.5725608644858644
-0.5313469494028642	0.1374403428829229	-0.8359309609701598
-0.1374403428829229	-0.9876645538366462	-0.07502587049067531
-0.8359309609701598	0.07502587049067531	0.543682395566218
-0.343907545753418	-0.888566335035685	-0.30360742450590983
0.936276976739571	-0.34911174403603473	-0.03881253667988249
-0.07150540400046562	-0.29760856576612366	0.9520063648848999
0.6534196732611004	0.4544625005129023	-0.6053978577951172
-0.4544625005129023	-0.4040741829872061	-0.7938437442411334
-0.6053978577951172	0.7938437442411334	-0.057493856248306496
0.9300950462658409	-0.0345044901208343	0.36569474302106725
0.0345044901208343	-0.9829688773841934	-0.18050381230201165
0.36569474302106725	0.18050381230201165	-0.9130639236500344
-0.4752557295223989	0.2379411225751775	-0.8470631698662129
-0.2379411225751775	-0.96162293988808	-0.1366211684501001
-0.8470631698662129	0.1366211684501001	0.513632789634319
-0.8967127622805167	0.19266276524038667	0.3984812176918417
0.09674395212438469	-0.7932086002423042	0.601216037900686
0.43191067327701	0.5776687419201182	0.6926413176513713
0.5644712063783061	0.14966831728752733	0.8117706892775447
-0.38136261725685666	-0.8248923364334693	0.4172711198397667
0.7320756868854614	-0.5451165270780668	-0.40855007107761887
-0.44358506336086134	-0.4349544905866355	0.7836114360329748
0.4349544905866355	-0.8689475156794497	-0.23610338013893944
0.7836114360329748	0.23610338013893944	0.5746375476814116
0.8098172411018799	0.13085093263773712	0.5719038987819318
0.1703989017094234	0.880328340780381	-0.4427033168105743
-0.5613913521870122	0.45596057488196917	0.6906082129854395
-0.6226202821355631	0.5307009360619697	-0.5750656490665927
-0.028942599340831876	-0.7500003399820896	-0.6608039164306965
-0.7819886893151514	-0.39478602620875525	0.48232528784366235
-0.5900292674662104	-0.3830439600579322	0.7107339785013975
-0.5133951997291791	0.8574016970520186	0.03588452016336294
-0.6231298680277844	-0.34371449570167356	-0.702545025614886
0.5664596098718813	0.48576370856626955	-0.6657004805644505
0.03895106951739752	-0.8226804501030291	-0.5671681330978751
-0.8231684666987961	0.2953480937101547	-0.48493626279597923
0.9281113445504232	0.3547445463588405	0.1129851270985076
0.33746095615539057	-0.9297646119683047	0.1471661285830289
0.15725595437850695	-0.09845848444947475	-0.9826375179344704
0.6837224672265869	0.7297170446639606	-0.006051655681233004
0.3030862192755085	-0.2764191842017105	0.9119929705269331
0.6638240214807439	-0.6253842573427607	-0.41016118681925096
0.20454639411900577	-0.1620552836728974	-0.9653490859200153
0.7963557808604544	0.60101118799648	0.06784557607682162
0.5691908668830241	-0.7826388930642002	0.2519883333017525
-0.3153281894731659	0.280924562108238	-0.9064488531229273
-0.252663481084309	0.8958492994486982	0.3655341270027134
0.9147290846201046	0.34428973711333816	-0.2115071598516094
-0.16629251540858814	0.07332138279708995	-0.9833467212249234
-0.04788869466254403	-0.9966555086250712	-0.06621533093490184
-0.9849129262237359	0.03608007694037724	0.16924761683809408
0.5544086123702328	-0.8318278996714388	-0.02633317029747717
0.2875699734945965	0.16177965301301722	0.9439972744745108
-0.7809830989682364	-0.5309328481071695	0.3289007599972661
0.17187257311310655	0.8788138197429733	-0.44513603408423896
0.39179386068603805	0.3536067989405567	0.8493878987080885
0.9038569518127353	-0.32038804904642987	-0.28353854885714114
-0.43335863662793983	-0.4429700802866163	0.7848425319966051
0.4429700802866163	-0.8631030036622545	-0.2425504340133479
0.7848425319966051	0.2425504340133479	0.5702556329656854
0.16874850592137913	0.4484281240867468	-0.8777449283689105
0.8133970647489007	0.4396032107309712	0.38096486999839535
0.5566948507101313	-0.7782424009542674	-0.2905677348739233
0.2600342353101457	0.5228827148661682	-0.8117732829804473
0.3709057914735685	0.722109955394112	0.5839401563277519
0.8915217834231722	-0.45293584403853376	-0.006166917144533102
0.28119519706834994	0.24915851016462037	-0.9267412249156929
0.768895104197616	-0.6363405087020606	0.06221796947619507
-0.5742208459178658	-0.730062184883829	-0.3705126533817986
0.9487106790790992	0.2993496510410545	-0.10167513866660444
0.23457595272535625	-0.8821440526002666	-0.40840665134761156
-0.21194850743580562	0.363609209019212	-0.9071197127789459
0.7545003420510827	0.5608359562895591	0.34086986369811983
-0.03642226486840244	-0.4827995763613868	0.8749731354088086
0.6552882209124891	-0.6725827824127237	-0.3438455297590821
0.6067689007046395	0.045373739271727026	0.79358221056308
0.3345264911116228	-0.9202266154905545	-0.20316250364509922
0.7210572292697915	0.38874696130941133	-0.5735436096675395
-0.7369753261877374	0.5236147511033358	-0.42742831096859973
-0.20897554050354689	0.4248731678037412	0.8808019157288797
0.6428036963659503	0.7384513414622563	-0.20369836580312972
-0.7606747895127399	-0.4536668598940214	-0.46428465927020157
0.40011848045062276	-0.8908937016034517	0.21497351940456466
-0.5111546402035625	-0.02224393573984805	0.8592008735570327
0.034923069796869655	-0.983149179454117	-0.17943820700915364
0.9283309792934	-0.03458032426637625	0.37014293733338954
-0.37011075650421216	-0.1795045740707718	0.9114801894761897
-0.6333463414329072	0.5578831649753513	0.5363196677641391
-0.625178469088824	0.039603324213245306	-0.7794764002194133
-0.456096802862403	-0.8289740351472691	0.32369392251067775
0.9939800326431454	-0.0715049887775619	0.08301042878248735
0.0715049887775619	-0.15066592275498225	-0.9859953429404777
0.08301042878248735	0.9859953429404777	-0.14464595539812763
0.8859613953357918	-0.05318290818046001	0.4606994511089911
0.05318290818046001	-0.9751976821282611	-0.2148512486562167
0.4606994511089911	0.2148512486562167	-0.861159077464053
0.5210458321243354	-0.6309370212236786	0.5748301628091991
0.6309370212236786	-0.168852572019063	-0.7572366104276382
0.5748301628091991	0.7572366104276382	0.31010159585660146
0.3444796395259727	-0.2820525569618586	0.8954217626701584
-0.8537582409649367	0.3025431965367884	0.42375049287730554
-0.39042367235672715	-0.910447126054325	-0.1365847236073905
0.3682341668346225	0.2627641398502428	-0.8918287981358157
0.44046084725937856	0.7954520314132344	0.41623347745238987
0.8187782608296106	-0.546087055815573	0.1771753003765405
-0.4270490871705699	0.2240358351268194	0.8760348290597881
-0.8967521709141868	-0.22925887646366827	-0.37851804649621407
0.116037153995937	-0.9472319209895987	0.2988094154321077
-0.7703204391530172	0.6273651167564731	0.11410272258031237
-0.6229618889356778	-0.7786159302350508	0.07533736203172159
0.13610623041137757	-0.013047737786429408	0.9906083234971639
-0.5837330451279368	-0.755982707181703	-0.29621930806058205
0.7781416031662464	-0.6250445978807331	0.06176484503321479
-0.2318434330481035	-0.19444638618996396	0.9531207821940161
0.03243638373186741	-0.7423948652313559	0.669176916135424
0.8612497126586582	-0.31896640685616484	-0.39561264355761744
0.5071457516885831	0.5891606702550543	0.6290412475894068
0.9896655564213197	0.1403198692044591	0.02953676928377926
-0.05944374158233785	0.21401444466979358	0.9750201326431019
0.1304934022085866	-0.9666996181747066	0.22014386251018836
-0.7665883601191332	0.1050496571983496	-0.633487849648569
0.031175957203396894	0.9914531055708812	0.12668385511306104
0.6413815914276857	0.07736477865517558	-0.7633114339516509
0.7436409366606496	-0.5516467170570756	-0.3777354323896853
-0.4200658597075295	-0.8250519174301145	0.3779338659779854
-0.5201373192058476	-0.12237333494288094	-0.8452703331268121
0.08870831938473978	0.9273344697427461	-0.3635678964084631
0.8859029668660423	0.09339446431116982	0.45437144203170804
0.4553095291885282	-0.3623924050845569	-0.8132434920533651
-0.4146892969071836	0.8477717112562354	-0.33062957009968114
0.9063778632399281	0.4170470067512808	-0.06746082706592901
0.08069669174909118	-0.32765060621563225	-0.9413464421706181
-0.961703911247417	0.26174249798847177	-0.08134157509032786
0.1788565587504744	0.3744073309550374	-0.9098513515509351
-0.20769188352788048	-0.889556077644282	-0.4068833570481367
0.6077071223113564	0.7702305231562168	-0.19348641991248555
-0.7702305231562168	0.5122758850400445	-0.3798925621869158
-0.19348641991248555	0.3798925621869158	0.9045687627286881
0.27765711125753856	0.952037700600068	-0.12857194563455154
-0.952037700600068	0.25477221066270783	-0.1694560040546573
-0.12857194563455154	0.1694560040546573	0.9771150994051693
-0.7939081795318637	0.4731839119718391	-0.38184655023114866
0.43515582125634694	0.0035481431841449806	-0.900348167047981
-0.4246754215858466	-0.8809565234056512	-0.20872563371543973
-0.973868995725784	-0.14827972133173548	0.17202413611419992
0.18658388421729968	-0.09053248122531787	0.9782588225994047
-0.1294821737322911	0.9847928686200824	0.115833382928197
-0.572989272769638	0.5202117986859852	0.6332953322098731
0.6944856947653718	0.7184941003086487	0.03815557086356114
-0.43516998179697586	0.4616772815826629	-0.7729690644607081
0.9337985101219042	0.3577924911458554	-0.002208115430637002
-0.3460553037539476	0.9015631947606726	-0.25967197114184754
-0.09091792583355085	0.24324542982874822	0.9656943572526209
0.9985104869505832	-0.04533973242699747	0.030349894780005143
0.04533973242699747	0.38010965218242343	-0.9238295086114133
0.030349894780005143	0.9238295086114133	0.3815991652318401
-0.8520707368574534	-0.4088699307979269	0.32680397653715215
-0.5115988153973153	0.5185683203884197	-0.6850938250879196
0.11064407564465718	-0.7509409276226938	-0.6510342631120944
-0.03359368114512873	-0.2463299970265421	0.9686036326341252
0.2463299970265421	-0.9412936935064562	-0.23084132023941834
0.9686036326341252	0.23084132023941834	0.09229998763867253
0.4378162064908879	0.307091628874089	-0.8449921306197987
0.3182916556983085	0.8260456294265297	0.4651226075113504
0.8408373155651203	-0.4725921598807868	0.2639114608584767
0.1552812613370369	-0.4118252577606811	0.8979352353861205
-0.9618006930709164	-0.2704659065827537	0.04228025762308402
0.2254487894974906	-0.8702000634605345	-0.4380921054611673
0.03475565624136634	-0.6004997881938765	-0.7988692313128234
0.9983310998664701	0.0577495841663942	2.3833014307916844e-05
0.04612005419159859	-0.7975368266780649	0.6015047387125442
-0.9959780632737527	0.013229587689476345	-0.08861532309387515
0.08854834787317631	-0.005566398708763076	-0.9960563263663087
-0.013670682733367086	-0.999896991302095	0.004372552872416446
-0.5633065445423173	-0.1361864754246943	0.8149472257681436
0.3363834110589328	0.863081498123229	0.3767446460956277
-0.7546733979942262	0.4863574524038486	-0.4403685852227506
-0.8325544023657354	0.5456281693836709	0.0956193906927755
0.003709615059796334	-0.1671202670874945	0.9859295386003569
0.5539308673991201	0.8211946889158678	0.1371126436140362
-0.9293887533311227	-0.012817158616286822	0.36887974412622054
0.26955886751285285	0.6591352370164962	0.7020532431862954
-0.25213996535021815	0.7519151945320777	-0.6091378974460366
-0.5779500546371281	0.16872395470537968	-0.7984397043318413
0.5267616040330547	-0.6701411131642552	-0.5229083102834539
-0.6232944303148108	-0.722802265876049	0.29843079194846034
0.3015297546228508	-0.10429293365175651	0.9477356124296448
0.7199269546076544	-0.6268054730157098	-0.29802697701198333
0.6251279765827409	0.7721644144791077	-0.11391720636367975
0.6254866082317521	-0.6398900837626507	0.4464383312675635
0.6398900837626507	0.09331022147039492	-0.7627803637164331
0.4464383312675635	0.7627803637164331	0.46782361323864297
0.9479963728869044	-0.1181749830989773	0.2955292715837634
-0.23335196085265314	0.3733796080973646	0.8978499488351495
-0.21644800613425663	-0.9201208299058419	0.32638615015635997
0.9999963980162364	0.0002629341388016552	0.0026711084200297715
-0.0002571738289140155	0.9999976413825685	-0.002156638801838135
-0.0026716691738729583	0.002155944094480363	0.9999941070270799
0.8966385472920513	-0.40420710821930717	-0.1807095160056198
-0.2753898560322434	-0.8287143567487583	0.48722986578516797
-0.34669834540208044	-0.38710351145847005	-0.8543717742949977
0.8655091722488374	-0.5008912224640713	0.0013623551595211881
0.5008906253655002	0.8655102443598919	0.0007735173161394523
-0.0015665803811003608	1.2904595810484117e-05	0.9999987728289375
