-0.13895675756051218	-0.7115225285698714	0.6887864043851372
0.8617386675544134	0.25583398665252377	0.43812719627411917
-0.4879523423140967	0.654434612937773	0.5775966144457338
0.7709488621736857	0.21787575182727673	0.5984713933671334
0.25849736824973646	0.751749535323506	-0.6066726850195688
-0.5820798592298649	0.6224168963858482	0.5232401404444702
0.9497551563370303	-0.10116095836732455	0.29619521183406633
0.19612147764329943	0.9298580948565465	-0.31128811322754124
-0.2439293115192018	0.35373773326004987	0.9029773568865446
-0.6096622771808919	0.4033942571230767	0.6823378789886508
0.7310824741197346	-0.046495550545398334	0.6807030041173964
0.30631735800894033	0.9138442083307207	-0.2665678883189446
0.5986191068149938	-0.534433351547433	0.5966876550673703
0.6828019157898201	0.7299356452549188	-0.031232956632964243
-0.4188516548251547	0.4261161186109522	0.8018655402934873
0.228724607177218	0.8192468106252834	0.5258514213653207
0.949095491210007	-0.06749013281576488	-0.30767325287932556
-0.2165705488667895	0.5694556569679601	-0.7929801082692589
0.9473729318472577	0.11370364461583835	0.2992591004534474
0.19618618521060213	-0.9449006859765154	-0.262056624365083
0.25297333601714367	0.3069758538422624	-0.9174804174597797
-0.9939238306873532	-0.08053755818599566	0.0750274650592383
0.10642910413143779	-0.5293241021688739	0.841717791576782
-0.02807605003481497	0.8445884776532018	0.5346793794695002
-0.9859756260269741	0.06508496041242386	0.1536750233734464
0.07595066416581421	0.9949300603527617	0.06592170825473027
-0.1486053885075766	0.07666891765613552	-0.9859200350798987
-0.8903701206218679	0.22029937051003895	0.3983832773306149
0.4543862630596169	0.376577662529062	0.8072932478516496
0.027823950950893128	0.8998096751185934	-0.4353945065299447
0.8946156612246399	-0.03579683595557376	0.4454002752886106
0.44412825669466777	0.18081294902379652	-0.8775287853231214
-0.04912138329643875	0.9828658423207551	0.1776564822970349
0.1926369497475341	-0.37597194852370097	0.9063862860366201
0.6852719233942448	0.7126773412816498	0.1499779924898016
-0.7023484865787912	0.5922297705679868	0.39493100948579796
-0.44271723653611605	0.8035306985519731	0.3979194201825329
0.864698647604735	0.265161620290844	0.42659766051313097
0.23727135795196	0.5329425218626419	-0.8122035281173807
-0.8395860886714317	-0.4846597594890295	0.24535712184781275
0.5210011704609662	-0.8462937339425192	0.111106688673237
0.15379525378798162	0.2211149778320419	0.963044747917056
-0.016076542972144336	0.5159074993545151	0.856493430725441
0.5984817739455442	0.691172361815737	-0.4050929924314299
-0.800975100125503	0.5060832128927287	-0.31987289758138915
0.7331628987178849	-0.6666542862791587	0.13432880007360304
0.6798610972157975	0.7138218839705806	-0.16806905264569966
0.016157117197086457	0.21454691922821123	0.9765800361534958
-0.2171717778195248	0.9189950334480025	0.32906617482903316
0.9622284081851232	0.25824501566279334	-0.08617425582415783
-0.1641734125862978	0.29792220525370117	-0.9403666573292253
0.11610738241795271	0.8694667101418134	0.48015280453541387
0.9221862287922065	-0.2739200312135066	0.27302083423431317
0.3689059977474748	0.41109056965000274	-0.8336143643020897
0.9171147526132988	0.01131403852998603	0.39846269972381315
0.057187107485461214	-0.9929915317494573	-0.10342849032695221
0.39449989261911594	0.11764272355742252	-0.9113342001250133
0.8160373022214945	-0.12793250774849854	0.5636633701459104
0.5666948294241534	-0.014839487553777397	-0.8237941247138578
0.11375452380892367	0.991671852514894	0.06038911526660551
0.209952291156558	-0.6611901585848161	0.7202413551225016
0.9762590389437491	0.10163107561269458	-0.191283594044116
0.05327592625885802	0.74330256198966	0.6668305459566682
-0.5054760252592376	-0.3445745167554619	0.7910514460456175
0.8454675202516544	-0.014748595298696765	0.5338231459352748
-0.1722749549053521	0.9386431064784183	0.29878162355289484
-0.2984988614839277	-0.17632090420885477	0.9379815394941262
0.8639726964768646	-0.46750125629033623	0.18706617842211187
0.4055238703643657	0.8662294812034104	0.2918850397995343
0.160901664012439	0.6419350073269201	0.7496866684730462
0.7476107736255497	-0.5751720452574651	0.3320470591849168
0.6443514457786491	0.5070469058406051	-0.5724636666203657
-0.222051934975374	-0.4270539733274814	0.876537416223006
0.9099031581872499	-0.41381334132642555	0.028892235308604575
0.35038433311802164	0.8039797400466446	0.4804658122072465
0.9487097541416732	-0.013256104845784308	0.3158703501134026
0.18633299115734903	0.8305874852440003	-0.5247899063076603
-0.25540128974380927	0.5567303701437215	0.7904564985859965
-0.08356122783433229	0.02746599113121534	0.9961240588069333
0.845568671301645	0.5308904428721046	0.056293514548579615
-0.527286585564235	0.8469952520517694	-0.06758623887871007
0.9231258139864164	0.10455777880528581	0.3700086518491442
0.10649006012401672	0.8551475528765785	-0.5073288183259282
-0.369457167540027	0.5077305719577109	0.778274416676275
-0.9614510004474257	-0.2610752361425191	0.08632319973085024
0.2661635008642799	-0.9624303689963611	0.05371010743983637
0.06905768998681343	0.07461572157833896	0.9948183399731978
0.20657779351218386	-0.1597470510792558	0.9653012456736598
0.24387476314563755	-0.9470373718269678	-0.20891461476816153
0.9475498483606533	0.2785697328041074	-0.15667861640042546
-0.33778433796923824	-0.2425736866341398	0.9094282531213804
0.8379754045516269	-0.5174882026413452	0.17321426469424323
0.42860116937453724	0.8205875740466415	0.3780701931269206
0.639585289068419	0.19071062722622445	0.7446879310625673
0.4911490651939524	-0.846604871021255	-0.20501899453999603
0.5913571287862974	0.49687991408997834	-0.6351433674435736
-0.3277002386352501	0.08709547602768924	0.9407587000149985
0.8126277172023366	0.5338997570631498	0.2336391290910596
-0.4819219302261718	0.8410501931890983	-0.24573527565992825
0.7642322031925883	-0.26281828503133897	0.5889615341060809
0.5030939005922989	-0.32845805277155127	-0.7993821581423662
0.40354140653745607	0.9072165434022391	-0.1187959451625551
-0.990450363129654	0.07124505075084132	0.11803482926596932
0.09312120248641405	-0.2856352124209456	0.9538034216088372
0.10166867670930292	0.955686490523305	0.2762730750678176
0.7443838492284582	0.24807022305378215	0.6199627806908014
0.6118033004400302	-0.6253830631986181	-0.4843477529988136
0.26756196773553254	0.7398359201190223	-0.61729523303127
-0.4939419935776761	-0.3962787868079266	0.7739408440614497
0.8604064448692362	-0.09440509534195396	0.5007878069611507
-0.1253876254181135	0.913263817907791	0.3875914631315973
0.386016568179139	-0.4603175370401183	0.7994366605207188
0.8742262626980453	-0.09410000142814656	-0.47631253535911755
0.29448200403455593	0.8827530542708655	0.3660975204440067
0.7181854626419528	0.5913387338487024	0.36678078343879694
0.6737916336344729	-0.7226377010479856	-0.15427114917660337
0.17382311610931445	0.3579291199026635	-0.9174269831609227
0.6218931251870184	0.7389009307087712	0.25937300446043965
0.7761165244166023	-0.5374156135386408	-0.3298902830523809
-0.10436513485171642	0.4064601738456035	-0.9076882976577285
0.47281029594368595	0.8098916224498401	0.3471685238255472
0.8405818095615892	-0.2963631680421601	-0.45342154124189793
-0.2643343441246485	0.5062059190819281	-0.8209037227364799
0.648100472274076	-0.027586459999530744	0.7610550341879448
0.6959373781903713	-0.3843596527077944	-0.6065796097857694
0.30925223277388303	0.9227711767253235	-0.22990522379739464
-0.16161378008417615	-0.3522648444837997	0.9218408026485418
0.5650823999082379	0.7327848455657848	0.3790887118117276
-0.8090505963169732	0.5821819727971085	0.08063053484392202
0.8890948888299772	0.3199228010617703	0.32735253171038914
0.45099392256338977	-0.4901121161855291	-0.7459186251723637
-0.07819693387401791	0.810826439460957	-0.5800394164225127
-0.22753320488843642	0.6263273789233266	0.7456156215398339
0.7934620948585682	0.5631210090974468	-0.23089528608381318
-0.5644878605389575	0.5390813885899874	-0.6250957620877315
0.10919464421717406	-0.07387592166750745	0.9912713442201693
0.8815040532777972	-0.45366545567703653	-0.1309131711485183
0.45937689725224456	0.8881047249751142	0.015584086363264693
0.06588046882431708	-0.6807305948513934	0.7295653644881699
0.9684407564724743	0.21975781724069898	0.11759678126813405
-0.24037941889960132	0.6987935023988643	0.6737250002594667
0.14805141857478055	-0.5143040317266881	0.8447319932426314
0.9827284716871446	-0.01937892372380512	-0.1840358884857956
0.11102039629475446	0.8573889550635587	0.502552137933543
-0.40354164919576596	0.347312253097455	0.8464799679925867
0.5227072110262488	0.8468299388826893	-0.09826609869686095
-0.7509535997020866	0.40280671973082827	-0.5232737692968836
-0.11514973882464297	0.964588542154214	0.23729619043175668
0.9931350402556505	0.1167398835991722	0.007388598896894277
-0.020574971811012782	0.2365179568702126	-0.9714092477493286
0.46516843731343993	-0.1851523462677244	0.8656424975698276
0.2299663382486067	0.9695832850530355	0.08380773602891065
-0.8548296954364065	0.16008392179516606	0.4935983486426787
-0.8105591090756001	0.36921937939933186	0.45461080120311953
0.3792650552702616	-0.2605655836796752	0.8878420999550066
0.4462644379125626	0.8920664921840987	0.07117179902842163
-0.6983680184541836	0.14287615066388654	0.7013333846123735
0.33050741065314343	-0.8047719956406909	0.4930587049590083
0.634859797359804	0.5761323117166492	0.5148053973029986
0.0601537869186638	-0.32448557391723587	0.9439759712190486
0.6729136575860386	-0.685311397131305	-0.2784519678438605
0.7372711382887055	0.6519642638071054	0.1771266986225838
-0.9002488677697194	-0.4209691337485767	0.11107188892924828
0.43526367040560177	-0.8644494004901127	0.2515407943402588
-0.00987488249965457	0.27479487335694175	0.9614521643183088
0.48855410442177793	0.5411535936365673	0.6844469849059629
0.8668471384490729	-0.21161951194699014	-0.45143462508537324
-0.09945313275753742	0.8138611492493953	-0.5724850252427265
-0.588310434206297	0.19117236229334839	0.7857123906997897
0.43269243612051983	-0.7464246093043132	0.5055962404419098
0.6831310919055641	0.637419352169421	0.3564105508424624
-0.34395193223160825	-0.8885608627886384	0.3035731566434252
0.936262177141045	-0.3491490197851248	0.03883423281329279
0.07148569066081374	0.29758117397341693	0.9520164079086817
0.6462603658651396	-0.3563710705462469	0.6747941905422555
0.5485011604204587	-0.39786274831257673	-0.7354262101139538
0.5305600970005812	0.845402208172468	-0.061652979553698195
0.7615184779843376	0.5208863474186787	0.38570328072398563
0.583897151996039	-0.8096513692283289	-0.05940350324355452
0.28134271552562473	0.2704479125072332	-0.9207085331640776
-0.6917981372682502	0.34599514082299065	0.6338002049534672
0.6252904431887976	-0.1519447331769146	0.7654571573357668
0.3611470599754834	0.9258510466520381	-0.11123237156686683
-0.8967256890952617	0.09654563420178686	0.43192821050864755
0.19294949481753848	-0.7930149750468078	0.5778388545270794
0.3983133577552785	0.6015032750268989	0.6924884686156372
0.5642956051916529	-0.14969866098411827	0.8118871724943979
0.38122184007690035	-0.8250486979748011	-0.41709058322919185
0.7322843563874408	0.5448715049162024	-0.40850295533886194
-0.4442477062972914	-0.401649883882669	0.8008254155723544
0.4671243949621031	-0.8665980961515325	-0.17550652232275712
0.7644859547963485	0.2961167177374116	0.5726046754922085
0.8097735311712682	0.13082784715160303	0.5719710679956564
0.17042635856680802	0.880351385475764	-0.4426469184311132
-0.5614460655486624	0.4559227045241107	0.6905887364990451
-0.6223717777370523	-0.02877169804746088	0.7821927893223554
0.5306174417870699	-0.7501540420350448	0.3946061881038226
0.5754115924690485	0.6606368916507386	0.48214146953180026
-0.5901213913604939	0.3828492822684634	0.7107623868250751
0.5132295359859786	0.8575054423253916	-0.0357751278677175
-0.6231790969299053	0.3436725817531229	-0.7025218642154643
0.5664348821473524	0.038993659378115664	0.8231834660724294
0.4857865955993433	-0.822683788711464	-0.29530114684394854
0.6657048203391013	0.5671603638475229	-0.48493939194257063
0.9281122472277975	0.3375515397083273	0.15705608739015897
0.3547926195089801	-0.9297579693462441	-0.09834793123957405
0.1128266532682936	0.14700026012795178	-0.9826805533003031
0.6837778597620763	0.30314599610260223	0.6637396654910384
0.7296646965333504	-0.2764518104516662	-0.6254309131557936
-0.006104844968392309	0.9119632128243755	-0.41022655852949685
0.20468753219731517	-0.16221608251099556	0.9652921613365348
0.7963377454461087	0.601033648348388	-0.06785829890908468
-0.5691653620353065	0.782588331198346	0.25220288366988663
-0.31518779790245643	-0.2527529820915389	0.9147527436948383
0.2811406639428284	0.895749757884268	0.3443723251483208
-0.9064306808196564	0.3657161485279387	-0.21127025246045594
-0.16632450969046864	-0.047592432838894486	0.9849218841170608
0.07326113495019314	-0.9966704527477481	-0.035788471962473145
0.9833458006123965	0.06620399501596905	0.1692574000210646
0.5543120775935382	-0.28760330879951873	0.7810393443364452
0.8318964780231821	0.16190879642394895	-0.530786012902727
0.026198673374064174	0.9439649773207252	0.32900418098456163
0.17210523744972084	0.3917639291983147	0.9038256530003299
0.8788915431500915	0.3533115947884211	-0.32050050291273025
-0.44489261920335976	0.8495245380606496	-0.28351122836884945
-0.46601044230302135	-0.2009851165418052	0.861649145878541
0.6338222773123895	-0.7553213874360232	0.16661009112372993
0.6173358797665002	0.6237744661417283	0.4793764981124159
0.16878785963582754	0.448469858447447	0.8777160386501337
0.8133403152837487	0.43964054266624975	-0.3810429434830904
-0.5567658304652758	0.7781972624651492	-0.29055262985913455
0.2600903707928546	0.37059044450088185	0.8916365411228244
0.5227399335065536	0.7223523058606628	-0.45271415720667213
-0.8118472522207607	0.5838406192296167	-0.005845545242181949
0.28131956619215615	0.2491254980941649	0.9267123544427317
0.7689055096635629	-0.6363144306331954	-0.06235593457698252
0.5741459909173569	0.7300961796690121	-0.370561667669822
0.9486829142415791	0.23465399963669398	0.21198638796065888
0.2994159470371065	-0.8822028995328484	-0.3634117977112291
0.10173897427228756	0.4082346684326762	-0.9071899672084591
0.75452731746469	-0.03643674114385981	0.655256355249115
0.5607518044578192	-0.4829296324008445	-0.6725595765034389
0.340948589961652	0.8749007566827227	-0.3439516317146363
0.6067725981324079	0.045170960331665705	0.7935909516232922
0.33450428023921364	-0.9201861406489482	-0.20338228305149858
0.7210644219882805	0.38886636637836053	-0.5734536149004534
-0.7369130302555318	-0.20917905867894865	0.6428089197030473
0.5236014723689923	0.4248141755944802	0.7384946948672045
-0.4275519664001477	0.880782060230663	-0.20352463831977663
-0.7606739895672157	-0.40006333111989384	0.5111989951957548
0.4535487637847713	-0.8909507490009394	-0.022366978427375506
0.46440133555492813	0.2148396936041363	0.8591712900154893
0.03491107032235252	-0.928364954428518	0.3700266592529296
0.9831392098348404	-0.03459640627865612	-0.17955607134800045
0.17949515663179832	0.3700562120293863	0.9115041901627157
-0.633275032442939	-0.5580334102396465	0.536247560685086
0.6251437868533833	0.03963630671596563	0.779502539411213
-0.45624333314910603	0.8288713267125534	0.3237504358464488
0.9898419784272542	-0.0021946440442763837	0.1421549903476416
0.14026770668679828	-0.1480257415508155	-0.9789858784983354
0.023191123389035728	0.9889810733152835	-0.14621425518773612
-0.47252231428348246	0.8510618855656957	0.2289461278151354
0.8808410726177478	0.4475013068013497	0.1544719560331248
0.029011502784190527	0.27465659895303235	-0.961104617280427
0.10884384561473559	0.062016128820639393	0.9921224808650884
0.9820332152990421	0.14806603563715792	-0.11699236359746434
-0.15415505610008712	0.9870311286159104	-0.04478582166245548
0.34445503762919705	0.28221006619649497	0.8953815977499417
0.8537711962387142	0.3024655929741962	-0.4237797889705017
-0.39041704819972134	0.9104241009574263	-0.1367570285977242
0.36840933435456147	0.2626316040688295	0.891795493879994
0.44048672143993967	0.7954420962356609	-0.4162250830636118
-0.8186855382840971	0.5461652790872477	0.17736255896898578
-0.4267967229650014	-0.22364496794118732	0.8762576593564937
0.896871694112088	-0.22900420872242022	0.3783890018062512
0.11604189573963708	0.9473858774026576	0.29831908710497856
-0.7703094764867808	-0.6229524699348716	0.13621134547718095
0.627385340266396	-0.7786027627494423	-0.01285973008089266
0.11406553052293973	0.07555102938397107	0.990596333884566
-0.5838951565160708	-0.755888419547967	0.2961404116130555
0.7780587045672286	-0.6251621088330899	-0.06161972027305941
0.2317133972049077	0.19443516881634532	0.9531546918958748
0.03254011559377734	-0.742332531569153	0.6692410279198937
0.8612228362726769	-0.3189632356564709	-0.39567370468859847
0.5071847465762247	0.5892409243031977	0.6289346277370358
0.9896797527375744	-0.059381746443235815	0.13041393794623699
0.14022959030722712	0.21404795517765518	-0.9667052988819973
0.029489812199485627	0.975016554256191	0.22016600532966768
-0.7665651659559591	0.03143576029410667	0.6413966318259277
0.10529909681085262	0.9914350823652536	0.07725657037573912
-0.6334745034756584	0.12676068172005983	-0.7633097556144126
0.7435415752593433	0.4200885524544854	0.5202610248303725
0.5517285064707167	-0.8249988073675638	-0.12236266991893316
0.3778115681241732	0.3780245705490485	-0.8451957424483165
0.08869577460938805	0.885844100464181	0.45542649158700255
0.9273080527189763	0.09348680723308045	-0.3624361905713952
-0.36363832984021427	0.4544672117393843	-0.8131584830307363
-0.41445687000780684	0.8478555050527251	0.33070613156565504
0.9064963528975164	0.41677536557895056	0.06754744132854679
-0.08055969889984205	0.327779403255178	-0.9413133366285884
-0.9616737732175453	0.17884083237126203	0.20784491954888762
0.26188395566491196	0.37447909321853257	0.8894842339847987
0.0812425237842095	0.9098249092099974	-0.40696226718234274
0.5973672728199719	-0.7298660268715611	0.3323370641116499
0.8002678842797795	0.5155404353945348	-0.3062505067156279
0.05218864583407623	0.44890270916083264	0.8920553250522472
-0.6437125126357746	-0.1694464709264235	0.7462721317098201
0.36146983394180043	0.7922117646544495	0.4916707018861002
-0.6745174276667917	0.5862494464250383	-0.44870683785753807
-0.7939687437111387	0.4350812063919223	0.42463864385416616
0.4731311098253615	0.0035651186479439545	0.8809848141962764
0.3817860486256375	0.9003841589974668	-0.20868104681845634
-0.9738500767473308	-0.1482145982085449	0.17218728436529923
0.18675836870224696	-0.09067174063193839	0.9782126288136181
-0.12937287095404665	0.984789859984684	0.11598099815251472
-0.5729345870250138	0.5201754435787845	0.6333746654927807
0.6945214313373557	0.7184574895576277	0.03819446441124852
-0.4351849496519701	0.46177520894496515	-0.7729021386956088
0.9337300215283904	-0.3462721756518195	0.09079552448192083
0.3579705593165157	0.9015433719162179	-0.24305683947701812
0.0023077173164296957	0.2594515926397282	0.9657533564619364
0.9975594210300388	-0.02075084114412467	0.06666786411776736
0.0695422643714094	0.3807594989814105	-0.9220553548467262
-0.006250998345127934	0.9244412401701022	0.38127328583635733
-0.8520744539898493	0.40893361383644344	0.32671459155135296
0.5115763088210719	0.5186020190579637	0.6850851232379892
0.1107194883970665	0.7508829771034032	-0.6510882809461573
-0.3435902040542156	0.4614203243428002	0.8179468539956413
0.7962225140460873	-0.3187059771498477	0.5142530585763085
0.4979713644418825	0.8279600137762362	-0.25788899895797046
0.4378121338604575	0.30713014468373073	0.8449802421779479
0.3185004233563368	0.8259083167731744	-0.4652235297217197
-0.840760379517486	0.4728070711309765	0.26377160143230094
0.1552043927762201	0.4119660247866557	0.8978839517913466
0.9617513660270995	-0.27067671103830726	-0.04205268179905375
0.22571199881258558	0.8700678781123717	-0.4382191016706849
0.03474580863442267	-0.6006637693866114	0.7987463708390843
0.9983351287388712	0.057679875119781565	-5.226956955273199e-05
-0.04604019448570529	0.7974183771098045	0.6016678754423275
-0.9959705877937837	0.01318829021150559	0.08870545220560863
0.08864093158785988	-0.005400008905842579	0.9960490074042807
0.013615193606436836	0.9998984492962841	0.0042092277136451806
-0.5632345828093317	-0.1361931496568433	0.8149958470533124
0.3364173937261872	0.8630779506473119	0.37672242872560147
-0.7547119595753581	0.48636187874152415	-0.44029760501385584
-0.8325004173349866	0.0038941823642674733	0.5540107313769165
0.54567089568499	-0.167230792940261	0.8211437970872772
0.09584533759872077	0.9859100857767329	0.13709476293535805
-0.9293685626295116	-0.012937072035686698	0.36892642486422556
0.26951526248723956	0.6591515936436205	0.7020546274211927
-0.2522609721744329	0.7518988022095918	-0.6091080307740091
-0.5778244937531303	0.16865778905063486	0.7985445539301423
0.5268097117684475	-0.6702239836577133	0.5227536124374755
0.6233701805551688	0.7227408677545063	0.2984212728209559
0.30159582348231406	-0.10415976527911663	0.9477292348318818
0.7199728031335272	-0.6267650450198805	-0.29800124343579126
0.6250432961052186	0.7722152042262738	-0.11403752170096437
-0.24834618373385853	0.21877383292598646	0.9436430379395065
0.8102071807829956	0.5808546047118267	0.07856368367596966
-0.5309317255848426	0.7840573564554701	-0.32150515478847463
0.9479669305011956	0.11813950809843823	0.29563787866645314
0.23343831516743965	0.37350043036515657	-0.8977772449382029
-0.21648383701313254	0.920076347453461	0.3264877687889235
0.9999962447349567	-0.0005895312551889575	0.002676372336512811
0.0005953248696957284	0.9999974803770023	-0.002164446337147
-0.0026750895842975937	0.002166031520089824	0.9999940760840386
0.8965456864324659	0.27540805519804434	0.3469239618005214
0.40436451036143906	-0.8285897950060364	-0.38720575198724716
0.1808180712746718	0.487431384652124	-0.8542338499243765
0.8655845120054487	-0.5007600873401424	0.0016695817985465345
0.5007611663721984	0.8655854536246291	-0.0002769963908774408
-0.0013064569815696345	0.0010758255146188756	0.9999985678837833
