-0.1389781842579203	-0.7115176602711901	0.6887871103777881
0.8617219548889248	0.25584121820524497	0.43815584388396145
-0.48797575427758894	0.6544370788620306	0.5775740411823842
0.7709775810757098	0.2178743257765929	0.598434915129492
0.25848492233326115	0.7517331570957178	-0.6066982820556467
-0.5820473472192921	0.6224371765008098	0.5232521828952887
0.9497553598723737	-0.10110364761431867	0.2962141266597148
0.1960825372780024	0.929854020536266	-0.3113248128035449
-0.24395982244689118	0.3537648271544546	0.9029584996554715
-0.6096595251070975	0.4033321887468033	0.6823770284578032
0.7310877519581767	-0.04654991267384201	0.6806936201895809
0.3063102387823953	0.9138688369513269	-0.26649162550876015
0.5985988280202588	-0.534433460228453	0.5967079014735898
0.6828094399070076	0.7299290760474957	-0.031221990877069006
-0.4188683705732043	0.4261272351407404	0.8018509011060952
0.22872297205136238	0.8192393398941552	0.5258637713569747
0.9490916564270148	-0.06747316318056473	-0.30768880374663354
-0.21658908041869798	0.5694684154720064	-0.7929658845266832
0.9473748578041408	0.11371782526991152	0.2992476148885167
0.19619946384939402	-0.9448949433723905	-0.26206738899469595
0.2529558245737672	0.30698827698328945	-0.917481088965346
-0.9939340825495635	-0.08045224069722341	0.07498317486711746
0.10634725091060639	-0.5293661215136911	0.8417017117823319
-0.028023236253388262	0.8445702731924368	0.5347109049472802
-0.9859755752910506	0.06509085786646458	0.15367285105603393
0.07595431976012064	0.9949307152990282	0.06590761006394874
-0.14860385674423002	0.07665541061641948	-0.9859213162235458
-0.8903702541590182	0.2202862689657623	0.3983902235421314
0.45438653509234705	0.3765686646836346	0.8072972918975734
0.027815233876005235	0.899816648258704	-0.4353806521664634
0.8946050089936667	-0.03580889024860509	0.4454207014302376
0.4441487146769949	0.1808472689756293	-0.8775113586471858
-0.0491304094651662	0.9828590889253758	0.17769134526635044
0.1926363279824318	-0.3759571920363823	0.9063925390787172
0.6852653899679384	0.7126852052382886	0.14997047558285526
-0.7023550316282602	0.5922296750337467	0.3949195127565722
-0.4427331611278593	0.8035088160868427	0.3979458889201566
0.8646937703162021	0.2651655534246413	0.42660510176667465
0.23725941838857356	0.5329735563306347	-0.8121866513543496
-0.8395895726873366	-0.48467614875013637	0.2453128212455089
0.5210039619213372	-0.8462948739229486	0.11108491362021272
0.1537667750099645	0.22107468693741505	0.9630585453120485
-0.01604247046828733	0.5158898082083843	0.856504725572481
0.5984600299873708	0.6911842855579707	-0.4051047715162498
-0.8009920297036605	0.5060849624168201	-0.31982773357977656
0.7331727656201334	-0.6666503206878864	0.13429462267590297
0.6798492561769889	0.7138236464035557	-0.16810946050334707
0.016207548504321212	0.21455337741892955	0.9765777816485538
-0.21716391379388766	0.9190009617782013	0.3290548081953235
0.9622272228030067	0.25824187646949115	-0.08619689631494132
-0.16419076174539576	0.2979066388791236	-0.9403685598047231
0.11611569105080055	0.8694466625609807	0.4801870960921042
0.9221905611022561	-0.2739318660549137	0.27299432553366265
0.368892552521329	0.4111250828169519	-0.8336032935233963
0.9171290110412583	0.011292890251602569	0.39843048043071283
0.057185261686772	-0.9929854867722765	-0.10348753019296587
0.3944670112345249	0.11769576750839376	-0.9113415843460184
0.8160296312379196	-0.12794487401989524	0.5636716687520653
0.5667039927446504	-0.014839264808044872	-0.8237878251268513
0.11376390266238293	0.9916702604353878	0.060397591169135234
0.20995727500840478	-0.6612152906467483	0.7202168299102578
0.9762586919777583	0.10165137783734168	-0.19127457677811394
0.053262641775654374	0.7432774292272746	0.6668596210540658
-0.5054701937576778	-0.34461560335928443	0.791037274181117
0.8454568277825976	-0.014696639102332876	0.5338415131430703
-0.17234452581489934	0.9386288375712799	0.29878632783516945
-0.29846792310005266	-0.1763092374800337	0.937993577621697
0.8639812704247805	-0.46749379426493265	0.1870452262928935
0.40552837537652503	0.866235883061298	0.2918597808220412
0.1609015391978259	0.6419342732497202	0.7496873238298245
0.7476034767151905	-0.5751780688356343	0.33205305409507974
0.6443599431118683	0.5070410022452464	-0.5724593310926167
-0.22202822953260237	-0.4270732583217622	0.876534025190723
0.909910203487029	-0.4137996029165696	0.02886711305763484
0.350381059534917	0.8039765672284997	0.48047350860028337
0.9486971420159341	-0.013245588256197122	0.31590866895757364
0.18634526172045582	0.8305889377267373	-0.5247832504570865
-0.25543918290883527	0.5567284534831299	0.7904456040216488
-0.08353980738868838	0.027459130721548708	0.9961260445955008
0.8455639558260597	0.5308995739298312	0.05627822855162601
-0.5272975414215831	0.8469897511429171	-0.06756969934529256
0.9231193079648157	0.10454348592960983	0.3700289215889014
0.1065118639577794	0.855149444398482	-0.5073210527675814
-0.369467138049921	0.5077303293035124	0.7782698417686167
-0.9614464775300287	-0.2610707075655749	0.0863872473013865
0.2661660046404682	-0.9624278866408358	0.05374217142789999
0.06911098913220035	0.07466356988026748	0.9948110486488896
0.20659033349007017	-0.15972813044933715	0.9653016929704521
0.24387194133956847	-0.9470414982948359	-0.208899202331512
0.9475478406580491	0.27856655371855293	-0.15669640970244592
-0.3377651994411277	-0.2425661692040867	0.9094373665097281
0.8379901196087026	-0.5174655762029277	0.17321067196672452
0.42858748171719563	0.820604064700283	0.3780499166944574
0.6395703029648611	0.19069573941575207	0.7447046142828143
0.49114608762735185	-0.8466067407193003	-0.20501840692237547
0.5913758095946954	0.49688244237175727	-0.635123995995188
-0.32769799573127534	0.0871155679506499	0.9407576209706412
0.8126276814855241	0.5339057812131875	0.23362548677444744
-0.4819235155884869	0.8410442881369398	-0.24575237641793368
0.7642279085067567	-0.2628453211114471	0.588955041602675
0.5030777697782289	-0.3284707239622662	-0.7993871033827527
0.4035696487774465	0.9072041229345933	-0.1187948564379937
-0.9903350019548856	0.06715026729947546	0.12135660470129175
0.09741494000267167	-0.2860638570285763	0.9532459279567944
0.09872645728117904	0.9558547542924831	0.2767576111494755
0.7443878894314575	0.24807328866902953	0.6199567029371589
0.6117888745473294	-0.6254166176986335	-0.48432264791821666
0.26758371222458993	0.7398065272456936	-0.6173210341441269
-0.49396180821715774	-0.39626255215268336	0.7739365101765636
0.8603952082474441	-0.09440613447456037	0.5008069162845187
-0.12538667252811814	0.9132707547792239	0.3875754259719173
0.3859975311009708	-0.4602985193811225	0.7994568024849757
0.8742279257404504	-0.09414034590746811	-0.4763015107345052
0.2945020200940986	0.8827586693587148	0.3660678787226851
0.7182061969015332	0.5913159021485945	0.36677699300587274
0.6737728632894728	-0.7226487893900067	-0.15430118563336712
0.17381020518640874	0.3579444524774079	-0.91742344722255
0.6218693641055216	0.7389150054568735	0.25938987778566647
0.7761379428016163	-0.537399235747843	-0.32986657175486833
-0.10434743758554517	0.40645624134499825	-0.9076920932458472
0.4727940444664993	0.8098986585776239	0.3471742420617858
0.8405935247412205	-0.2963541460929142	-0.4534057192588896
-0.2643261577675222	0.5061999436267308	-0.8209100434226357
0.648085022443692	-0.027585246798587926	0.7610682346828175
0.695951750709797	-0.3843544762296569	-0.606566399733941
0.3092522665529356	0.9227733691222819	-0.22989637855039158
-0.16161011080922805	-0.3522570490279268	0.9218444247780455
0.5650856215663715	0.7327868187653772	0.3790800951549232
-0.809049079094202	0.5821842059467561	0.08062963452086758
0.8891009611636267	0.31991182812004215	0.3273467627559617
0.45098307457802866	-0.49011810504419207	-0.7459212488943044
-0.07819045531305925	0.810827148865147	-0.580039298117941
-0.22754882252942243	0.6263322389123953	0.7456067729470133
0.7934767861765524	0.5631100922449217	-0.23087142268120908
-0.5644609137614427	0.5390871455626648	-0.6251151304557383
0.1092227565432432	-0.073848194629691	0.9912703130846956
0.8814985756850686	-0.45367252936111857	-0.13092554054988742
0.4593807250182475	0.888103417543824	0.015545714158219592
0.06586687417342518	-0.6807562071829875	0.7295426932458825
0.9684426541644157	0.2197418012839859	0.11761108095520317
-0.24037549892117605	0.6987735879026216	0.6737470536990072
0.14805094725389534	-0.5143009938142302	0.8447339254338724
0.982731951439759	-0.019353501477085366	-0.1840199815236902
0.11099021865293895	0.857391351567224	0.502554715052104
-0.4035109195276423	0.3473061604792871	0.8464971167789602
0.5227275983136851	0.8468177966155573	-0.09826228827164213
-0.7509559213317142	0.4028374985379443	-0.5232467429316006
-0.1151575579358548	0.9645792954182685	0.23732998061906813
0.993135117713536	0.11673589126253503	0.0074410789044947745
-0.020527416164037804	0.23655763471411903	-0.9714005922605207
0.465184336072046	-0.18513126653607928	0.8656384624217879
0.22997875098695333	0.9695832889850738	0.08377362243193062
-0.854817704290038	0.16010827546268158	0.4936112159996725
-0.8105742708908494	0.3692188744747128	0.4545841771348773
0.37924761888591707	-0.26054223135297816	0.887856401255841
0.4462517170153292	0.8920735218653433	0.07116345022294257
-0.6983995244088339	0.14289049481085556	0.7012990879776066
0.3304587623125512	-0.8047859573691793	0.4930685238709014
0.634850463271762	0.5761092511964043	0.5148427138161201
0.060151593245372115	-0.32449227391723895	0.9439738078983245
0.6729135551373946	-0.6853100835763324	-0.2784554482515167
0.7372714107724482	0.6519623098896284	0.17713275626203084
-0.900250542401051	-0.42095674956926876	0.11110524694490892
0.43526075021977284	-0.8644456503895401	0.25155873437574205
-0.009850899691589185	0.2748256402060779	0.96144361626701
0.4885387997097078	0.5411565985665062	0.684455533257002
0.8668567061936349	-0.21161718599761192	-0.4514173429517012
-0.09944491995733096	0.8138597559889424	-0.572488432613532
-0.5883419731664183	0.1911703170222641	0.7856892722318745
0.43268371267325095	-0.746415127328955	0.5056177038848536
0.6831094549176853	0.6374310688883206	0.35643106629186516
-0.34394170019599857	-0.8885764339709534	0.3035391702198409
0.936268637679089	-0.3491295643137067	0.0388533836449825
0.07145029716403316	0.29755750421319427	0.9520264632464721
0.6462514120279133	-0.3563799162842808	0.6747980940408304
0.5484945236096582	-0.39787923142318826	-0.7354222425058324
0.5305778642406244	0.8453907217797593	-0.061657582717419945
0.7615211382405852	0.5208723288235271	0.38571695980176857
0.5838879187058752	-0.8096576919568679	-0.059408082315450764
0.2813546772351312	0.2704559833337648	-0.9207025071524906
-0.6918089243006373	0.3460070782086334	0.6337819136639353
0.6252856309492123	-0.1519092529807784	0.7654681303537512
0.3611347283029434	0.9258524076160015	-0.1112610773146332
-0.8967623426322504	0.0972319955171291	0.4316980888126282
0.19225590535644962	-0.7930692549080423	0.5779955222795199
0.39856613967105975	0.6013211254956541	0.692501217573189
0.5643086034529297	-0.14968360875765513	0.8118809132737936
0.3812222900209313	-0.8250511273117733	-0.4170853664572379
0.7322741055507842	0.5448719616486581	-0.40852072132138173
-0.44423276909692544	-0.40166281436873985	0.8008272163293783
0.4671244525317919	-0.8665939718366789	-0.17552673250306597
0.7644945995279177	0.2961112485700474	0.5725959620560874
0.8097558268536637	0.13084645561522557	0.5719918757547805
0.170425865532917	0.8803485107511506	-0.4426528255592496
-0.5614717492749707	0.45592291527314593	0.69056771579255
-0.6223902512521562	-0.028763905699581482	0.7821783766348844
0.5305914585010574	-0.7501692420560804	0.39461223047281013
0.5754155709676254	0.6606199709378389	0.48215990572225154
-0.5901359323624937	0.38282999537737167	0.7107607023281555
0.5132278696916236	0.8575077351121034	-0.035744062369974655
-0.6231666992919704	0.3436883455432732	-0.7025251497500138
0.5664384737124195	0.03900592274731504	0.8231804136937269
0.4858008846484505	-0.8226749161766223	-0.29530235821708406
0.6656913368620081	0.5671723902698532	-0.48494383565775334
0.9281136856418256	0.3375553474007475	0.15703940258899096
0.35479596936145547	-0.9297548150988109	-0.09836566436231854
0.11280428471122732	0.14701146636142318	-0.9826814448787826
0.6838005550515471	0.303131317284844	0.6637229884464988
0.7296433362996575	-0.27644184876164246	-0.625460235384113
-0.006115775069522378	0.9119711117872102	-0.4102088353033104
0.20472833496706255	-0.16223090002797558	0.9652810181173809
0.7963273898350732	0.60104498423286	-0.06787941607719111
-0.5691651755510642	0.7825765534467757	0.25223984803217026
-0.31516528004632893	-0.25278720845333863	0.9147510445447369
0.28113637073746595	0.89574202491521	0.34439594342756896
-0.9064398420755153	0.3657114327487828	-0.21123910777824095
-0.16632853176562445	-0.04757085518761193	0.9849222473157012
0.07326294391069521	-0.9966711245982471	-0.03576605152381428
0.9833449855316446	0.06620938852447637	0.16926002570301368
0.5543163287645968	-0.28763442890394075	0.7810248670650912
0.8318929396517134	0.161906561622714	-0.5307922402043395
0.026221072109472277	0.9439558785306728	0.3290285014475428
0.17214548895215576	0.3917251544253181	0.9038347935457475
0.878904823656853	0.35327272666457976	-0.3205069290166586
-0.44485080823365897	0.8495585818443798	-0.28347482150700243
-0.46599545595455716	-0.20095694453759658	0.8616638216101552
0.6338199750831827	-0.7553211942260656	0.16661972493814528
0.6173495559367138	0.6237837766366026	0.4793467698751285
0.16882157395825703	0.44848945430516063	0.8776995417244536
0.8133315887028184	0.4396237736109324	-0.38108091594073945
-0.5567683566658633	0.7781954427090555	-0.29055266297601046
0.26009757222919505	0.37056241733642753	0.8916460888593984
0.5227515115441098	0.7223555798406621	-0.45269556376378317
-0.8118374899564735	0.5838543578075309	-0.0058291311812879165
0.28132367700734684	0.24910523236497556	0.9267165542729112
0.7689068756828787	-0.636310977941198	-0.062374320670534666
0.5741421472794521	0.7301061036314573	-0.3705480699685695
0.9486862857348098	0.23464815349894078	0.21197777081153635
0.2994035091072833	-0.8822195925393248	-0.3633815202703523
0.10174413984567192	0.4082019532036625	-0.9072041090117366
0.7545280794065476	-0.03644053941902958	0.6552552666510334
0.5607462285038975	-0.4829380351587911	-0.6725581918433691
0.340956074305359	0.8748959602626002	-0.3439564130968662
0.6067853749690754	0.045133925975112926	0.7935832895479287
0.334504194086108	-0.9201749284661531	-0.20343314666276235
0.7210537101093384	0.38889719688933555	-0.5734461765407239
-0.7369186688186096	-0.20916504090724056	0.6428070170812392
0.5236182960807841	0.42478227512153255	0.7385011162835375
-0.4275216433773435	0.8808007745255717	-0.20350734640078327
-0.760679069551403	-0.40007066392551555	0.5111856971909609
0.45354086057591353	-0.8909541867833468	-0.022390284528886487
0.4644007331330036	0.21481178021566216	0.8591785950232389
0.03491328760233248	-0.9283577931302122	0.3700444166356236
0.9831389798388656	-0.03459813720773597	-0.17955699714338447
0.17949598510883613	0.37007401534849327	0.9114967989486588
-0.6332864070273752	-0.5580262346949655	0.5362415948679448
0.6251446017058441	0.03961521757993547	0.7795029579765146
-0.4562264280293276	0.8288771657659858	0.323759309424991
0.9898478018730582	-0.002169418831208747	0.14211482241135026
0.14023212719396103	-0.14800612526854784	-0.9789939414448119
0.023157712100541405	0.9889840648387243	-0.14619931554334564
-0.47253411986218197	0.8510603989836997	0.22892728725029457
0.8808350130794794	0.44751834752120934	0.1544571408681366
0.02900319464035281	0.274633439175917	-0.9611114861383467
0.1088443020004578	0.0619991344095816	0.9921234929455586
0.9820336646352084	0.14806481797187832	-0.11699013292623306
-0.1541518713644966	0.9870323789073068	-0.04476922540547834
0.3444540587678284	0.28225360007315525	0.8953682519746347
0.8537674176855894	0.30245487960373396	-0.423795047519873
-0.390426174707652	0.9104141645699688	-0.13679711639327774
0.36846463615810443	0.2626071752994388	0.8917798401971899
0.4404858505520288	0.795436859071243	-0.41623601321165293
-0.8186611187569197	0.5461846525783433	0.17741560789159183
-0.4268221333883182	-0.22360251718394042	0.8762561159608817
0.8968573345841238	-0.22901352094913263	0.3784174000031474
0.11605941518250718	0.9473936465543172	0.29828759715416875
-0.7703186077214026	-0.6229390327428868	0.13622115872182433
0.6273737381908788	-0.7786122867473615	-0.01284910714592643
0.11406767827286801	0.0755636712408908	0.99059512231892
-0.5839094743369191	-0.7558835622935601	0.2961245785712158
0.7780461462240827	-0.6251761568568313	-0.06163576269971707
0.23171948585614416	0.19440888136121823	0.9531585737548837
0.03255840429439305	-0.74231432214449	0.6692603360792936
0.861210317076912	-0.3189759840335915	-0.3956906763749765
0.5072048304877305	0.5892569632587874	0.6289034036964218
0.9896829238892788	-0.05940231551080954	0.130380501126212
0.14020211831182483	0.21406948617660293	-0.9667045159245726
0.029513999777139678	0.975010574301653	0.22018924546197882
-0.7665477232014544	0.03143453263198714	0.6414175381238608
0.10533131806403445	0.9914289062895696	0.07729189613640657
-0.6334902536657997	0.12680928172526013	-0.7632886115872317
0.7435143652753764	0.4200809019916554	0.5203060872323437
0.5517586896433901	-0.8249732098426672	-0.1223991480562501
0.3778210383662657	0.3780889297820871	-0.8451627205124899
0.08869356645936621	0.8858344235780156	0.45544574350071915
0.9272942137456766	0.09351399962723972	-0.3624645817559338
-0.3636741569351683	0.4544804790944507	-0.813135045179811
-0.4144259334104443	0.8478612580539565	0.33073015104166736
0.9065080650237728	0.4167545932639559	0.06751842000706124
-0.08058705704849442	0.32779093349962685	-0.9413069797636189
-0.9616801030409858	0.17880519348606494	0.20784629464460114
0.26187487416930694	0.37452828979225206	0.8894661940872743
0.08119685766018984	0.9098116634379347	-0.40700099186415906
0.5973470148268367	-0.7298902849824742	0.33232020065844536
0.8002808040718974	0.5155133574463471	-0.3062623269820045
0.05222239473161211	0.44889436416889594	0.8920575493239763
-0.6437152799886641	-0.1694764305550524	0.7462629414592648
0.36147578293145094	0.792185269894265	0.4917090161026591
-0.6745115986128112	0.5862765880101891	-0.4486801373895668
-0.7938685024585102	0.43460740573073586	0.42531071428813366
0.47381546445376654	0.003708184826014538	0.8806163495017327
0.3811452563639543	0.9006123762470155	-0.2088675209360229
-0.9738479514331941	-0.14819455608787435	0.17221655273314496
0.1867861990347504	-0.09067784562954428	0.9782067491906478
-0.12934868897488228	0.9847923140733289	0.11598713205600364
-0.5729390898487978	0.52018525206397	0.6333625366710405
0.6945202990431356	0.7184589943564275	0.038186746986151904
-0.4351808285532172	0.4617618184340222	-0.7729124591415515
0.9337203005112752	-0.3463005682373073	0.09078720643158969
0.35799586858664295	0.9015392763006623	-0.2430347534040618
0.002314840821546253	0.25942792780615603	0.9657596967083348
0.9975613358891436	-0.0207075801180318	0.06665266134763516
0.06951165488308189	0.3807691335284925	-0.9220536843304604
-0.0062857755673076665	0.9244382418948366	0.38127998367066307
-0.8520791618409325	0.4089118782515737	0.3267295177684812
0.5115761763022413	0.5186225023984579	0.6850697160478922
0.11068386420988476	0.7508806668377683	-0.6510970022760325
-0.3435746195865057	0.4613778864536161	0.8179773387249685
0.7962326341127318	-0.3187321209715921	0.5142211853228635
0.4979659357324437	0.827973599188129	-0.25785586263951243
0.43782766559801356	0.3071104631173836	0.8449793480794783
0.31853268063690837	0.8258962028115686	-0.4652229503664858
-0.8407400707729229	0.4728410151681625	0.26377548743483015
0.15520331456718184	0.41196590690820345	0.8978841922501263
0.9617458997495775	-0.27069797018131947	-0.04204085221054704
0.22573603049189106	0.8700613199568263	-0.43821974402432984
0.034769255506997054	-0.6006601976852062	0.798748036484759
0.9983337119642621	0.057704380624864604	-6.334317806061529e-05
-0.04605321299482379	0.797419294583138	0.6016656631380786
-0.9959824864757607	0.013311797541027577	0.08855327594046744
0.08848734409278086	-0.005464025293988595	0.9960623144979399
0.01374323720844816	0.999896464877146	0.004264147888966452
-0.5632659225245842	-0.13617677852951746	0.8149769233001943
0.3364171436942047	0.8630763433602487	0.37672633430719266
-0.7546886814781052	0.48636931494618846	-0.4403292898815767
-0.8324877362001664	0.003894198234522417	0.5540297864703959
0.5456884013375368	-0.167244033990525	0.8211294671002007
0.09585581736131418	0.9859078396659022	0.13710358844066783
-0.9293758107879742	-0.012935142160404506	0.36890823306004755
0.2695057193792265	0.6591425970038935	0.7020667375946879
-0.25224446385219607	0.7519067222150981	-0.6091050907221722
-0.5778280246045151	0.1686422967119001	0.7985452709404641
0.5268249723013435	-0.6702137519182172	0.522751351312835
0.6233540106082036	0.7227539709330153	0.2984233150396023
0.30159749386502754	-0.1041640551948298	0.9477282317730662
0.7199848491625169	-0.6267481645020863	-0.2980076429719425
0.6250286142815882	0.7722283262731517	-0.11402913413072935
-0.24833058464318025	0.21879311133316753	0.9436426734542738
0.8102134842838729	0.580848818384128	0.07854145444508254
-0.5309294026660827	0.7840562636794088	-0.32151165572918616
0.9479689420540782	0.11815243494838364	0.2956262623933125
0.23342088869373273	0.373509274356149	-0.8977780965758582
-0.21649381890090938	0.920071097299394	0.3264959452918048
0.9999961011848739	-0.0006013356765717913	0.0027269049223439495
0.0006073576377933868	0.9999973777901128	-0.0022080601437440396
-0.002725569986486451	0.0022097077414578743	0.9999938442110262
0.8965307737094895	0.2753808596986465	0.34698408306938017
0.40437791615634205	-0.8285681704835237	-0.3872380247168926
0.18086202674115576	0.4874835063601852	-0.8541948011489304
0.8655744768776208	-0.5007773170924537	0.0017040140014552767
0.500778442595218	0.8655754564889732	-0.0002838235608371532
-0.0013328202958495967	0.0010990039080063813	0.9999985078891214
