-0.13951014248005755	-0.7113838467081164	0.6888177863469829
0.8613264806029102	0.2560025771287219	0.4388386654747479
-0.4885218664066114	0.6545194444370742	0.5770187890323718
0.7716810569443575	0.21783869856279872	0.5975404988464844
0.25819761033185795	0.7513124102608434	-0.6073414659044452
-0.5812420669326656	0.6229574332139463	0.5235281234387837
0.9497650673989559	-0.09967377991205492	0.2966672451530501
0.19511117741688108	0.9297431125288707	-0.3122649086146668
-0.24469970411844602	0.35446139747957195	0.90248499849093
-0.6096011177169998	0.40170462188051315	0.6833885234901286
0.7312375798618636	-0.047898411770649796	0.680439081731505
0.30606874893714453	0.9145157947841486	-0.2645425901709739
0.5980872552735035	-0.5344444685106189	0.5972108046224628
0.6830272738252843	0.7297351735715246	-0.03098902488522423
-0.41924381723551674	0.42644540861749125	0.8014854553757377
0.22868392035397767	0.8190358396744839	0.5261976414810778
0.9490039167656537	-0.0670634756085593	-0.30804878867275
-0.2170143555965457	0.5698094274123705	-0.7926045583372598
0.9474156305097358	0.11404822493842176	0.298992684616589
0.19652569009837956	-0.9447446967797826	-0.262364462223512
0.25254955196395734	0.30732793607947867	-0.9174792986808653
-0.9940519630965805	-0.07974061568089862	0.07417633635241214
0.10529460221476265	-0.5297337945687617	0.8416027291045437
-0.027816207654348796	0.8444072128437868	0.5349791748181585
-0.9859592995144557	0.06513381449251807	0.15375905147541474
0.07594001300348788	0.9949600077078952	0.06548051226842393
-0.1487191115021707	0.0762375843764699	-0.9859363349641024
-0.8903754872128986	0.22004572415346516	0.398511444066754
0.4543822069190203	0.37628463930586564	0.807432152108061
0.02771825762549099	0.8999943052621118	-0.4350194808166352
0.894334270273957	-0.036078660388042805	0.4459423093609229
0.44466481869476343	0.18171396387864636	-0.877070826300056
-0.04939040421683105	0.982689353557936	0.1785559362641964
0.19267390678261476	-0.375568007374342	0.906545882722982
0.6850800434618551	0.7129110457174328	0.14974369751137814
-0.7025255153340888	0.5922047895204349	0.3946535031817535
-0.4428354146008153	0.8033735622757618	0.3981051557210428
0.8645367155729995	0.2649140858733968	0.42707937732008616
0.23764061732282565	0.5333023969027466	-0.8118592799594095
-0.8396688569112041	-0.48511895119958137	0.24416349833759038
0.5210977319967655	-0.8463089127958889	0.11053677139336018
0.15301426221519215	0.22004732970263216	0.963413622619839
-0.015213229097988501	0.5154335059677747	0.8567945253012417
0.5979098533519077	0.6914998831389063	-0.40537848843220464
-0.8014189696563916	0.5061187731596675	-0.3187027181092763
0.7334049224400174	-0.6665657724292587	0.13344396114675833
0.6795674360960006	0.7138522071621438	-0.16912458759046242
0.01747339516694362	0.21472097558347988	0.9765191155864889
-0.21694207340424776	0.9191578727172295	0.3287627439491946
0.9622075321436926	0.25813066099928406	-0.08674806590361342
-0.16459891212584332	0.29751868323520503	-0.9404200291640854
0.11586257131483635	0.8694416133366403	0.4802573742972557
0.9222058059761504	-0.27375732750376414	0.2731178812561993
0.36893402661206665	0.4112519989453871	-0.8335223316571847
0.9174779559333678	0.011045393854167692	0.39763324766791763
0.0569516828732497	-0.9929636915001203	-0.1038249159901384
0.39368859037853	0.11790295431862943	-0.9116513517615743
0.8158329307563241	-0.12830832903403733	0.5638737463245119
0.5669290405819992	-0.014850985267024885	-0.8236327526157351
0.11405302292495689	0.9916231244465269	0.06062579504293042
0.2100581965767705	-0.6618274928065095	0.7196248493599733
0.9762553461958163	0.10214208870259078	-0.19103008333652238
0.052924975909314276	0.7426650412406129	0.6675684110591791
-0.5052994754011892	-0.3456342156028889	0.79070185858126
0.8451961078559624	-0.01334753809829281	0.5342896054499349
-0.17411484550266082	0.9382743906935169	0.29887319776837484
-0.2976857214670252	-0.17601474125501987	0.9382974059942749
0.8642030873964066	-0.467294007682304	0.18651899130847183
0.40563066325066643	0.8664035556512563	0.29121923663399196
0.1609587359336997	0.6415377646939336	0.7500143877274199
0.7477437753427186	-0.5752629986861977	0.3315896994461404
0.6441828403200782	0.5074463309691724	-0.5722994752951305
-0.22139168113537333	-0.42753153803305344	0.8764716239052724
0.9101006052805624	-0.41342516466400214	0.028222712316455734
0.3502893258322436	0.8039256291533659	0.4806256037690433
0.9483862330197128	-0.01294639933954074	0.3168531896049338
0.1866131769686319	0.83063159731349	-0.5246205025788778
-0.2563963244673235	0.5566718425505114	0.7901755403143441
-0.08303443484682815	0.027289581403919794	0.9961729575613197
0.8454582570889777	0.5311054576890935	0.055922520802684894
-0.5275467923793454	0.8468661473690263	-0.06717224345372586
0.9229715187029119	0.10417375380476883	0.3705015582713029
0.10705606015688544	0.8551864517782696	-0.5071440945910528
-0.36967901704982603	0.5077439922964297	0.7781603065178522
-0.961337012046793	-0.2609215532856205	0.08804028793662179
0.2662002898723467	-0.962371601701838	0.05457385738352673
0.07048797727856	0.07590021916212099	0.9946208331773064
0.20686179050564923	-0.1592490560729282	0.9653227117232238
0.24380909566733475	-0.9471462950470872	-0.2084970518939109
0.9475047886415525	0.2784845308423022	-0.15710201011721492
-0.3373022622554396	-0.24240062285885045	0.9096532976442202
0.8383682831450736	-0.5168783737862197	0.1731339612222133
0.42821233715733187	0.8210229501967374	0.37756523880847537
0.6392174576687122	0.19033238492929644	0.7451004127355414
0.4910962205899119	-0.8466301972160037	-0.20504099903262155
0.5917985670258528	0.49698178277389315	-0.6346523171446163
-0.32763773659025963	0.08759222460093402	0.9407343491929437
0.8126258497242258	0.5340533612527928	0.23329431132064526
-0.48196757351713193	0.8409010699981619	-0.24615574044485466
0.7641222149429667	-0.26351535075959376	0.5887927483798547
0.5026702065251093	-0.3287985376354754	-0.7995087148497992
0.4042770140666653	0.9068909424858216	-0.1187809510591662
-0.9903732869122495	0.06619644208995806	0.12156802056979574
0.09792350512943634	-0.28568055492879396	0.9533087682795861
0.09783526825124314	0.9560359049691635	0.2764482025551984
0.7444716245216209	0.2481247804514319	0.6198355375485238
0.6114225059111797	-0.6262876300883033	-0.48365930536243174
0.2681874708994291	0.7390520263988899	-0.617962444431911
-0.49443823498744965	-0.3958942892337265	0.7738207437996334
0.8601215887906513	-0.0944214796791425	0.5012738140691642
-0.1253861406964148	0.9134288674698887	0.38720281480631724
0.385545842908956	-0.45982927396334405	0.7999446492239113
0.8742531761492545	-0.09514966997196916	-0.47605453920445506
0.2950182824988367	0.8828949989158219	0.3653226435370075
0.7187225250224278	0.5907331487504048	0.3667046209046426
0.6732982010871114	-0.7229328199689309	-0.1550408663050771
0.17351502654884235	0.3583329244978767	-0.9173276681658267
0.6212873594779285	0.7392582080272333	0.2598063101953203
0.7766643964331238	-0.5370058416619439	-0.32926758318139787
-0.10389625722861615	0.4063520984138152	-0.9077904713360754
0.47240507421615463	0.810071582552701	0.3473002692129567
0.8408701987469382	-0.29613735027225574	-0.4530341914613203
-0.264141542953989	0.5060500972377047	-0.8210618395538769
0.6477207421231144	-0.027550852371482304	0.7613795313489106
0.6962845968502347	-0.38425460456647453	-0.6062476054043995
0.3092662290205447	0.9228159889181955	-0.229706443497663
-0.1615582795736914	-0.3520657091746888	0.9219266015928341
0.5651665428533302	0.7328225769702152	0.3788902869195089
-0.8090029055203719	0.5822549330886398	0.08058220494339785
0.8892665776503619	0.31964484015740713	0.32715765318078455
0.45067779797017726	-0.4902592730024862	-0.7460129808869455
-0.0780671268253476	0.8108471011206858	-0.5800280185589448
-0.22793723089924134	0.626446405470556	0.7453921919654148
0.7938395545890796	0.5628428819151852	-0.2302751655025366
-0.5637937391810924	0.53923352209449	-0.6255907834277721
0.10990642252743121	-0.07316114451387318	0.9912456936706673
0.881361815891619	-0.4538529905854487	-0.13122047258287417
0.45948006243519407	0.8880680772722692	0.014600080632833579
0.06548120407830416	-0.6813854490983872	0.7289897678770565
0.9684942438076255	0.21930912285465187	0.11799325550309614
-0.2402729939546914	0.6982960535401245	0.6742785106959411
0.14801764337770928	-0.5142054270927114	0.8447979379693771
0.9828234982820638	-0.01872079001380822	-0.1835960327617806
0.11022136123962167	0.8574627168394328	0.5026021694708686
-0.40270891269049347	0.3471224296703408	0.8469542788482741
0.523233685534825	0.8465174268438239	-0.09815679483028755
-0.75103398189515	0.40362639268198336	-0.5225262607460461
-0.11541993912066983	0.9643057948831678	0.23831192082672467
0.9931267967899166	0.11671969377272262	0.008699343848937613
-0.019426866736072884	0.23767803230493137	-0.9711497051477056
0.46556117361213034	-0.18455494112060328	0.8655589334833685
0.23028606623369985	0.9695878903504147	0.08287128926498097
-0.8545297662009813	0.16074450719636676	0.4939029075463044
-0.8109687675272403	0.36922966918372785	0.4538712477011777
0.3787322898105863	-0.26000929556065433	0.8882325252302363
0.4459725448390057	0.8922245331846279	0.07102021989049112
-0.6989442755364466	0.14264256120037733	0.7008066776430061
0.32997858354148923	-0.8050484174467663	0.49296164147974997
0.6345006178868419	0.5758039121963776	0.5156149926064622
0.060109626161688134	-0.32461612669830653	0.9439338976486069
0.6728990112147655	-0.6852973526386799	-0.2785219186574138
0.7372881075596518	0.6519140347881806	0.17724090300295225
-0.900290569597533	-0.42065432722850005	0.11192330980491683
0.43519082996941105	-0.8643517922275261	0.25200182694496104
-0.00926454555196897	0.2755828664068232	0.9612326731539635
0.488185467533646	0.5412296915241116	0.6846498158194965
0.8670808933193709	-0.21159405482298244	-0.45099742837853385
-0.09922536837642609	0.8138171643411583	-0.5725870669987918
-0.5890096211685558	0.19073158684740876	0.7852955672544853
0.43285332137305976	-0.7461377332099652	0.5058818886426018
0.682426309829263	0.6378870941310573	0.35692350271991136
-0.34369865269458266	-0.8889539064445685	0.30270809099340307
0.9364256029439763	-0.34865235448017806	0.03935258398681371
0.07055725538128386	0.29698903672083576	0.952270542325389
0.6460575414895582	-0.35658353541926013	0.6748761629753781
0.5483120840267303	-0.39828429416217026	-0.7353390235354069
0.5310023649615241	0.8451140770876102	-0.0617955104649619
0.7615228769693371	0.5206267465323294	0.3860449438180812
0.5837872333826938	-0.8097163685707618	-0.05959755538575964
0.2815588286517121	0.27075301155063813	-0.9205527865063123
-0.6920535577133056	0.34636838847932394	0.6333173080838651
0.6251633890419364	-0.1510279656881397	0.7657423134329872
0.360877555769208	0.9258614869635408	-0.11201739463004845
-0.8966072475164559	0.09723121706548069	0.43202029365404887
0.1925338922151	-0.792964099925944	0.5780472615428104
0.3987808220683004	0.6014599127594485	0.6922570543475358
0.5646297995655856	-0.1493454412387837	0.8117198584633245
0.38121756666773	-0.8251055664992166	-0.4169819792220541
0.7320289313315844	0.5448823206098723	-0.4089460849309339
-0.44390647372570413	-0.40199306466540663	0.8008424430219249
0.4671321702437564	-0.8664907697136082	-0.17601500369138176
0.7646793956343855	0.2959650688206856	0.5724247548195289
0.8093125428807653	0.13127468624600863	0.5725208858084407
0.1704351811512142	0.8802879698021511	-0.4427696232213316
-0.5621076916052852	0.4559167105652294	0.6900542703770178
-0.6228230678874833	-0.028635840879573715	0.7818384837831552
0.5299975666723391	-0.7505355011741119	0.3947138720626931
0.5754945746300505	0.6602093986716975	0.48262774938552067
-0.5904585608461645	0.38235476804365903	0.7107485626279917
0.5132527845624741	0.8575264620429808	-0.034927725876657156
-0.6228404828383773	0.3441703041378324	-0.7025784900545484
0.5665661893653311	0.039329424949833575	0.8230771223896112
0.48616938965546064	-0.8224377753477148	-0.29535644608360634
0.6653135182980161	0.5674938783936059	-0.4850861988922157
0.9281190841605382	0.33772199220385657	0.1566487203869281
0.3549457411375734	-0.9296593011545797	-0.09872742590120098
0.11228751696115853	0.14723260426494075	-0.9827075219901702
0.6843467430349544	0.3027760953101778	0.6633220721536199
0.7291286253798	-0.27617116845287826	-0.6261796334656174
-0.006401792656228367	0.9121711033704664	-0.40975955782225837
0.20572078148516282	-0.1625821278081147	0.9650108868725367
0.796071611913099	0.6013250795969046	-0.06839691041162882
-0.569165133130284	0.7822884380873605	0.25313208185377034
-0.31461493912981275	-0.2536594551741397	0.9146990329485994
0.28099477364151537	0.8955540888994992	0.344999726147053
-0.9066749016392247	0.36556771555506185	-0.21047771397788329
-0.16662089768192212	-0.0462066607572661	0.9849377751702559
0.07333321069692239	-0.9967156452545698	-0.03435349638170784
0.9832902504675574	0.06650463898428553	0.1694621383348459
0.5544406405056626	-0.2884475911374562	0.7806366397516001
0.8317902907097408	0.1618144884427506	-0.5309811518415846
0.026841915667024097	0.9437235074411412	0.32964443430204393
0.17310657399769758	0.39073748579802026	0.9040787195985878
0.8792428237783695	0.3523244180285844	-0.32062370669533846
-0.44380870977597864	0.8504067977462676	-0.28256345742845124
-0.46565017779506457	-0.2002274052460924	0.8620202422842761
0.6337283039508315	-0.7553401506091852	0.166882274820594
0.6177040947662785	0.6239953870551534	0.47861404935799967
0.16964106930392286	0.44900970992514133	0.877275434512082
0.8131156589819322	0.4392013239814244	-0.38202764576839504
-0.5568346547439375	0.7781339713737632	-0.29059024393516
0.26022117208098705	0.36987809839043195	0.8918941270867722
0.5230472461942007	0.7224448865551811	-0.4522111941769406
-0.8116073680354685	0.5841776940463831	-0.005468265647358139
0.2814325938762179	0.24863970706884453	0.9268084975726233
0.7689508698038888	-0.6362142180493562	-0.06281742258075768
0.5740298380153656	0.730349070527625	-0.37024313666493236
0.9487758483302667	0.23451840971705656	0.2117203465162607
0.2990943150283814	-0.8826211902335652	-0.36266020634801904
0.1018183693784479	0.4074075969523239	-0.9075527916339889
0.7545071506871426	-0.03648928894511311	0.6552766525325389
0.5606700259181028	-0.48313857654261216	-0.6724776857958733
0.3411276617323249	0.8747832003694741	-0.34407306019561856
0.607069526058416	0.04418503095769841	0.793419355429698
0.33453606601084973	-0.9198742007807954	-0.20473659974678976
0.7207997024619215	0.3897167404374105	-0.5732090815345179
-0.7370709005087381	-0.2088375056562968	0.642738970231691
0.5240105637988886	0.42398875579361994	0.7386788639102578
-0.4267779477086526	0.8812607055757306	-0.20307671495707336
-0.7608118132991988	-0.4002190706591266	0.510871882398249
0.45330621298080126	-0.8910586771790401	-0.02297631600026019
0.4644123835745444	0.21410074568923015	0.8593497592237551
0.034975171079906886	-0.9281697341982417	0.3705100294543951
0.9831239959124402	-0.03465834655655664	-0.1796274134844731
0.1795659936321114	0.37053980020010147	0.9112937563698006
-0.6335373514724161	-0.5578717535048523	0.5361058952583321
0.6251959256874275	0.03908333199560787	0.7794886449871876
-0.4558075019053076	0.8290063931005252	0.32401839670812005
0.9899908182914424	-0.001550634736691911	0.14112326254219587
0.13935322019863589	-0.14750788916837299	-0.9791946193956347
0.022335167760970075	0.9890596636022544	-0.1458153699583311
-0.4727433935263323	0.8510735984033388	0.22844564775455872
0.8807253341784795	0.4478260687206901	0.1541904598552627
0.028923513158208417	0.2740903907016155	-0.961268894800837
0.10882177561504158	0.06155517214471079	0.9921536080336675
0.9820537570416197	0.1480054547828642	-0.11689655099684049
-0.15403973329121579	0.9870690685746122	-0.04434427167987365
0.34446118349026733	0.2833320897105129	0.8950248153033291
0.8536687162880965	0.30216626704470473	-0.42419956375661405
-0.39063565620603274	0.910174968893642	-0.13778719134934225
0.36983674539093647	0.26198747079704277	0.8913940469309901
0.44047321090471725	0.795306847105443	-0.4164977423978288
-0.8180489791167324	0.546671367544129	0.17873523344182485
-0.4274498342654727	-0.2225451159806482	0.8762193278737804
0.8965011619324974	-0.2292477385899001	0.37911890088084343
0.11650023965684336	0.9475859568949808	0.29750386292504083
-0.7705478097393073	-0.6226035219944965	0.13645851862747185
0.6270889054321478	-0.7788467945344786	-0.012536958454016402
0.11408583430849924	0.07591129720545867	0.9905664527767525
-0.584282536881749	-0.7557427437561828	0.2957479033820941
0.777707517691945	-0.6255543608950636	-0.062070592800472085
0.23191579079584235	0.19373860437467175	0.9532473022015292
0.03298853887186193	-0.7418660285332457	0.6697361809036521
0.8608892667160206	-0.31931854733258636	-0.396112781645025
0.5077218005524798	0.5896358715662714	0.6281306489943246
0.9897594940707555	-0.059934789503814104	0.12955294247501903
0.13952882815263723	0.21463786541947283	-0.9666758985526246
0.03013054946651207	0.9748530185291041	0.2208024960310465
-0.7661329837198911	0.03138742748953864	0.6419151662424295
0.10613002663733716	0.9912726948448329	0.0781975824499767
-0.6338585557538962	0.1280362208543026	-0.762777855897071
0.7428497298645141	0.4198622646511272	0.5214306833724356
0.5525189769050397	-0.824316546700715	-0.12338967134738571
0.3780172734148884	0.37976033173231044	-0.8443251929455491
0.08859116141831658	0.8855863620362301	0.4559478056685758
0.9269475284202526	0.09424616711918632	-0.3631610380243561
-0.3645817955879575	0.45481254969358303	-0.812542712087853
-0.4136451919194626	0.8480187018713482	0.3313033903816034
0.9068047527673074	0.4162261147261057	0.06679043178954128
-0.08125758771052746	0.32805502998192904	-0.941157320400273
-0.9618290972583234	0.17875956479013472	0.2071950908281375
0.2613330982819235	0.3754168493446526	0.8892509212649178
0.08117757947616452	0.90945434587129	-0.40780264021486534
0.5968505965687277	-0.7304794479422761	0.33191737150908707
0.800595943277579	0.51483893363815	-0.3065730060162112
0.053061294585009994	0.448709982666176	0.8921008073489693
-0.6438012245093296	-0.17020166526611136	0.7460237103879008
0.3616197874033178	0.7915323173410357	0.49265375261242983
-0.6743523653689272	0.5869480247393056	-0.4480411851336443
-0.7941345120785877	0.4355822662808567	0.4238141880911211
0.47242749210244095	0.0037592393251483225	0.8813615222061231
0.3823122302928608	0.9001410763993214	-0.20876637935062603
-0.9737945067709681	-0.14772736417597596	0.17291872211043258
0.1874512560285829	-0.09079283829940454	0.9780688560254052
-0.12878775250773306	0.9848519108917628	0.11610524715468373
-0.5730527196002082	0.5203986064036518	0.6330844106530675
0.6944751723227608	0.7185124485971935	0.038001266270179024
-0.4351032240584714	0.4614381341675203	-0.7731494245939272
0.9334858319388323	-0.3469955977614957	0.09054422512567259
0.35860545168985947	0.901448166600983	-0.2424733654446157
0.002516264647851811	0.25881510401417573	0.9659236048189077
0.997606865028471	-0.019631123502579288	0.06629601675887135
0.06876976908689257	0.3810149913001467	-0.9220077522799277
-0.007159728193272947	0.9243604250478141	0.3814531988299781
-0.8522035399921521	0.4087776346891304	0.3265730726848199
0.5114109677195927	0.5189901305752804	0.6849146417339632
0.11048958557689736	0.7506997334110445	-0.6513385922357378
-0.3432204305099158	0.4602981830522095	0.8187339731313357
0.7964640151507134	-0.31939510176798835	0.513450914437418
0.49784014367123125	0.8283189914794005	-0.2569880147087735
0.43818334092618105	0.306604278811407	0.8449788020709792
0.31938652699932174	0.8255838182604271	-0.46519200917239073
-0.840230686244011	0.47371423373281824	0.26383179992724004
0.1552104482124249	0.41191302010176783	0.897907222733139
0.961596914397548	-0.2712676100779259	-0.04177628446529308
0.2263649508797972	0.8699089306319661	-0.43819785647574316
0.03534633068612536	-0.6005361642813802	0.7988159689798608
0.9982990717145883	0.05829961183976495	-0.0003444896569625433
-0.04636378242570466	0.7974694167487176	0.6015753726921026
-0.9959754603759596	0.013598927570424399	0.0885886646125206
0.0885208564779869	-0.005510937610093247	0.9960590783357488
0.014033541865792601	0.9998923435728428	0.004284969907599745
-0.5640472182640861	-0.13578118152046034	0.8145024286725331
0.3363939154241741	0.8630412841495504	0.3768273815941307
-0.754115289086583	0.486542097457561	-0.4411200722790305
-0.8321741427086702	0.0038977689712320074	0.5545006795344233
0.546122659668969	-0.16754918571349187	0.8207784786182186
0.09610534221978359	0.9858560126934324	0.1373014400253162
-0.9295624384205947	-0.012916469524023338	0.3684383773341108
0.26923513139561095	0.6589248967207948	0.7023748461497449
-0.25184542302758994	0.7520978296049822	-0.6090342663623527
-0.5779416895262841	0.1684113049608419	0.7985117631374566
0.5271292683803485	-0.6699256532251572	0.5228138804274844
0.6229912823822673	0.7230748588578031	0.2984034359109593
0.30161304469709327	-0.1043031325187509	0.9477079865735676
0.7203065017146278	-0.6263007602213357	-0.2981709263724618
0.6246503941055221	0.7725724653991709	-0.1137702546840027
-0.24796281852854496	0.21928177607856653	0.9436259551894538
0.8103848548093924	0.5806813156456607	0.07801023494122122
-0.530839738266588	0.784043820420679	-0.32169000596413655
0.9480385003341513	0.1184665348535527	0.2952772967973757
0.23293711373044879	0.3737118441651961	-0.8978194465356475
-0.21671018188147384	0.9199484429306026	0.3266979635970483
0.9999914759085	-0.000971540093033585	0.004013006377704481
0.0009845750862798697	0.9999942421965611	-0.003247489126220624
-0.004009828205714745	0.003251412550426737	0.999986674708312
0.8961636580106198	0.2746657456874413	0.3484959486234908
0.4046952065380234	-0.8280184337318268	-0.38808151618627607
0.18196837051029374	0.4888191910576487	-0.8531959391532371
0.8653142581042444	-0.5012231257533899	0.0025715620744039174
0.5012257787271137	0.8653164134453982	-0.00047261124726974185
-0.0019883311845526573	0.0016978904540911536	0.9999965818477113
