-0.1406536705123813	-0.8607176631709004	0.489266439966016
0.7111512767907815	0.2559893182930424	0.6547773136255597
-0.6888253817116757	0.44003928600238407	0.5760946278904849
0.7731593763945402	0.21722684193419922	-0.5958498786074392
0.2584046392866766	0.7500937143296207	0.6087581310490365
0.5791818549370552	-0.6246374299275442	0.5238095646751634
0.9497837865957297	-0.19319866860932194	0.2461402713240214
0.09697666831141566	0.9296390949380089	0.35548091223869854
-0.29750005802200297	-0.3137601434383039	0.9016919029615824
-0.609009240649697	0.7319510392576778	-0.30554119351224274
0.3990415507589622	-0.05016880120474476	-0.9155593547955052
-0.685473256641835	-0.6795077391136062	-0.261525614259011
0.5969720333033461	-0.6833026247841621	0.42038305676697196
0.5340477554182911	0.7294931567045053	0.4273555068721837
-0.5986797026677568	-0.0306146579985882	0.8004032460761736
0.9633610051988264	-0.10408494837172245	0.24718797945038215
0.10408494837172245	-0.7043129448191869	-0.702217629572614
0.24718797945038215	0.702217629572614	-0.6676739500180133
0.9599428834392313	-0.041486158083245815	0.277107486766176
0.041486158083245815	-0.9570338191992163	-0.2869933232611064
0.277107486766176	0.2869933232611064	-0.9169767026384474
-0.9941943316242032	0.07865616827247063	0.0734223273875026
-0.10410383231108283	-0.5306383506414536	-0.8411809156933271
-0.027203364947204076	-0.8439408439110002	0.5357460489022183
-0.985907457035168	0.075847212967805	-0.1491096457224151
0.06511259993576926	0.9950095288433266	0.07560679096870683
0.15410008271267142	0.06483238231005937	-0.9859259235419007
-0.6624950722693013	0.36110455127321067	-0.6562802619831457
-0.36110455127321067	-0.9215657843892218	-0.14254826583600275
-0.6562802619831457	0.14254826583600275	0.7409292878800796
0.9473023059510868	0.24725114711105448	-0.2036791874296961
-0.24725114711105448	0.16007219767509073	-0.9556378821414176
-0.2036791874296961	0.9556378821414176	0.21276989172400396
0.19272889728983644	0.6845424538482173	0.7030342815460033
-0.374638161992057	0.71352495522117	-0.5920543774484237
-0.906918860609182	-0.14927748375454566	0.3939726045237847
-0.4428533590454198	0.8030479037327058	0.39874172930945534
0.8644483371849279	0.2644096469022422	0.42757059178952506
0.23792850758242817	0.5340426976708305	-0.8112881253562509
-0.8397015122092368	0.5214115549680748	0.15176086695619423
-0.48586672958733057	-0.8461745558930247	0.218911265218021
0.24255904739595496	0.11008456433586544	0.9638705811577348
-0.01424179187671304	0.5969030764521843	-0.8021869412338112
0.5146851720450496	0.6921992640882084	0.5059242556674867
0.8572609550429193	-0.4056684559066189	-0.31707532045437015
0.73509061577159	-0.6736965873318207	0.07599141281752336
0.6736965873318207	0.7132918605526196	-0.19325534892168109
0.07599141281752336	0.19325534892168109	0.9782012447810298
-0.21663352477106268	-0.9193796626566623	0.3283457809057201
-0.9621554749469027	0.2580180367193987	0.08765577423745138
-0.1653080699027283	-0.2969305114345592	-0.9404815327289766
0.11532115442475332	0.9223175503035477	0.3688243047091737
0.8693645264709182	-0.27333312406207644	0.4116968829180786
0.4805271599567902	0.273165407203271	-0.833351251784824
0.9188396806485782	0.022884743723832635	-0.39396691456302935
-0.022884743723832635	-0.9935471977009129	-0.11108669787763784
-0.39396691456302935	0.11108669787763784	-0.9123868783494911
0.8160495023597891	0.12901293948221706	0.5633993886618074
-0.5665540547395858	-0.014328756391382758	0.8238999877402663
0.11436657184892335	-0.9915393830738314	0.0613998294549003
0.2092025912129325	-0.6623390612299307	-0.7194033943476001
0.9764738953252208	0.1021654473681669	0.18989721723198605
-0.0522781749699095	-0.7422056246978437	0.6681300794670894
-0.2944688412394296	0.8497288281465755	-0.4373202718326179
-0.8497288281465755	-0.44221208083153707	-0.2870703645158958
-0.4373202718326179	0.2870703645158958	0.8522567604078924
-0.2968000511838722	0.8646831223749836	0.4052564959344883
-0.1756511847446911	-0.4665715911174111	0.8668665477799646
0.9386460413356236	0.18610225211430526	0.29036108699849295
0.16096942249451107	0.7484081779372894	-0.6434081474603582
0.6409097388409378	-0.5750195858344769	-0.5085146827433675
-0.7505488336415057	-0.3305112329457704	-0.5722226605230192
-0.151083640126503	0.7291521361826423	-0.6674660260915268
-0.7291521361826423	-0.5381197167902747	-0.4228053130009648
-0.6674660260915268	0.4228053130009648	0.6129639233362282
0.9477353155393902	0.1866754024487989	0.2587471078099842
-0.011669865529762541	0.8307118833295908	-0.5565802557884367
-0.31884414047927856	0.5244712203882911	0.7894734657139825
0.5818758939893798	-0.7056461708203721	0.4043314551214218
0.7056461708203721	0.19088211187901782	-0.6823690357652173
0.4043314551214218	0.6823690357652173	0.609006217889638
0.922791170451478	-0.10515376705003934	0.37067390117457344
-0.10642994000285191	0.855042911312937	0.507517770806586
-0.37030949705318217	-0.5077837188101674	0.7778345397984947
-0.9612069169497139	-0.2661352529739279	-0.07247958286668901
0.26051601427726523	-0.9622769789501071	0.07845012484211347
-0.09062377785721354	0.05652471058889946	0.9942797835517564
0.2069626509490161	-0.15860796439200658	0.9654066369896055
0.2436684302309971	-0.9473194857492802	-0.20787373097262962
0.9475189482120754	0.27826121819460126	-0.15741199836079578
-0.33669213249609364	-0.24249253671924192	0.9098548112477618
0.8390904924868163	-0.5157319635762019	0.1730540007167347
0.42727690475084823	0.8217164421996815	0.37711607667299496
0.6385532420153371	0.4912800914077149	-0.59236275110622
0.18982336278677972	-0.8464892061541458	-0.4974164400226868
-0.7457994690612356	0.20518259100360334	-0.6337848659419281
-0.32782007196845897	0.08782297632609193	0.9406493104466835
0.8124713431793285	0.5343012176689715	0.23326492515985375
-0.4821040519711201	0.8407195332729465	-0.24650831516674376
0.7641122359570864	-0.26395950461466255	-0.5886067199618468
0.5020481088112712	-0.3296195037650653	0.799561554338813
-0.40506812673880915	-0.9064636576616045	-0.11934592594243809
-0.9852008740634122	-0.026496227584231917	0.1693434016089616
0.026496227584231917	-0.9996463581668904	-0.0022602051850475397
0.1693434016089616	0.0022602051850475397	0.9855545158965218
0.7446108118458878	0.6108168895477077	0.269179245718297
0.2483468311637162	-0.6278268442182808	0.7376701872312961
0.6195793656450709	-0.4824273842996252	-0.6191810951124668
-0.49521113554310237	0.3954463601107555	0.7735554973686545
-0.8596455157231967	-0.09431379879861956	-0.5021100423743515
-0.1256006310936013	-0.9136339987277885	0.3866489335787191
0.3848578668263771	0.8743793295984228	-0.29554223101422156
-0.45890029954415934	-0.0965477306643816	-0.8832265002714983
-0.8008089269108654	0.4755410851593908	0.36409578259751585
0.7193953334050679	0.6725947047133668	0.17345523188001616
0.5895075760027063	-0.7232776216740737	0.35965302698699714
0.36735700906669083	-0.15647953596887704	-0.9168222197964777
0.6204195956511959	-0.7774081933659125	0.10351824099913395
-0.7398017856016676	-0.5363071270064474	0.40628559357018207
-0.26033217886498605	-0.32865052321522154	-0.907863420475663
0.472148699740792	-0.8412201760167536	0.26348476387719605
-0.8101092169277421	-0.2962169501016536	0.5059432528665597
-0.34756101907693887	-0.4523318847205192	-0.8213386658884283
0.6471423718991061	-0.6965627557405054	-0.3098500892496116
0.027722217436689955	-0.3846607733289096	0.9226416249673537
-0.7618649677949447	-0.6056702211411744	-0.22962002105567692
0.534347462719172	-0.838909091653263	0.10346170802321164
0.838909091653263	0.5113596678075667	-0.1863942758810801
0.10346170802321164	0.1863942758810801	0.9770122050883947
0.8893905268352457	0.4503988238543857	0.07826487236500335
0.3195709271837276	-0.49013034420913115	-0.8109541714452004
-0.3268928161869833	0.7462661356084872	-0.579851654795706
-0.22892137572214377	0.7944669086455002	0.5625098530734762
0.6267766992279974	0.5624308392842486	-0.5392796309215399
-0.7448127100434967	0.2291154339831305	-0.6267057881242077
0.11115626607616169	-0.07135236835194414	0.9912381772523565
0.8811916930608212	-0.4541013729060157	-0.13150339617468132
0.45950569593053914	0.8880882741346382	0.01239890123965759
0.06514019276919325	-0.6819562672438878	-0.7284863793186358
0.9684925259664724	0.21906080064776057	-0.11846768659277473
0.24037259085235596	-0.6978166056969016	0.6747392106440686
0.147728281966793	-0.5140938788935779	-0.8449164682921592
0.983021131382447	-0.01768871298094865	0.18263779644052797
-0.10883845810518344	-0.8575515104745797	0.5027520232878762
-0.40134250937921	0.34647661763495574	0.8478668194931562
0.5237698613155047	0.8462185749947821	-0.0978736722072763
-0.7513915906787463	0.4048062212541219	-0.521097496339431
-0.11504741190032441	-0.9932114907704188	0.01717636796995825
-0.9639710596746822	0.11580186026679484	0.23947802669226254
-0.23984138326132837	0.010993805544578683	-0.9707498375559693
0.9608942713129074	0.27680882751076036	-0.007685855199965486
-0.27680882751076036	0.9593836903280213	-0.05440411514495425
-0.007685855199965486	0.05440411514495425	0.9984894190151139
-0.7002478054549162	0.004902010023286165	-0.7138830305122162
-0.004902010023286165	-0.9999858669411652	-0.0020582069036039576
-0.7138830305122162	0.0020582069036039576	0.7002619385137508
-0.6684895711972416	0.10322599835782469	-0.7365229707643597
-0.10322599835782469	-0.9936136210133311	-0.04556715264097639
-0.7365229707643597	0.04556715264097639	0.6748759501839106
0.06103082585596964	-0.32397039284255336	-0.9440966173314996
0.67247881699134	-0.6856190401279778	0.27874499549214937
-0.7375957422553808	-0.6518970136267171	0.17601933027739214
-0.900523324860544	0.41985092237183375	0.11306168389703011
-0.4347223094280174	-0.8642225042034295	-0.2532508181900407
-0.008617138021562248	-0.27720870515168594	0.9607710854935441
0.487081974212612	-0.8677699011701259	0.0986232681487203
-0.5415535344064544	-0.21150612750239817	0.8136245616995696
-0.6851794799678561	-0.44971163722115254	-0.5729646791721539
-0.5331775037991064	0.13863613367154806	-0.834566816907525
-0.13863613367154806	-0.987463958014144	-0.07546491942383106
-0.834566816907525	0.07546491942383106	0.5457135457849625
-0.3431304655768994	-0.8896780889014617	-0.3012214828355094
0.9367619505173104	-0.3476359409132759	-0.040327418071897436
-0.06883699336827849	-0.29601038953723274	0.9527010641486822
0.6526135446431405	0.4545697081457532	-0.6061863919493743
-0.4545697081457532	-0.405176522062592	-0.7932202508796321
-0.6061863919493743	0.7932202508796321	-0.0577900667057325
0.9295831271354598	-0.034696721609087704	0.36697594915013304
0.034696721609087704	-0.9829037780087964	-0.1808211842833023
0.36697594915013304	0.1808211842833023	-0.9124869051442561
-0.47509941644131826	0.23751594741726448	-0.8472701571633443
-0.23751594741726448	-0.961755916483501	-0.13642482117071053
-0.8472701571633443	0.13642482117071053	0.5133434999578173
-0.896355469195413	0.19187224982910908	0.3996647502457369
0.0980501449333043	-0.7933722830688403	0.6007883067576251
0.43235753945320454	0.577707071277176	0.6923304831323829
0.565633782464686	0.14858142026497229	0.8111608876707112
-0.38149215776228756	-0.8249091217661608	0.41711949653888813
0.7311102226754639	-0.545388395896929	-0.4099138201139463
-0.4427252584521779	-0.435559493629243	0.7837616174819289
0.435559493629243	-0.8685043660397997	-0.23661803329256742
0.7837616174819289	0.23661803329256742	0.5742208924123782
0.8086698506981312	0.13195134204905262	0.5732729854993308
0.17040674466471678	0.8801905641052823	-0.44297416655240623
-0.563040508262626	0.45590943639222786	0.6892981734082029
-0.62405658064697	0.5291533039753762	-0.5749349224417971
-0.028858913683580234	-0.7509015745067735	-0.6597832890459203
-0.7808460458068643	-0.3951501060295847	0.48387585851392956
-0.5906388469979413	-0.3819628062449807	0.7108095153150401
-0.513653939306639	0.8573282062278825	0.03388181578447183
-0.6223386401724663	-0.345098191029076	-0.7025680433216026
0.5670220594364803	0.48685274876363005	-0.6644248528868486
0.03983119941145907	-0.8218944865163196	-0.5682454826811385
-0.8227389985079456	0.29574288504607055	-0.4854242333039931
0.9281361762646247	0.3550704378015151	0.11175071591861016
0.3377648911761994	-0.9295078382199251	0.1480880041612149
0.15645483884371145	-0.09970036553173811	-0.9826401785573529
0.6851259655971986	0.7283919245946684	-0.00690039490037242
0.30201785229719746	-0.27543229106573763	0.9126457527058718
0.6628632047099118	-0.6273613450186055	-0.4086931790697661
0.20721211299508613	-0.1628800285766699	-0.964641506736557
0.7956116860281843	0.6018320449745307	0.06928372606293853
0.569267235385545	-0.7818364828611145	0.2542961438635294
-0.3138882503409537	0.28011539548100145	-0.9071987276845229
-0.255305474257647	0.8953968217738648	0.36480631350257603
0.9144907222667559	0.34612121687608804	-0.2095395478573039
-0.16697954403383886	0.07358482682018151	-0.9832106107727353
-0.04420757267656078	-0.9967669781858963	-0.0670915919933633
-0.9849687925981706	0.03226243109254524	0.16969270210501364
0.5551724479422173	-0.8312443717281373	-0.028571795815812262
0.28994259148707374	0.16122148811552106	0.943366803216849
-0.7795619582096127	-0.5320154379715982	0.33051887551588144
0.1742607602148496	0.8796955956460834	-0.4424577340834101
0.3888220227851641	0.3513481139434822	0.8516876994683036
0.9046826084581245	-0.32045305713823474	-0.2808188314984652
-0.4325793930139985	-0.44141550940915697	0.7861471979169646
0.44141550940915697	-0.8639882348600545	-0.24223269407010614
0.7861471979169646	0.24223269407010614	0.568591158153944
0.17097346508426292	0.4499801452916672	-0.8765192200290708
0.8127587086760246	0.43846366632005074	0.38363119631810483
0.5569482522715745	-0.7779893843494713	-0.2907596294728163
0.2601603637105111	0.5240293496065933	-0.810993110886218
0.3693227420160625	0.722040794715664	0.5850280360769982
0.8921419715402653	-0.45171930611527245	-0.005689560526547233
0.2813120507182564	0.2480642599903189	-0.926999273481994
0.7690927300461334	-0.6360049716636245	0.06319848581522908
-0.5738988610468526	-0.7307268976400196	-0.3697002817885289
0.9490065295416906	0.29841794207927463	-0.10165303110289914
0.234208600188749	-0.8832143312320384	-0.406298876080122
-0.21102828835220883	0.3617722722259326	-0.9080682158095961
0.754363448771953	0.56089184066993	0.3410808265305791
-0.03640767087951069	-0.483031581969958	0.8748456848614672
0.65544661770278	-0.6723695664509943	-0.343960604506516
0.6075319045278491	0.0427812755170954	0.793142324835773
0.3346586738007836	-0.9193787321331197	-0.20675182937811792
0.7203530780323391	0.391040291231515	-0.5728690370432905
-0.7375044378320943	0.5247763896548494	-0.425084632795387
-0.20782254834851824	0.42253846830466313	0.8821967077702553
0.6425706129102817	0.7389661586727576	-0.2025636289182593
-0.7611153062532499	-0.45291575061205014	-0.4642960407267596
0.4003912066956058	-0.8912367706588915	0.21303497418580597
-0.5102845992070095	-0.023755872390496507	0.8596774315632045
0.03506679238766519	-0.983075450613446	-0.1798137327147471
0.9276675437952286	-0.034910173560446234	0.3717717148612939
-0.3717569747302235	-0.17984420530878845	0.9107430008275015
-0.6341300474834932	0.5572829203823397	0.5360175645710814
-0.6254236866869258	0.03795487125496799	-0.7793616874590081
-0.4546694348749612	-0.8294547452381893	0.3244696142820367
0.9943132538030772	-0.06954441882256866	0.08065188852202133
0.06954441882256866	-0.14952663229705698	-0.9863089577026722
0.08065188852202133	0.9863089577026722	-0.1438398861001342
0.8874011510741674	-0.052498543846545905	0.4579990174293336
0.052498543846545905	-0.9755228660656812	-0.21353931880801436
0.4579990174293336	0.21353931880801436	-0.8629240171398487
0.5200409056240909	-0.6315499544419451	0.5750670495881786
0.6315499544419451	-0.1689805451561357	-0.75669692110059
0.5750670495881786	0.75669692110059	0.3109785492197735
0.3445945272505524	-0.28504748590902174	0.8944286123363421
-0.8534608542608075	0.3016889216049523	0.42495689760875
-0.3909720987914367	-0.9097976287932318	-0.13931651951162172
0.3719883492861549	0.26106098488526586	-0.890770357705114
0.44047760416068804	0.7950638753220605	0.41695672963837305
0.8170704671129791	-0.5474674386012396	0.180762981396015
-0.4293649809196176	0.22164958408715008	0.875509665871194
-0.8954730814873514	-0.23045770609382066	-0.3808112472518658
0.11736129469055784	-0.9475023522799126	0.2974317046526622
-0.7710250825149134	0.6264950524990328	0.11412392968657054
-0.6219593193661387	-0.7793298719428672	0.07623356053028116
0.13670013601485848	-0.01220245433298281	0.9905373152596376
-0.5846073951657766	-0.7556136402728691	-0.2954356446860616
0.7771742625708778	-0.6260822313350269	0.06341297346731445
-0.23288271536311594	-0.19253328605759856	0.9532557760879107
0.033397450979820276	-0.7413358280661124	0.6703027676308536
0.8602477025722264	-0.32009596605862467	-0.3968783979157877
0.5087813877170203	0.5898811427215888	0.627042053593071
0.9898694644871577	0.13844097025130284	0.03150461921346527
-0.06115682703271703	0.2154943555430736	0.9745881310771056
0.12813385884768275	-0.966641753952804	0.22177789279332794
-0.7655065110902393	0.10702225048514433	-0.6344651443377686
0.030568934140180304	0.9910057130260702	0.13028129956069506
0.6427015806297537	0.08033625987550869	-0.761892881975696
0.7419556216991368	-0.5536967158728135	-0.37804999968351843
-0.419210727818204	-0.823188199290142	0.3829145521282602
-0.523224828454441	-0.12562298906297034	-0.8428847154313017
0.08819033353084338	0.9263967958346885	-0.36607573224531226
0.8852076607478861	0.09563180193503662	0.45526031653540133
0.456760180428389	-0.3642026017560567	-0.8116197400563552
-0.41268730011070454	0.8481523870926772	-0.3321546636678938
0.9070861889096861	0.4158887169144927	-0.06504783649375931
0.0829688990926092	-0.32813732401574025	-0.9409793081524964
-0.96214199662199	0.2602352441193678	-0.08099627185484291
0.17847209559221283	0.3769686142961841	-0.9088687336081811
-0.20598662439870852	-0.8889163523941652	-0.40914206458769
0.6058083221910976	0.7715814556709792	-0.1940575533924408
-0.7715814556709792	0.5102752702555969	-0.3798436597209834
-0.1940575533924408	0.3798436597209834	0.9044669480644993
0.27231039792114864	0.9536791163341481	-0.12784048753092284
-0.9536791163341481	0.24985138489491454	-0.16754231863684957
-0.12784048753092284	0.16754231863684957	0.9775409869737659
-0.7940354040285205	0.47237421148321196	-0.38258382280864733
0.43579274546517494	0.0035864858148904055	-0.9000398991819335
-0.4237835062259856	-0.8813907995010576	-0.20870505122228522
-0.9737134698650327	-0.14718960316763202	0.17383123805218118
0.18830539321890483	-0.09080305658585508	0.9779038213440727
-0.12815286765450354	0.9849314827103566	0.11613275540477896
-0.57339617542096	0.5207630168581965	0.6324734826736739
0.6942746476804593	0.718724995510226	0.037644314537523677
-0.4349707341888535	0.4606954103326576	-0.7736667236592476
0.9332655332566515	0.35917632150537915	-0.0027954436217497367
-0.3476802101801577	0.9013857474884777	-0.25811277704468605
-0.0901882247538956	0.24185967893492086	0.9661107492525056
0.9986653512358421	-0.04292128967830472	0.028727671909555687
0.04292128967830472	0.38031604802885133	-0.9238600903297357
0.028727671909555687	0.9238600903297357	0.3816506967930092
-0.8524350780043599	-0.40832405915629444	0.32653621621778495
-0.511154720149873	0.5196008835756799	-0.6846428074959072
0.10988762376266999	-0.7505240732324978	-0.6516427899104649
-0.034032120678826105	-0.24857485756548342	0.968014646040235
0.24857485756548342	-0.9402441582055145	-0.23270466937021966
0.968014646040235	0.23270466937021966	0.09378796247331156
0.43866746882087115	0.30560350102120765	-0.8450901442815855
0.3206017279825561	0.8252978644719957	0.4648633852139384
0.8395149693798731	-0.47485780509700387	0.2640543147262827
0.15552936534906658	-0.4112916474658523	0.8981368477236316
-0.9614072651355567	-0.2719094726100315	0.04196795503123918
0.2269508472305976	-0.8700025398984533	-0.4377086856706802
0.0364183970574492	-0.5996968309429843	-0.7993981556850803
0.9982264507155801	0.05952544391182635	0.0008213518586980273
0.04709196797269943	-0.7980102959762123	0.6008010603089982
-0.9959738241185208	0.014270858011283721	-0.08850132361920718
0.08841988331511086	-0.006241381862544415	-0.9960637376127033
-0.014767054725707544	-0.999878686523554	0.004954425361258119
-0.5657453617613322	-0.13502657295839351	0.8134494515583937
0.33632972134652894	0.8629241814168818	0.37715272193764
-0.7528708416352077	0.4869596304840024	-0.44278190353082203
-0.8317967720474932	0.5467377510150162	0.09587471839026818
0.0032631554397281604	-0.16790286932954746	0.9857981427693407
0.5550706998463775	0.8202965671547988	0.13787697445949987
-0.9300088813956615	-0.012761047686803112	0.36731544507021036
0.2686643570395698	0.6583774853807658	0.7031063575307893
-0.2508045928241868	0.7525797249498786	-0.6088684700431286
-0.5785273908427042	0.1682140397736683	-0.7981291216762839
0.527589872884681	-0.6690735574884987	-0.5234400640944591
-0.6220570585358386	-0.7239092563938577	0.29832935563405827
0.3013575132489422	-0.10497321476209248	0.9477152913142878
0.7209301527127745	-0.6254173779081391	-0.29851770185374943
0.6240539753242097	0.7731970819868761	-0.11279586999988456
0.626315863393054	-0.638957100984217	0.44661198188590795
0.638957100984217	0.09254350640948761	-0.7636553689481156
0.44661198188590795	0.7636553689481156	0.4662276430164336
0.9481495585764085	-0.11909780931156433	0.2946661269785655
-0.23207761527702692	0.37400140240243185	0.8979214506226827
-0.21714602243350006	-0.919749239096288	0.3269693290250776
0.9999788016682201	-6.335610253776477e-05	0.0065109292881176135
9.998932554765994e-05	0.9999841675393438	-0.005626248553006369
-0.006510469746905598	0.005626780309351073	0.9999629758781197
0.8957796047085677	-0.4047066106855246	-0.18382453333436616
-0.273075380138492	-0.8273631324780648	0.4908157330183119
-0.35072601350681193	-0.38946476898882637	-0.8516504313191535
0.8645669211752827	-0.5025076202613482	0.0031828271660974614
0.5025026111804548	0.8645727022925651	0.0022733691641056084
-0.003894170812553309	-0.0003661008170055505	0.9999923506726811
