0.0646722629328   0.329415702695   -0.941967511767
0.581482324502   0.754689576514   0.303845272124
0.810984466373   -0.567387819678   -0.142741925806
0.590357731063   -0.324388173095   0.739087317257
0.591829921548   0.796607725607   -0.123099453546
-0.54883065998   0.51008670308   0.662266156471
0.911410690625   0.190908061473   0.364533489653
-0.104659392075   0.964280947502   -0.243328308947
-0.397966034561   0.183620168688   0.898836285976
-0.615431897609   -0.604591305249   0.505680663089
-0.788178542418   0.475537225249   -0.39069032836
-0.00426200381595   -0.639009938123   -0.769186670648
0.710833846795   -0.281664042117   -0.644500278998
-0.141614449136   0.840238738862   -0.523396799294
0.688956159742   0.463318712221   0.557382436806
0.0116635653331   -0.539325148162   -0.842016832257
-0.994154489246   -0.0966447486144   0.048131528939
-0.107335049059   0.836533428576   -0.537299739547
-0.777985999308   0.324173406165   -0.538190846834
0.624561477829   0.305959522813   -0.718548349669
-0.068269651327   -0.895153826521   -0.44049844673
0.60453036127   0.775405977986   0.182451669232
0.751447817286   -0.63112042713   0.192388108665
0.264327864969   0.0207984557695   -0.964208589486
-0.847100250279   0.508660712943   -0.15390076376
0.512936481983   0.858319665552   0.0135468512158
0.138986803076   -0.0674657752819   -0.987993440128
0.821546624606   -0.422743458128   0.382556024928
-0.321351156131   -0.897589296093   -0.301772911295
0.470950717221   0.124985695777   -0.873260555504
0.604181384133   0.285480710024   -0.743952699619
0.557757929024   0.515268960668   0.650695005962
0.56909660663   -0.808083326382   0.152086784257
0.26591812047   0.212965991045   -0.940177132175
0.356258153126   0.884535711319   0.301125727449
0.89574978735   -0.415020556188   0.159343203195
-0.141763181599   0.929830623582   0.339585352736
0.865984266258   -0.0496987914877   0.497595499093
0.479556514851   0.364616293622   -0.798173231504
-0.60064717128   -0.526334297123   -0.601826539216
-0.727093473547   0.672649738125   0.137395089163
0.332502716318   0.520110120525   -0.786719394809
0.670719419352   -0.710791538862   -0.211921798752
-0.330836012762   -0.0309764444749   -0.943179724415
0.663839583908   0.702720320021   -0.255931941474
0.885198958281   -0.319547337605   0.338101025269
0.062878600706   0.802279421155   0.593627839614
-0.460943690522   -0.504219425867   0.730269597304
-0.319054624246   -0.520959403242   -0.791710456494
-0.860917119563   -0.189968104941   0.471946853309
-0.396264886144   0.832173911679   -0.387892666508
0.666857815869   -0.705372104603   0.240314060058
-0.676783538837   -0.70825568209   -0.200843049036
0.311872882716   -0.0287068429854   -0.949690066386
0.055698740923   0.908858360728   -0.413369242197
0.963914406242   -0.156890673942   -0.215068207482
-0.260320317492   -0.386473539282   -0.88480028014
0.454277245545   0.246802803143   0.855990981577
0.750068363294   0.412459795609   -0.516985848347
-0.480655421862   0.876906661719   0.00225212523791
0.828675533152   -0.412041101429   -0.378839004709
-0.342991575237   0.161051732179   -0.925429153895
0.442327525791   0.896819084484   -0.00786699641313
-0.529442163354   -0.147173635721   0.835482445424
-0.483609316972   0.861503733218   -0.15470406003
-0.697002886795   -0.485953946995   -0.5272909417
0.981623001876   -0.179933020146   -0.0635640657127
-0.0879626375388   -0.722231649849   0.686034997908
-0.16934832915   -0.667836471165   -0.724786583206
-0.411421987692   0.72269453953   0.555377844874
0.574385582763   -0.267531767463   0.773632959298
0.707681531734   0.63729063694   -0.305036872707
-0.0539634994338   0.757352931696   -0.650772216355
0.711020659548   0.486731095869   0.507486415592
0.701097398672   -0.435326747588   -0.564759294222
0.823532669576   -0.371411743751   0.428774134884
0.224761869906   0.907634496857   0.354516180098
-0.520841668819   -0.19558357988   0.830945858226
-0.00660688967542   -0.578531595352   0.815633215476
-0.51770151548   0.699812763399   0.492186181291
-0.855535791115   -0.419002731928   -0.304130269388
0.829613246961   -0.0059721593634   0.55830654105
-0.180694980942   0.943257823923   0.278592895583
-0.528290814163   -0.33200754648   0.781460046804
0.658846393286   0.713992702947   0.236930053376
0.617246665981   -0.693113128194   0.372291209754
0.430032537595   -0.0990384352811   -0.897364700079
-0.864153410556   0.438711668409   -0.24651765662
0.355872341396   0.879119641957   0.317022919921
0.355800168146   0.186227621818   -0.915819585518
0.860710536576   -0.47162477243   -0.191696234333
-0.202141765762   -0.662189867542   0.721556155721
-0.467243061759   -0.582301170662   -0.665288860484
-0.282360555407   0.469265649651   -0.836697237242
0.892837676498   -0.190458179292   -0.408125673495
-0.350875191736   -0.862273409075   -0.365200175008
0.993619624577   0.0619543880428   -0.0942427475113
0.112714449109   -0.516321416048   0.848945020771
0.00393632039653   -0.854150952193   -0.520010246293
0.0753413612255   -0.402307601348   -0.912399185218
-0.806334693148   0.513726814374   -0.293102580709
0.586641323054   0.757781864451   -0.285689698791
-0.337288342577   -0.201467135973   -0.919590978144
-0.206095912535   -0.937333292057   0.280946212712
-0.918564667728   0.284283824238   0.274630039286
-0.595075081955   -0.705741351756   -0.384466892277
-0.251680847252   0.617973906408   -0.744825484342
0.763244651447   -0.346464132949   -0.545362454353
0.909429418831   -0.317646615525   0.268400372225
-0.403596018237   -0.518594620995   0.753770437957
-0.100241639191   -0.793826332847   -0.599826114013
-0.015955013183   -0.0191602817626   0.999689112253
0.767373343596   0.640731258026   0.0245276686029
-0.64100201957   0.767526115902   0.00448021381179
-0.559241333657   0.804081011711   0.201749491538
0.531419844487   0.160929766214   0.8316817656
0.636272016998   0.572324503191   -0.51730318328
-0.278602228487   0.921005109649   0.272268959454
0.877025013018   0.359515669929   -0.318709286993
-0.391417839172   0.149993570114   -0.907906385098
-0.730833986211   -0.136868722651   -0.668691735674
-0.595277940806   0.607144522913   0.526326611039
0.333954873881   0.78271481464   -0.525196783267
0.672093805885   -0.736792348931   0.0736678399879
-0.215786143072   -0.290059658107   -0.932363520949
0.708326377138   0.610739248204   -0.353936878771
0.0527222541161   0.281550101455   0.958097022379
-0.951056121633   0.306698480652   -0.0377927965274
-0.304487466777   -0.90921151683   0.283939782769
-0.237574744064   -0.967838620303   0.0827444622433
-0.00573741909878   0.0865799792044   0.996228382061
-0.971352316621   0.236203963239   -0.0261221121852
0.838056940628   -0.361256116528   0.408845426215
-0.544792362326   -0.513790145608   0.662737480627
-0.0293572174629   -0.778147611027   -0.627394970681
0.114801393264   0.41756910894   0.90136378858
0.993279270074   -0.0347981280438   -0.110387417428
-0.0147286030047   0.907978595311   -0.418757613316
0.777376859376   0.544139683098   0.315590278343
0.261315198965   0.177010289989   -0.94888446295
-0.572188417654   0.820109360095   -0.0045882662448
-0.166306326734   -0.381431368435   0.909314201397
0.120740515843   0.907340027023   0.402685737513
-0.978654143976   0.176760251574   -0.104842166809
0.483611599546   -0.42479982678   -0.765287480593
-0.86754978017   -0.116671760642   -0.483471901143
0.116091342101   0.897737605003   -0.424958813125
0.0822616915977   -0.987546774575   0.134105861627
-0.928593289092   -0.124809412882   -0.349481206805
0.361866712408   -0.0957808878816   -0.927296340965
0.646059727132   0.598810735986   -0.473320749013
-0.176822734605   0.720655057455   0.670365578391
0.742523096951   -0.349402333468   0.571469561623
0.522313257118   0.827914336618   0.204320122996
0.828045679513   -0.549664826479   0.110494032291
0.203787178397   0.111473897187   -0.972648115285
-0.852526379777   0.479822795116   -0.207289307664
0.522648586444   0.777934356021   -0.34879305155
-0.00610138284384   -0.405694741165   -0.913988265854
-0.214871230403   0.85664638514   0.469028064375
0.708031501213   0.467421018414   -0.529347697487
-0.672697367049   0.218345053461   -0.706967955422
0.865299524763   -0.325546872307   0.381150844649
-0.461344238707   -0.814570613255   0.351619409921
0.196005678126   -0.480097854559   -0.855036738503
-0.132593880204   0.736183406326   0.663666222722
0.796354210522   0.477775844223   -0.3708776268
-0.590117644471   0.479337287228   -0.649612908398
-0.517977737158   -0.855195985711   0.0184089606576
-0.818279465368   0.501659014676   0.280636686041
-0.24923438841   0.130299881114   -0.959637515219
0.384052892127   -0.622453581362   0.681949349365
-0.73043323042   0.246959817914   0.636771657845
-0.564774886081   -0.742672463059   -0.359815147911
-0.385682380276   -0.272364275205   0.881513926797
-0.102888653678   0.962171589609   0.252269215509
-0.916876778247   0.00659801038147   -0.3991158225
-0.655803991884   0.747424448711   -0.106197070104
0.723128750476   0.662330362817   0.195967601213
0.216808520274   0.051722180547   -0.974843003553
0.180494268958   -0.749451166671   0.636980979032
-0.551171754281   -0.613450530854   -0.565586548176
0.814635818115   -0.249000793111   -0.523800619391
-0.230618490578   -0.908637061971   0.348129001112
-0.879172234617   0.0412613054146   -0.474714320992
0.416978768863   -0.415543252006   -0.808364096203
0.255978478792   -0.964518543963   -0.0646451602737
-0.754188377008   -0.157430074789   -0.637507383125
0.604710600521   0.211942798659   -0.767727386326
-0.839812023939   -0.0052455583649   0.54285195824
0.410878383186   0.647412851168   0.64189995667
-0.354816457734   0.762121436688   -0.541549810324
0.809485062997   0.217665121216   0.545303427268
-0.464205695316   0.805935169111   0.367398388166
-0.359509395177   -0.550536464003   0.75343387008
-0.526533440699   -0.811418920835   -0.253696414513
-0.788665833107   0.577620670545   -0.210619478322
0.317440922873   0.0891834955093   -0.94407497828
0.638101537287   -0.769914239826   0.00764796877489
-0.510851185789   -0.41591763694   0.752358681255
-0.576070737055   -0.483988205017   -0.658709285887
0.7786865484   -0.453108399728   0.433981609561
-0.613726023317   -0.693779195731   0.376843197994
0.130336593651   -0.559788536562   -0.818320943572
0.857421263381   0.38618561781   -0.340131512357
0.428599411122   -0.90171852321   0.056623755495
-0.284835605021   -0.194330577874   -0.938671563762
-0.296706625186   -0.85964918888   -0.415894759078
0.0122740850744   0.43203731798   -0.901772201117
0.954889797519   -0.272666514135   -0.117636927294
0.637243475995   -0.183392896883   -0.748523745565
-0.670249671359   0.347506537719   -0.655747347906
0.380376300978   0.919568513823   0.0985272451613
0.943310374935   -0.26629398586   -0.198123823996
-0.266373869386   -0.25126535829   -0.930543218465
0.198016409038   0.930566081919   -0.307954978744
0.83649686617   -0.375630596245   -0.398966976143
-0.346675361591   -0.926621697018   0.145562441175
-0.424369163057   0.016549494842   -0.905338018459
0.12760483713   -0.438204291275   0.88977188349
-0.148915761163   0.878471539006   0.453995430851
-0.980582021872   -0.190433070303   0.0468416920778
0.472940295815   -0.328386728496   0.81761215325
-0.856920998247   0.0444428591888   0.513528222233
-0.204972874687   -0.943497211874   -0.260382664222
0.908203844253   0.400659844522   0.120985396938
0.289866014166   -0.810672872485   0.508711300885
0.301899769984   -0.426944004296   -0.85239389139
-0.0385438643949   -0.109205538397   0.993271624935
0.962564320921   0.262832524948   0.0662494673162
-0.268298897887   0.95864133763   0.094986773708
0.532843455415   0.216886756765   0.817947422981
0.721387323882   0.388861356729   -0.573050760566
-0.442355265554   0.895403249929   0.0507428719485
-0.808442995516   -0.237842852017   0.53837784199
-0.372435410677   0.915018597001   -0.155025262511
-0.455754087064   -0.325840060287   -0.828321475779
-0.338014305165   0.81243246227   -0.475078755317
0.929032661073   0.368746307356   -0.030405188211
0.150481374802   -0.451641068838   -0.879417819228
0.83676688049   0.542741757092   0.0724746357297
0.332425637517   -0.398359556834   -0.854870083112
-0.435102727222   0.739419399656   -0.513755358294
-0.370128043818   -0.892556234578   -0.257582218514
-0.559466280874   -0.0071879335017   0.828821943591
-0.741621676965   0.450878810466   -0.496694661264
0.413749015263   -0.909188617887   -0.0467740256361
-0.639506337086   -0.253687869428   -0.725723163287
0.647953236889   0.330179529969   -0.686394988905
0.0314673745469   0.660614376813   0.75006563012
0.977522369849   -0.176861993145   0.114759974844
0.208470191597   0.729594737186   -0.65133071376
0.110920806194   -0.170907580108   0.979023581848
0.808988260194   0.587722947501   0.0109422049759
-0.57726473097   0.79080486597   0.203452929041
0.453473241192   -0.729762774559   0.511672075055
-0.808036906012   -0.0943786441946   0.581523026236
-0.37608294038   -0.677155051955   -0.63247344416
-0.0976466514278   0.175811613638   0.979568990921
-0.598010793845   0.776400935387   -0.19895898566
-0.795517581144   -0.605220508608   0.0293242911332
0.316682782368   0.683718063176   0.657450854009
0.58762387092   -0.685511438961   0.429851431752
0.744587269349   0.25020726836   -0.618858724737
0.803725074994   0.562734850402   -0.19327568903
0.36753429034   -0.214089652792   0.905032687803
0.467915109022   -0.798432908084   -0.378893576138
0.889426985957   0.320518619719   0.325864160448
0.385929842946   -0.144623810249   -0.911121347479
-0.244903640183   0.936136618193   -0.252330020217
0.349518390571   -0.256899695459   0.901021332226
0.780268224892   0.612179528155   -0.128131660927
-0.518669829349   0.747822687394   0.414418672772
-0.508803842416   0.00723347924266   -0.860852093405
-0.833073263257   0.247970698469   0.49446887743
0.217042825241   0.968740527427   -0.12014242603
-0.737813957704   -0.293043878214   -0.608075529239
-0.264285993703   0.954339886279   -0.139241857892
0.621114705469   0.057971259242   -0.781572681042
0.198008662609   -0.662868196936   -0.722079166728
-0.92313322446   0.121579190359   -0.364751354172
0.329571872936   0.738799197321   -0.587841923145
-0.311318607753   0.556189555409   -0.770541305136
-0.226990753056   0.74384263097   0.628628139983
0.922797877378   0.370609388448   -0.105322166237
0.268333170852   -0.370012779377   -0.889431196056
0.000968847233791   0.923395034678   -0.383849803006
0.963325682599   0.102137911818   0.248136003462
-0.509792256174   -0.846014246587   0.156114541655
-0.189612212797   0.287497603791   0.938824976539
-0.839141861846   0.449004479249   -0.306978685435
-0.66503600514   -0.71887445086   -0.202352750828
-0.665175686038   0.693361758581   -0.277111490994
0.339512030083   -0.0496889890947   -0.93928834007
-0.223049761578   0.966303476981   -0.128477212898
0.597021737099   0.239602515708   0.765608045867
0.770593180148   0.0940650032706   -0.630347464395
-0.00284250618292   0.73144882385   -0.68189041513
0.928904211656   -0.250580973157   -0.272664888572
-0.370309175861   -0.634185930134   -0.67873361512
-0.956602345972   -0.291355888844   0.00486802999524
-0.256627296096   0.850257315322   0.45957037398
-0.138037612912   0.438376828514   -0.888128016473
0.522514133794   0.0456753426762   0.851406332521
0.188863998285   0.967558239095   -0.167813718481
-0.831450160946   0.248485043876   0.496936427355
-0.645013185542   0.0179817578625   -0.763959846367
0.217671107615   0.962631242007   -0.16112225427
0.732514354389   -0.27021796442   -0.624823953061
-0.0854700515754   0.826410322273   0.556543663628
0.849429769406   -0.231504342243   0.47420966499
0.520734036847   0.513275480384   -0.682190841411
0.261201853766   0.640229516919   0.722412456464
0.819882692584   -0.542149087248   0.184029175941
0.5094761643   0.544224708059   -0.66652344681
0.0616076112976   0.985856872081   -0.155854836307
0.759782906406   0.0549393982538   0.647851524388
0.647251448328   -0.1583284254   -0.745652514478
0.904405049124   -0.247646676622   -0.347451623506
0.276162275813   0.960500821077   0.0342428113305
0.325247451238   -0.126922402546   0.937072462084
0.88154703976   -0.229716329895   0.412438146235
-0.257105927127   0.499100033266   0.827523835929
-0.395943630996   -0.835541479864   0.380918726896
-0.873260059348   0.391429474778   -0.290172078296
0.483607899651   0.623550625593   -0.614254032723
-0.0595001524575   -0.676733022393   -0.733820242471
0.4438967359   0.711798269584   -0.544333455957
0.854844410533   -0.518534524712   0.0190520461585
-0.268694476382   -0.473777553393   -0.838652555152
0.412597906818   -0.397443351651   0.819635131945
0.819413639612   0.554982139461   -0.143374028672
-0.397899804609   0.730776030743   0.554654972379
-0.513945309582   -0.735230495201   -0.441923452291
-0.502045106394   0.675527048848   -0.540012886347
0.695565187387   -0.0556715834284   -0.716302830439
0.882037263665   0.422289959543   -0.209001089891
0.248380197185   -0.0397827543147   0.967845344105
0.400396732195   -0.905587390884   -0.139978335177
-0.00905910465062   0.99948312715   0.0308449536394
0.999428700412   0.0100544108307   -0.0322673459799
-0.0325607957008   0.0305350186661   -0.999003206811
0.17279782922   -0.88865583868   -0.424772539833
-0.66372700505   0.213581400147   -0.716832929126
0.727741281627   0.405800179757   -0.55291847602
0.641746669855   -0.671052931586   0.371280452946
-0.76404320548   -0.601294047414   0.23384492448
0.0663264041686   -0.433743508949   -0.898591885427
0.281155856392   -0.854817102537   0.436164081082
-0.597498442649   -0.511584470698   -0.617476267053
0.750964044046   -0.0870002905211   -0.654586857491
-0.935583332434   0.16739305162   0.310907372605
0.338835892534   0.673379129374   0.657077458184
-0.0993683350049   0.720097295088   -0.686721063901
-0.229578082312   0.564570303396   0.79281415013
0.910046022946   0.413358995477   -0.0308314284248
-0.345123369598   0.714419144048   -0.608683124767
0.718772781763   0.499012794339   0.484099080028
0.646927196448   -0.225001279398   -0.728601143812
-0.25465838037   0.836875531579   -0.484549743527
0.368554996743   0.3055070553   -0.877970758931
-0.585676651754   0.809748830409   0.0359122714627
0.721907247481   0.500971327337   0.477365326789
0.999915888665   -0.00935499302031   -0.00898330125981
0.00962150165497   0.999500673533   0.0300970150169
0.00869725829431   -0.0301809163647   0.999506613278
0.726953949161   -0.637767449247   0.254540048873
-0.42462645041   -0.708814629461   -0.563270981567
0.539657607574   0.301387627058   -0.78608852227
0.986432866674   0.00213194339181   -0.164151315448
-0.0822094438293   0.871920876035   -0.482696170774
0.142097877856   0.489642155816   0.86026667514
