0.0372560688635   0.113718509397   -0.992814225298
0.725969186102   0.679650406898   0.105090747609
0.686717355367   -0.72466780322   -0.0572350313491
0.74794120794   0.0352261410435   0.662829592318
-0.468986730469   0.734706070712   0.490161643035
-0.469718422152   -0.677470374736   0.566037538725
0.920132567097   0.207875916893   0.331878987199
-0.11017229219   0.950662367089   -0.290005396216
-0.3757900012   0.230279540943   0.897637570527
-0.478069300297   0.690597806656   -0.542701035153
0.87816401346   0.364100338016   -0.310256199487
-0.0166646205262   -0.62490448334   -0.780523335413
0.694418121408   -0.273981890135   -0.665370119962
-0.156112170693   0.845288672716   -0.510995156473
0.702433244388   0.458716670348   0.544211864555
0.103758192172   -0.692208352049   -0.714200136454
-0.992757054977   -0.0283544729975   -0.116745251097
0.0605612693875   0.721140500329   -0.690136733869
-0.792158354941   0.266172250694   -0.549215325403
0.603318627016   0.205644259915   -0.770530383995
-0.0921508274093   -0.941733917476   -0.323489495475
-0.967310998596   0.252561484458   -0.0228501326674
0.174200043968   0.59628761616   -0.783642407923
-0.184292638692   -0.762006414266   -0.620791791136
-0.779014329953   -0.601570907003   -0.176774199404
-0.616775424915   0.785939811007   0.043436029924
0.112804028952   0.142867271699   -0.983292527038
0.73084035307   -0.577106886298   -0.36444481079
-0.647315328538   -0.755374500226   -0.101942286849
-0.216460721065   0.310414249344   -0.925628300151
0.368092404679   0.310363535304   -0.876460185959
0.446203056734   0.768040394334   0.459365633055
0.815727168714   -0.560168214579   0.14422467749
0.271375217858   0.219945385832   -0.937005612781
0.341354535179   0.888258581834   0.307365861979
0.899906979884   -0.403262593168   0.165972011214
-0.284708166651   0.864281706354   0.414678661018
0.781638488535   -0.0411283358696   0.622374271021
0.554961740197   0.501323839499   -0.66384627352
-0.625270286939   -0.428576549714   -0.652195683293
-0.726643728451   0.624545073015   0.286238263821
0.284650593138   0.65289018434   -0.701931939021
0.610120751522   0.780935814279   0.13376069131
0.231801030173   -0.0145000317536   -0.972655145203
-0.75764170356   0.624442954205   -0.189868496519
0.813754286728   0.176242850579   0.553843315795
0.112393922632   0.887210566294   -0.44746510167
-0.570238166898   0.426375267431   0.70216277624
-0.247199670906   0.521784726331   0.816475977645
0.867024868092   -0.257101636442   0.42680982492
0.43262015766   0.813412225078   -0.388844893601
0.534953307001   0.730588954849   -0.424340356767
0.67831235719   -0.670818855402   -0.299823963885
-0.503703588841   -0.127443486651   -0.854424281197
0.133217282848   0.914858302793   -0.381165897428
0.965292731504   -0.206942650585   -0.159325710025
-0.224639929791   -0.346711732107   -0.910674407658
0.446136717652   -0.18653658827   -0.875309162753
-0.779734768315   0.39905064011   -0.482464794268
0.439290018374   0.897754246921   0.032582079319
0.879197627183   -0.399410599889   -0.259774334861
-0.238609647207   0.102821116979   -0.965656902923
0.412403890157   0.910987920117   -0.00490314025858
-0.512698105477   -0.301022485194   0.804068477213
-0.35336016806   0.927508265157   0.121922146034
-0.782481465767   -0.221616518953   -0.581901086318
-0.68378810851   0.2160449982   0.696963687299
0.321083250762   0.946806392681   0.0215221016301
-0.655239932193   0.238499923546   -0.71678338271
-0.403688860774   0.682163349014   0.609662586148
0.810937156406   -0.0417197043493   0.583644065017
0.423575532871   0.730008651682   -0.536349826533
0.0960775805738   -0.641730283441   0.760888521287
-0.867122807126   0.321380326101   0.380542669563
-0.488740356297   -0.696345409485   -0.525581520619
0.823745999127   -0.337950609956   0.455227321405
0.180117155668   0.917322684174   0.355073095763
-0.537587517672   -0.210495791718   0.816511593618
0.0192222847049   0.691179644744   -0.722427299084
0.419667122714   0.650248913977   0.633289709363
0.907474522994   -0.31535226107   -0.277566103035
0.828368993272   0.092325526006   0.552522224198
-0.270118581184   0.929914904914   0.249588104121
-0.49075529858   -0.355997565816   0.795251513704
-0.858558768322   -0.512707003696   0.00289304299861
-0.27776946224   0.460384110032   -0.843143283835
0.430953555716   -0.724691658287   -0.537681163168
-0.824703532534   0.511727226041   -0.240830499636
0.445471749493   0.850102874994   0.280855874659
0.348452297783   0.12433964796   -0.929042866672
0.922939377643   -0.383912334783   -0.0281819871126
-0.256267222978   -0.667403267361   0.699213836493
-0.28724556676   -0.638109863516   -0.714356904117
-0.332807366822   0.441320749305   -0.833351818155
0.882638418526   -0.165299868395   -0.440028835022
-0.331946801055   -0.881993168761   -0.334513634293
0.998384061709   -0.0532047644262   0.0199629248311
-0.0448918312385   -0.523043006175   0.851123220914
-0.0348423422507   -0.850644030564   -0.524586260259
0.130158858525   0.449442236464   0.88377618639
0.81231697506   0.462752637528   -0.354966376562
-0.568506643388   0.764108416747   -0.304858202908
-0.834005123126   0.474141225659   -0.282180000586
0.459056842841   0.312545950161   -0.831613999448
-0.306108264573   -0.823106996185   -0.478322697759
-0.670486849824   -0.443667574058   -0.594648188379
-0.379575499289   0.893790781592   -0.238873353643
0.637471430381   0.0655524406135   -0.767680306493
0.851466666872   -0.28268285178   0.441695506561
-0.523926696549   -0.494667086754   0.693401247422
0.0224795874141   -0.82182411658   -0.569297628273
-0.0510927294421   -0.673520938834   -0.737400215589
-0.0647764436008   0.739044730519   -0.670534785561
0.996590961906   0.0135067110961   -0.0813881035703
-0.745454579416   0.444320804732   -0.496866674783
0.666274170606   0.518393998857   -0.536047004965
0.0193958658194   -0.730648126276   -0.682478656046
-0.323775374199   0.944524536942   0.055162543247
0.747074660457   0.290996117017   -0.597662707206
-0.58055917766   -0.152297928404   -0.799847724406
-0.693347239359   -0.714509810193   -0.0935165055546
0.00199780553637   0.127868750475   -0.991789086159
0.720600870417   -0.687841052708   -0.0872299934874
0.663090678202   0.0815329650299   0.744085430643
0.717934219193   -0.350609184273   -0.601368154141
0.211851857185   0.93296600984   -0.291020987371
0.060259215189   -0.937021219359   0.344034971268
0.213770624245   0.348779059814   0.912499472682
-0.975023562379   0.0185580684858   0.221324763412
-0.210244977345   -0.977021270642   0.0350212251975
0.0116914927962   0.0333066669827   0.999376793272
-0.977578824698   0.210523401663   0.00442027770222
0.719595337518   -0.690243627511   -0.0758042538543
-0.351896401892   -0.45659857236   0.817120961703
-0.59862465081   -0.561321190051   -0.571460452738
0.0893518385011   0.286806805525   0.953812405697
0.988372697532   -0.143821727398   -0.0493428971646
0.12302706909   0.947131018937   -0.296322751807
0.778618799768   -0.540541819581   -0.318696259677
-0.269604156115   0.170442076054   -0.947767428073
0.56662718224   0.823871373453   -0.0130229164255
-0.153860559104   -0.299491091699   0.941611392426
-0.0476991723963   0.954098921641   0.295668795574
-0.986940584486   0.000577682058836   -0.161083670738
0.429947356233   -0.467388010693   -0.772459525366
-0.883783210455   -0.0429517562172   -0.465921005704
0.184587398775   0.88300826389   -0.43153667065
0.0940377300674   0.962884482323   -0.253002725332
0.875465710743   -0.200982666757   -0.439506265002
-0.474042924888   -0.180165039241   -0.861872301446
0.637255720331   0.532646197505   -0.556949885707
-0.0885062875059   0.768500914867   0.633697862486
0.765553253521   -0.35453402112   0.536874141574
-0.512711909182   -0.83496136156   -0.199915039166
-0.83665408262   0.433632300175   0.334623630785
-0.192708184097   0.338825254293   -0.920902276485
-0.826871498151   -0.50812381297   0.241026380792
-0.56090830933   0.714015250447   -0.419003688115
0.0408092400081   -0.481655907077   -0.875409728703
-0.227673429433   0.840989167832   0.490817714758
0.724903212823   0.482930158775   -0.491216646485
-0.650138555671   0.243958359838   -0.719586115135
0.894274670766   -0.434669272481   -0.106468008277
-0.436680968254   -0.795523253198   -0.420062478194
0.0978904754873   0.422143787331   -0.901228094118
-0.0949425644835   0.227809011702   0.969066026459
0.995405399632   0.00959005523014   0.0952686791374
0.0124096669251   0.973658608049   -0.227672824771
-0.508985826208   0.85688269652   0.0817647425484
0.783417757939   0.421792787551   0.456450940316
0.356637133884   0.296383010266   -0.885983671385
0.282097340415   -0.551614041301   0.784947794423
-0.786991328438   0.334883438635   0.518167667355
-0.548694577607   -0.763920828337   -0.339645739761
-0.407401656103   -0.265202838901   0.873894355654
0.0826296679443   0.942277735055   0.324476513779
-0.909503286734   0.204401869506   -0.361971887255
-0.63096245949   0.77529969514   -0.0282268919641
0.719473353179   0.598366096521   0.352584895592
0.290248977225   0.20215933629   -0.935354015317
0.117636108115   -0.698959197331   -0.705420290702
-0.862643302025   -0.42382075645   0.276084226051
-0.491943370257   0.576048615022   -0.652809094293
-0.0538600281974   0.926768957046   -0.371750450731
0.900403155066   -0.115880082614   -0.419339915582
-0.431709689154   -0.357310938413   -0.828224388424
0.155914546104   -0.987327577519   0.0295788604012
-0.683208860907   -0.129419485072   -0.718662820287
0.713383702289   0.0918414479055   -0.694729329851
-0.827556277912   0.0657930692449   0.557514016799
0.422233273252   0.727420038879   0.540905860568
-0.369959011036   0.683031008869   -0.629761042838
0.808004674539   0.208804748165   0.550934681307
-0.462698626836   0.80377912545   0.373964033318
-0.364744330521   -0.557081407548   0.746070960913
-0.143597630722   0.956683755906   -0.253250689312
0.960351112696   0.196501246813   0.197770069383
0.238967488989   -0.214810267881   -0.946969422959
0.678032306653   0.732321757254   0.063063737501
0.439373110037   -0.472587884671   0.763944998961
0.58925670239   -0.490270879326   -0.642192341572
0.74833755201   0.392544652938   -0.534695804829
0.619111077925   -0.702695138239   0.350600935377
-0.238101619993   -0.593403941802   -0.768881902772
-0.92754536832   -0.369537232793   -0.0556940148267
-0.315176609075   0.853607435091   -0.414750589932
0.200806610449   -0.367146537961   -0.908229114741
-0.379173460871   -0.709171172743   -0.594393585363
0.0299228153805   0.63262830488   -0.773877285482
0.924841668444   -0.311219658144   -0.218655465731
0.609077607766   -0.0965616014676   -0.787210470484
-0.71996830722   0.349014026089   -0.599862356038
0.332671165442   0.932129318665   0.143055335336
0.959481415544   -0.272685670793   -0.0709784345475
-0.145955261155   -0.265503749732   -0.952997807248
0.241023805811   0.924743361059   -0.294545821919
0.700357737481   0.621595494982   -0.350881860701
0.641886323628   -0.763476278633   -0.071315632954
-0.312219453414   -0.175279812251   -0.933700166181
0.193577363579   -0.117915215067   0.973973206185
0.758429875798   0.647729846896   -0.0723199069211
-0.622343898344   0.752689874713   0.214816257991
0.0116288261502   0.847967362259   0.529920864796
0.292307906176   0.50392444667   -0.812783021498
-0.9562535534   0.164351770882   -0.242007514384
0.898759579496   0.437171811183   -0.0333470504224
0.39963679094   -0.78555661217   0.472431206
0.18033761003   -0.437928780263   -0.880736470135
-0.139893967487   -0.217357750791   0.966015158283
0.932609923251   0.298853684351   0.202299793385
-0.332668617267   0.929215843344   0.160902167682
0.463848147734   0.145504722532   0.873884014938
0.771660709039   0.418195842819   -0.479220186526
-0.435183462425   0.896627354462   0.0816990897237
-0.800821638776   -0.512447753999   0.309970970075
-0.0792101879513   0.603644104343   0.79330923442
-0.593641684009   0.610746342365   -0.524002343787
0.100663351452   0.876123090119   -0.471460730745
0.994534618591   -0.0754119840667   0.0722075140306
0.0277088812073   -0.476152668394   -0.878925966327
0.793861782158   0.590422451727   0.145549989095
0.414297194608   -0.349929263882   -0.840182923427
-0.445130661007   0.727290065088   -0.522405834439
-0.405360567014   -0.897133711399   -0.175595884296
-0.576735355628   0.101943937967   0.810545349182
-0.709266621432   0.429835477112   -0.558732782588
0.451748840126   0.892096660585   0.00930234474615
0.613558685517   -0.303096642062   -0.729162646464
-0.647664052478   0.335105914218   -0.68427721092
-0.114341376876   0.51674442015   0.848469948659
0.934591484091   -0.23363715073   0.268239519204
0.336845376097   0.823643664483   -0.45623054102
0.0588458696176   -0.352441455963   0.933981896906
0.856723514799   0.498072771747   0.133971389611
-0.512408023765   0.79228059055   0.3312544083
0.431944512308   -0.608507523936   0.665689515916
-0.878710432782   -0.117639400705   0.462632626088
-0.203204118085   -0.784779946683   -0.585515603275
-0.0965141407255   0.110184718433   0.989214005392
-0.526956689908   0.837483914708   -0.144697406911
-0.844394260758   -0.535238283786   -0.0227664658955
0.276069478006   -0.778963343875   -0.563029086472
-0.698030553273   -0.565184765994   0.439681165148
-0.660710973128   0.271628954987   -0.699770477229
0.777892384173   0.589655670122   -0.217231741092
0.393884932781   -0.188175144499   0.899691488634
0.489630573364   -0.785427466852   -0.378636495787
0.863948400487   0.401006095769   0.304610033407
0.381417489923   -0.126122169412   -0.915758645476
-0.328806720851   0.907351811338   -0.261913785021
0.365727727236   -0.10880473768   0.924340174713
0.682319565259   0.70679294813   -0.186771891192
-0.632995450533   0.699003045439   0.332733379858
-0.468164678632   -0.0825508311477   -0.87977678644
-0.860845681453   0.267296023636   0.433009871103
0.199415511948   0.960071974398   -0.196202083499
0.986822655874   -0.147824200207   0.0657955293869
-0.156697409328   -0.771723395043   0.616351298735
-0.0403356884648   -0.61853941457   -0.784717799505
0.0933829905262   -0.849843880474   -0.518695475112
-0.778133940645   0.262708395328   -0.570518947485
0.621117692145   0.456891319512   -0.636759872054
-0.303564869029   0.721673744394   -0.622121673745
-0.34235146237   0.526716310007   0.77805231507
0.889181559921   0.449173613901   0.0871734940841
0.25803236972   -0.408191354335   -0.875670665503
0.105801334688   0.912850962598   -0.394346545138
0.960325660261   0.00910704837582   0.278732287177
-0.531798687809   -0.765216187531   0.362814473231
-0.346588106903   0.587554085168   0.731202353084
-0.772701002845   0.263105270458   -0.577675321317
-0.619628251722   -0.755519481573   -0.212723159603
-0.692700019971   0.653824143802   -0.304435003429
0.369090113658   -0.0412831920327   -0.928476271132
-0.24200687016   0.963694452359   -0.112808143712
0.553770763266   0.232653762101   0.79950620306
0.796724931546   0.13101614203   -0.589969621235
0.23454672285   0.71300436302   -0.660766685839
0.897119540729   -0.420544238956   -0.135347969038
-0.374385315474   -0.561041283147   -0.738287419751
-0.785533511662   -0.618819113031   8.60391605394e-05
-0.602532980487   0.764828072767   -0.228017601365
0.141035844667   -0.179167308553   -0.973657006376
0.549048289111   0.115432702179   0.82778092965
-0.433611225975   0.88604161845   0.16404741718
-0.714511917978   -0.44900505748   0.5365325502
0.808313623272   0.524632148233   0.267189437428
0.534945338272   -0.464915549267   -0.705469359441
-0.245891381496   0.713172238025   -0.656447094149
-0.15749857117   -0.836345149085   -0.525091412691
-0.86006032685   -0.145123005578   0.489117110139
-0.485273566412   0.528645538007   -0.696450616259
-0.543800964648   -0.666434266808   0.510044977303
-0.827624520932   0.325220368111   -0.457459686222
0.13898979531   -0.670892748649   -0.728412490701
-0.553321743493   0.750862107868   -0.36061217831
0.480620140727   0.641384710822   0.59802168276
0.680322958973   0.157580924264   -0.715771558392
0.911569138337   -0.276989002595   -0.303840087008
0.314578843642   0.945713286833   0.0816488226486
0.264729781408   -0.170010210131   0.94921792613
0.898260074892   -0.250957678448   0.360761807129
-0.206286206279   0.484069578447   0.850366182489
-0.388039738885   -0.838270175331   0.383051268365
-0.908261016704   0.401598068178   -0.117392151233
0.393184977346   0.91516871517   0.0887231444609
0.143064667633   0.0344269430703   -0.989114395035
-0.867041828528   -0.250010001088   -0.430968057911
-0.48876790118   0.594629648304   0.638374122388
0.0966664696729   0.764140419501   -0.637765641068
0.42286887976   -0.332041526661   0.843166848911
0.797005693876   0.579056658052   -0.171683751982
-0.4312352426   0.744608495343   0.50950402766
-0.443429913604   0.842594996344   0.305619999112
0.465365893928   0.507848373061   -0.724930765486
-0.766031655018   -0.179230862619   -0.617310133883
0.857626676623   -0.446542171295   0.255101103093
-0.291393871599   -0.0132124433247   0.956511914686
-0.423752398386   -0.894665032622   -0.141450995985
0.107891474536   -0.993813459834   -0.0263483733056
-0.993973518605   -0.107316072226   -0.0223585543914
0.0193926283639   0.0286018827259   -0.999402750782
0.232458744788   -0.809177761996   0.539624203927
-0.784201963322   0.172254637632   0.596117119814
-0.575317488604   -0.561746997594   -0.594516692786
0.577276262803   -0.736721508234   0.352127158437
-0.816500863775   -0.525487842596   0.239141938478
0.00885753120906   -0.425563093546   -0.904885405757
0.321466840592   -0.583383863808   -0.745870188336
-0.83278910079   -0.549078518537   0.0705343468489
-0.450689897829   0.598478109816   -0.662346259947
-0.94017431321   0.139926874242   0.310632790677
0.329283460071   0.607198440926   0.723106116874
-0.0874337675202   0.782132036936   -0.616947982488
-0.240309990423   0.730983426889   0.638681718947
0.786905137674   0.531949512767   -0.312745935495
-0.568358524881   0.427425953214   -0.703047396492
0.659477051589   0.407111795807   0.631941456262
0.7408011905   -0.209172215754   -0.638326390109
-0.127685608355   0.889104588826   -0.43953317912
0.386494688067   0.284596081007   -0.877283834783
-0.604889956189   0.796267104471   -0.00817552687143
0.696225536014   0.533819978095   0.479902317132
0.99975305204   -0.0115034437073   -0.0190133037481
0.0125744628882   0.998283242156   0.0572053434078
0.0183226040621   -0.0574302987473   0.998181367771
0.75593011888   0.494765891   0.428691460695
0.644837783716   -0.675708675142   -0.357214248079
0.112933113222   0.546465460429   -0.829832279739
0.993765598187   0.0359279626923   0.105542017021
0.0233192042989   0.858732099849   -0.511893929834
-0.109023623912   0.511163733246   0.852540607386
