0.0273205955166   0.0007342774943   -0.99962645318
0.790175284431   0.612484279411   0.0220460279788
0.612271675758   -0.790482427579   0.0161532273301
0.734232477025   0.0148596626202   0.678735486113
-0.454179025166   0.753840693462   0.474811143487
-0.504602896128   -0.65688918343   0.560243266726
0.920961274481   0.210038581934   0.328198301345
-0.1112608482   0.948965273867   -0.295103257611
-0.373431860671   0.235263050848   0.897329338839
-0.441089456469   0.711499197901   -0.546999984257
0.89727318283   0.337077368589   -0.285095918876
-0.0184642022938   -0.616561220781   -0.787090423181
0.69214050289   -0.259976532527   -0.673315473455
-0.17337774599   0.845674637814   -0.504751982813
0.700629489427   0.466097210347   0.540251523878
0.126576950212   -0.727581761768   -0.674242579209
-0.986272616018   -0.0196485925603   -0.163952004265
0.106040570383   0.685739537108   -0.720081026468
-0.793813793005   0.252522496347   -0.553255863841
0.599709638986   0.173896386316   -0.781094357766
-0.101034701676   -0.951836349203   -0.289481525132
-0.968845253909   0.246707116737   -0.0217823903453
0.168182610117   0.590799986229   -0.789094408754
-0.181806170501   -0.76817379207   -0.613885609495
-0.770907636757   -0.610105944895   -0.18295396031
-0.627916543263   0.776148413831   0.0575712984337
0.106874834669   0.159261971954   -0.981434355423
0.705117837126   -0.612643286911   -0.357039267826
-0.680318957378   -0.726466071595   -0.0970214566642
-0.199937370191   0.311312142108   -0.929037027344
0.333692858219   0.305381455638   -0.891847096158
0.410527814884   0.804574112319   0.429100700293
0.848596482187   -0.509315878741   0.143113053499
0.270542948849   0.215737085753   -0.938223865961
0.338677369868   0.890941336707   0.302524666242
0.901168215134   -0.399601106576   0.167972627699
-0.301401560056   0.857721799267   0.416497796702
0.773916520957   -0.0350906638715   0.632314687397
0.556965275565   0.512915159038   -0.653228690004
-0.628730970797   -0.410220385013   -0.660618348277
-0.726718131672   0.61228174326   0.311435103948
0.276727525664   0.675892227053   -0.683075086612
0.591057026287   0.798004561304   0.117644854602
0.207447618422   -0.00943993041859   -0.978200579291
-0.779497964903   0.602577470415   -0.171123682934
0.814228425192   0.236545707378   0.530168086489
0.0516654805571   0.880076722984   -0.472012330115
-0.578241082706   0.411717245185   0.704362236558
-0.236548169641   0.520986992057   0.820132621926
0.867646553734   -0.266639264981   0.41963431719
0.437303580174   0.810848972669   -0.388959538113
0.503179838389   0.733547446394   -0.456856863938
0.676170811834   -0.663402193175   -0.320453683572
-0.538147826775   -0.14766744387   -0.829813980696
0.154862085569   0.911400340579   -0.381270446856
0.962003726397   -0.22695780016   -0.151785991926
-0.224870106621   -0.343277695371   -0.911917682145
0.444577036429   -0.157212059536   -0.881836508099
-0.793358826326   0.387939197348   -0.46913212622
0.415852174902   0.908178147445   0.0477432836344
0.882076205131   0.402750018324   0.244405382678
0.224222418101   0.0973546865501   -0.969663019934
-0.414325808468   0.91011784278   -0.00443133053502
-0.507185406461   -0.332840689282   -0.794971722159
-0.330942488827   0.92691316021   -0.176943670469
0.795763804506   0.173346672851   -0.580267954008
-0.672720186564   0.237135534318   0.700866812563
0.354174965014   0.934880380371   0.0236382857929
-0.649621154786   0.264131430848   -0.712900373469
-0.428381410838   0.691182490475   0.582027603907
0.816143432699   0.0195147205461   0.577519759787
0.387813439827   0.722416736063   -0.572463793917
0.129652718056   -0.638972802293   0.758224195493
-0.87345583831   0.288338715037   0.392346382591
-0.469324057792   -0.713144125224   -0.520730626559
0.824808285607   -0.328441589438   0.460236259242
0.166907739551   0.919144287631   0.356813095321
-0.540215788802   -0.217485403745   0.812937267375
0.025248170501   0.717296753291   -0.69631020214
0.393597221467   0.633140050441   0.666494488936
0.918936209505   -0.290893527336   -0.266340381118
0.799168570557   -0.36086509567   -0.480734831857
0.244987121066   0.925848074368   -0.287726699667
0.548917941359   0.112168292831   0.828315983027
-0.859936410328   0.509897718683   -0.0226646569423
0.261270995075   0.401614990307   -0.877748749183
-0.438459618807   -0.760729726015   -0.478584837445
-0.809862411168   0.536751955096   -0.236685896661
0.471797711264   0.835746763625   0.280952427887
0.348611237088   0.115864946339   -0.930078233046
0.931028341522   -0.364183226528   0.0235967115922
-0.278262387986   -0.666564222404   0.69156502286
-0.236127657665   -0.650432713604   -0.721928676781
-0.340751103457   0.43165583117   -0.83520172947
0.879159985247   -0.168466970389   -0.445753968269
-0.333116204698   -0.886167096718   -0.322089228107
0.998444894217   0.054864654546   -0.00988245383872
0.0372258774291   -0.524202659718   0.850779528194
0.0414973163224   -0.849824359045   -0.525429854036
0.13995185244   0.46122582559   0.876175905174
0.810676873981   0.454701994622   -0.368848345637
-0.568521314456   0.761916553105   -0.310268724033
-0.806859376194   0.515954873999   -0.287695177304
0.497138644153   0.329974860145   -0.802477264576
-0.319109880036   -0.79051069548   -0.522744416321
-0.68060319188   -0.395346312144   -0.616831086017
-0.399416560098   0.906019095251   -0.139985036917
0.614203310576   0.151098287598   -0.774547352176
0.836687508845   -0.250866833892   0.486846838539
-0.542884210836   -0.497277920273   0.676750621451
0.0723238976227   -0.830530253309   -0.552257867459
-0.0561583138433   -0.473988899347   -0.878738167535
-0.299341066752   0.847632359507   -0.438080253917
0.952492083716   0.238440572078   -0.189485946828
-0.732511920166   -0.67659890847   -0.0751012907481
-0.500872274114   0.610377586548   -0.613649873188
0.461034978975   -0.411889692633   -0.785998491897
-0.332403359716   0.943136554252   0.00120269795107
0.709597883571   0.250933533813   -0.658409602937
-0.621271961447   -0.218004132165   -0.752658852521
-0.681239595263   -0.716234133437   -0.151397754097
-0.0887158222635   0.286058406566   -0.954096478829
0.726665065024   -0.636536922836   -0.258415613192
0.66081721777   0.0891137428288   0.745237777852
0.721883368293   -0.347245913664   -0.598585564499
0.205438573011   0.933530404584   -0.293795807384
0.0600980857977   -0.932099471207   0.357181740658
0.196840783046   0.361868622811   0.911210626559
-0.978591807759   0.015545919106   0.20522280133
-0.208251569218   -0.977926849119   0.0170400026623
0.0283890652532   0.011370958057   0.999532271759
-0.977663206269   0.208637913825   0.0253944092736
0.671035323951   -0.741422962675   -0.00189325857574
-0.433361118729   -0.394288974072   0.810391476818
-0.601589340651   -0.542980842519   -0.585885714003
0.0803463961899   0.253313237218   0.964041939165
0.984553401778   -0.171109835336   -0.0370947880251
0.155560456629   0.952131203197   -0.26314846804
0.776763091492   -0.541572139437   -0.321463399909
-0.272686113246   0.170892075577   -0.946804194196
0.567698320711   0.823101157994   -0.0149365448087
-0.149880048431   -0.286280159853   0.946350696707
-0.083916008823   0.957392213591   0.2763299709
-0.985136576595   -0.0379976239931   -0.16751747976
0.417414925238   -0.457644397733   -0.78506457404
-0.891144574893   -0.0370800501753   -0.452201743161
0.177837360606   0.88836179291   -0.423305088642
0.0958846366978   0.957534919989   -0.271906258566
0.865317663239   -0.215194676356   -0.452677139863
-0.49196694821   -0.191880505185   -0.849205742796
0.639072003167   0.52411623385   -0.562929079177
-0.075995735478   0.771333998498   0.631876974537
0.765383317663   -0.361034674479   0.532768562199
-0.502802361891   -0.835269759326   -0.222517895981
-0.837474377176   0.406970434211   0.364707736758
-0.214071138759   0.369728947789   -0.904142717007
-0.823678091853   -0.507854981281   0.252265175936
-0.564664699841   0.693743947202   -0.447071708424
0.0520401552174   -0.510688411566   -0.858189471234
-0.231065102121   -0.834919215101   -0.499518591083
-0.731430158127   0.487621429857   -0.476692002163
0.641575281915   0.255216075904   -0.72335738901
0.889159721825   -0.45714865549   0.0202508238697
-0.418211444611   -0.793871514509   0.441437658167
-0.185726079698   -0.400977711644   -0.89706337462
-0.0890990596035   0.988324352609   -0.123597457975
0.125407023157   -0.111971916294   -0.985766386374
-0.988096369855   -0.103330847289   -0.113966222531
-0.505879128806   0.857230526709   0.0961360032251
0.777831378393   0.4051412483   0.48045698633
0.3729137351   0.317830761575   -0.871733303924
0.26505125404   -0.529421286699   0.805891390897
-0.800361390444   0.345313177072   0.490082089477
-0.537744806965   -0.774901226564   -0.332202666534
-0.408773485384   -0.273535594664   0.870679341721
0.10965358191   0.93239526529   0.344405518595
-0.906024464141   0.236256952736   -0.351144304614
-0.625872705224   0.779915275827   -0.00393946547113
0.714658150187   0.575512741068   0.39755353506
0.312325287524   0.246002535353   -0.917570524468
0.104261822787   -0.701064674268   -0.705434472366
-0.864602458146   -0.414437914118   0.284084150752
-0.491520153886   0.580301247486   -0.64935229305
-0.0188078940403   0.923948735601   -0.382053657361
0.897679995985   -0.15265228294   -0.413361712453
-0.440246394569   -0.350736388894   -0.826539229302
0.133994980128   -0.990041888897   0.0431555735557
-0.669629437651   -0.122559471426   -0.732513202744
0.730507879172   0.0692548495933   -0.679383547252
-0.826729038205   0.0830487933091   0.556436874514
0.412574654362   0.761914121297   0.499268491242
-0.382493466567   0.642331510747   -0.664160355889
0.808633445964   0.207332418567   0.550568086869
-0.462820921694   0.801927916567   0.377767668116
-0.363192434545   -0.560290000663   0.744423515646
-0.0567005638131   0.964542016725   -0.25776684045
0.974977797168   0.109079180105   0.193700871181
0.214949624545   -0.240333997678   -0.946591901755
0.683709612603   0.72567895146   0.0770144469677
0.425463166144   -0.482134464358   0.76585080305
0.592893126869   -0.49085274542   -0.638389632141
0.741634200204   0.556464307309   0.374601371832
0.263797433966   -0.755381272946   0.599841684376
0.616757348494   -0.346044227191   -0.707010442573
-0.9353239303   -0.349511740687   -0.0548697414698
-0.290422535578   0.847073458789   -0.445108196109
0.202049242106   -0.40038493795   -0.893794162672
-0.404403552816   -0.64705379975   -0.646358373272
0.048818678335   0.690446907156   -0.72173388797
0.91327679436   -0.323426109997   -0.247630870969
0.604448906402   -0.0756247705361   -0.793046287193
-0.729954552499   0.346136889517   -0.589368819163
0.319073456803   0.935131085889   0.1540194188
0.962032775234   -0.269146420875   -0.0453116266148
-0.120096503025   -0.268358601057   -0.955803584006
0.245091348965   0.924956142403   -0.290493313682
0.662371743901   0.666366029437   -0.342374046467
0.685471317697   -0.723472116076   -0.0819583423164
-0.302312331035   -0.18040069865   -0.935982287456
0.229734739189   -0.125888497117   0.965077217586
0.799122156047   0.590412077971   -0.113213770808
-0.555540933977   0.797223722978   0.236238451985
0.00748157486797   0.85049215409   0.525934522417
0.278853628743   0.503311094981   -0.817874437433
-0.960304472433   0.152777738893   -0.233397263746
0.890893105907   0.449832446925   -0.0629304659126
0.425226516007   -0.777293692136   0.463677610253
0.159661779807   -0.439846889108   -0.883766275782
-0.155254018706   -0.227313505474   0.96136609047
0.922647788797   0.314389984585   0.223338298148
-0.353011681822   0.921676465915   0.160919994642
0.446381661411   0.130700343724   0.885246198809
0.780652887259   0.426687796498   -0.45663836231
-0.43740654084   0.894904991868   0.0884340068106
0.503092867198   0.863711964108   -0.0299868309582
0.686179187801   -0.420297246442   -0.593724133636
-0.525410020083   0.278122037404   -0.804109720814
0.185507956911   0.865473627765   -0.465340947656
0.982617219499   -0.159969501099   0.0941974450947
0.00708504529485   -0.474726403691   -0.880104904981
0.769668507702   0.614462055879   0.17334004193
0.446823597731   -0.324500506587   -0.833695444233
-0.456025285223   0.719121549607   -0.524313967131
-0.413129317623   -0.896677312193   -0.159040764327
-0.5788051884   0.123712529886   0.806027148321
-0.703070921601   0.425047065331   -0.570110753671
0.456995493315   0.889457751934   0.00447511064013
0.610378337335   -0.309939390677   -0.728955320592
-0.646987947649   0.33586080693   -0.684546648495
-0.158525344376   0.470655109781   0.867959378558
0.916335594763   -0.257239355856   0.306850112544
0.367693884855   0.843985593145   -0.390499072475
0.0478402882861   -0.436058167951   0.898645970881
0.889109421897   0.42858122895   0.160631771721
-0.455187590682   0.791309929392   0.408206875167
0.422181509279   -0.479528426018   0.76929530212
-0.905433451078   -0.181689420206   0.383639440432
-0.0441931996191   -0.858511178276   -0.510886991302
-0.0959426396545   0.0998082291411   0.990370298066
-0.516608014533   0.845472051528   -0.135252243624
-0.850829694602   -0.524609690609   -0.029555089287
0.273269342139   -0.794517608401   -0.542278191142
-0.716825977214   -0.544123843512   0.435992845483
-0.64147048649   0.269575616224   -0.718223225815
0.771590866558   0.596787523089   -0.220209416076
0.397602953257   -0.182237863926   0.899278184164
0.496547506493   -0.781430747563   -0.377897552994
0.866631212628   0.40124091986   0.296573878703
0.374667045238   -0.130785038929   -0.917888816145
-0.329507126648   0.906587556622   -0.263674146754
0.368368968391   -0.0691142102203   0.927107075301
0.652824479765   0.72923599247   -0.205024549517
-0.661909738368   0.68076287592   0.313747358591
-0.459692764741   0.104732623456   0.881880740026
0.864912111024   0.278129774489   0.417816788492
-0.201518242967   0.954816687185   -0.218438759438
0.980806861497   0.193744320574   0.0219325941332
0.165367686059   -0.766965706729   -0.62001381687
-0.103302608136   0.61174074815   -0.784284277673
0.0592893579458   -0.861546004322   -0.504205567672
-0.755877964061   0.291166233817   -0.586404917895
0.652022450136   0.415885449039   -0.633960580633
-0.304250249464   0.745176163533   -0.593417450875
-0.369586534114   0.481812704674   0.794520176847
0.877973564239   0.461052060961   0.128815439993
0.255986386212   -0.420376393392   -0.870491044155
0.132577493514   0.907253321027   -0.399142355181
0.957545914454   -0.0132325116734   0.287976947597
-0.538591084672   -0.744648868606   0.394230523927
-0.364474752321   0.62775615392   0.687808378937
-0.759656368652   0.226760388293   -0.6095095798
-0.606618539374   0.767897156088   0.205786066973
0.696317807074   0.638119608566   -0.328549656392
-0.383608471282   -0.0560118097908   -0.92179564868
-0.240737403601   0.96504788985   -0.10357641046
0.543417010484   0.222436029232   0.809456710156
0.804203615526   0.138581323402   -0.57797211142
0.291841306836   -0.713317171276   0.637186993579
-0.888014230659   -0.449564360696   -0.0965536728366
0.355329956197   -0.537652767829   -0.764637249599
-0.770795817911   -0.635551055463   0.0441436630882
-0.609976534217   0.716230887066   -0.339030889619
0.18385438476   -0.288250190479   -0.939739002539
0.569246298953   0.119478944391   0.813439262008
-0.474956340474   0.855381045993   0.206735920438
-0.671099937246   -0.504031792651   0.543669776818
0.754918305635   0.594398041981   0.277108858586
0.581868011603   -0.412141963351   -0.701119546952
-0.302535896863   0.690528760975   -0.656994719442
-0.171722140121   -0.838474096931   -0.517177624582
-0.862426465345   -0.125794732289   0.490302230467
-0.476163940744   0.530223419045   -0.701520511055
-0.526205130749   -0.688795702992   0.498666862659
-0.840907977567   0.334312328198   -0.425569078386
0.126419672668   -0.643269575493   -0.75513066393
-0.602510404563   0.701215841348   -0.381152930246
0.424028265973   0.685836350591   0.591463041841
0.676151789208   0.194743020541   -0.710558874339
0.913616583116   0.294827510002   -0.279966923764
-0.252214796104   0.951066246786   0.178495632581
0.318892514309   -0.0924647693466   0.943269755026
0.901524119392   -0.254568675529   0.349927208994
-0.195848686719   0.481057342491   0.854533279133
-0.385872458288   -0.83891514629   0.383827856284
-0.918105730757   0.387604595532   -0.0827317633931
0.353813467923   0.895613538277   0.269615318502
0.178599823818   0.218263756903   -0.959407648164
-0.874949385858   -0.242614365023   -0.419048734722
-0.470208058661   0.632353715579   0.615656690019
0.115619867489   0.735708534869   -0.667356724671
0.425406797826   -0.315371790747   0.848274536907
0.79096709585   0.585040586148   -0.179160726281
-0.439772793208   0.747173437804   0.498328951792
-0.435873784487   0.85526903911   0.280230110331
0.450506006844   0.47688332997   -0.754736130972
-0.779139513691   -0.202724345693   -0.59316478138
0.852879408878   -0.451728293155   0.261798134211
-0.297573852018   -0.00855888397934   0.954660436019
-0.429006429448   -0.892114507599   -0.141722224168
0.131497939937   -0.990862319645   -0.0300025882356
-0.991244725546   -0.131064140316   -0.0160026622893
0.0119241716421   0.0318442244658   -0.999421712541
0.242498797525   -0.786098331324   0.568545289918
-0.809002567624   0.159595552399   0.565724407492
-0.535452312327   -0.597142087902   -0.597253838899
0.564942644846   0.748835086847   -0.346534010944
0.825118598625   -0.510473633526   0.242066039913
0.00437106831409   -0.422685086301   -0.906266082108
0.340351603782   0.605852118341   0.719099434366
0.840590943932   -0.538761579378   0.0560609094219
0.421387767718   0.585388051883   -0.692642171637
-0.942389008071   0.124029133218   0.310676248818
0.324754001034   0.561967528898   0.760741306409
-0.0802358789987   0.817807599975   -0.569870979384
-0.250609192944   0.733313022969   0.632018229766
0.772404625012   0.545023112411   -0.326099528055
-0.583597573394   0.406450264218   -0.70300217286
0.649093284039   0.386128846006   0.655425375537
0.753730201745   -0.210012684872   -0.6227242208
-0.102804141908   0.898220010062   -0.427354796312
0.390582602512   -0.295454811472   0.871866781677
0.620507770962   0.784104401982   -0.0122634811006
-0.680011276958   0.545790015639   0.489589544454
0.999704207359   -0.0112846729909   -0.0215442322937
0.0126279811698   0.997916609914   0.0632690583808
0.0207853766194   -0.0635224040186   0.997763936162
0.764448349416   0.521606400389   0.378873968687
0.642395439496   -0.665794186663   -0.379534188606
0.0542846238863   0.533521193655   -0.844042839867
0.994371597902   0.045693609737   0.0955888032982
0.0102852494204   0.856324476042   -0.516335748691
-0.105448276094   0.514412758163   0.851034767391
