-0.953917049175   -0.249529940355   0.166664549801
0.126847778927   -0.838679605063   -0.52964720431
0.271940994105   -0.484098470271   0.831683092774
0.992283838515   0.108155798252   -0.0606226618195
-0.108181859011   0.516362255281   -0.849509686056
-0.06057614384   0.849513004389   0.524078416052
0.867944569853   -0.37429182924   0.326462632205
0.186151940435   0.854558432082   0.484847750566
-0.460455946573   -0.360049319845   0.81138450105
-0.490768983793   0.547757447814   -0.677574780309
0.712206291792   -0.195773678573   -0.674117841857
-0.501904375831   -0.813409149901   -0.294036651422
1.01201792936   0.0518178775522   -0.166979734855
-0.166979734855   0.569531579071   -0.808068111645
0.0518178775522   0.850470784439   0.569531579071
0.938714762431   0.0368679719969   -0.342717591371
-0.167654073946   -0.819898417491   -0.547410902782
-0.301175540646   0.571320695963   -0.76346968249
0.911726950904   0.386260433271   0.139845788942
0.329657090488   -0.891068446518   0.311966707054
0.245112565338   -0.238327298707   -0.939744608394
-0.998613133831   -0.000440164838895   0.0526461318077
0.00530738420249   -0.99571268228   0.0923476367888
0.0523797729312   0.0924989762239   0.994334098171
-0.960527081485   -0.2725298701   -0.0558139376644
-0.27783435049   0.929712649201   0.241748761327
-0.013992834673   0.247713261289   -0.968732337005
-0.893160490761   -0.448950054209   -0.0266117750112
-0.431656479364   0.839139596696   0.330934164268
-0.126241916837   0.307064465678   -0.943278533812
0.970996014353   0.166053250851   -0.17202632936
-0.191439585531   0.108912018803   -0.97544300564
-0.143239747288   0.980083919898   0.137542301692
0.823694210912   -0.159873167838   -0.544029794327
-0.513708100885   0.195798753088   -0.835324389309
0.240066311664   0.967524376176   0.07915015799
-0.426833558616   0.20594097803   -0.880568808673
0.294155101831   -0.889156310153   -0.350533639159
-0.855152553236   -0.408643328201   0.318943162665
-0.889265226109   0.456986937035   0.019243102995
0.403486517089   0.803581944798   -0.43755535481
-0.215420491506   -0.381338428924   -0.898985547417
-0.380935208103   -0.174258598007   0.908032107499
-0.915378438424   -0.0672916114767   -0.396930917785
0.130271569025   -0.98239797437   -0.133878819304
0.552781220573   -0.768783480536   0.321566295245
0.320849801897   0.552482941264   0.76929708451
-0.769082782803   -0.322078499233   0.552066222049
-0.249385491264   -0.412949235893   0.875945092641
-0.117601335791   -0.884915601138   -0.45065985475
0.961237120885   -0.215400342244   0.172121730162
0.156263617564   0.819457171829   -0.551426899383
0.765146546845   -0.453475610504   -0.457067426676
-0.624605830646   -0.350499378337   -0.697866564687
0.910039427012   0.399500133662   0.110579765273
0.40939096643   -0.90804723346   -0.0885960406111
0.065017519867   0.125896247006   -0.989910529846
0.767974029133   0.478081937167   0.42620834334
0.458186799162   0.0548846336812   -0.887159813145
-0.447527370841   0.876598732797   -0.176900859262
-0.440362205334   -0.844559126595   -0.304632581642
-0.314882472161   0.463031551717   -0.828523271152
0.840791387229   -0.268926874447   -0.469838460921
0.333216484461   -0.426356694554   0.840943959781
-0.925966611453   -0.316016933178   0.206686072147
0.177630540614   -0.847557235208   -0.50009411523
-0.287547223894   -0.851563948592   0.438355375797
-0.331785891417   -0.340779977731   -0.879651708936
0.898462417849   -0.398381536014   -0.184546567227
0.190031020216   -0.671766805535   0.71597316314
-0.748842024799   -0.570792847536   -0.336795408366
0.634920336146   -0.472149218132   -0.611515561999
-0.091216644239   -0.431295006331   -0.897587957432
0.482329382961   -0.807699488134   0.339086866748
-0.871227806114   -0.402002679571   0.281701891139
0.930961777937   -0.0275241203395   0.364077726344
-0.203764050497   0.788260451351   0.580625242787
-0.302969271949   -0.614725860556   0.72823192502
-0.735096795922   0.252350543093   -0.629247092982
0.676558010457   0.332755474284   -0.656919365539
0.0436114562048   -0.908621482101   -0.415337264344
1.0   -4.01331322446e-09   -1.13763115989e-08
-4.01331322446e-09   0.778643597583   -0.627466451647
1.13763115989e-08   0.627466451647   0.778643597583
-0.915368131878   0.0921518140503   -0.391930129373
-0.0144806607416   -0.980359781775   -0.196685049615
-0.402357420222   -0.174363819196   0.898724521168
0.157836542486   0.928996630941   -0.334743014202
0.98720068253   -0.156297796859   0.0317145252149
-0.0228569085572   -0.335464243099   -0.941775611987
-0.426434160609   0.318210827223   -0.846696980096
0.805467634491   -0.292318955191   -0.515530327162
-0.41155290845   -0.90182675602   -0.131653733985
0.696070486148   -0.621257065622   -0.359896563931
-0.432094979362   -0.76280819262   0.481058821852
-0.573393239517   -0.179341349628   -0.799410328423
-0.523201469177   -0.478728249241   -0.705038641515
0.35374665187   -0.874665904916   0.331395324452
-0.775321564863   -0.076018538243   0.626975001816
0.0804519726081   0.282441959472   -0.955904817246
0.994924522219   -0.0809037026265   0.0598313127819
-0.0604373658538   -0.955866690722   -0.28751729405
-0.990529282497   -0.0237424923791   -0.135233259856
-0.0259646124443   -0.93477295029   0.354295597358
-0.134824253813   0.354451443024   0.925303515135
0.472208694481   -0.665465386705   -0.578078513659
-0.113910836042   -0.696367973258   0.708587303903
-0.874095687147   -0.268751678913   -0.404634730087
-0.790338052109   0.475396064576   -0.38647683653
-0.0246191396337   -0.6549395943   -0.755280097568
-0.612176168559   -0.587411873905   0.529327525303
-0.00184066997963   -0.60588694274   -0.795548631167
-0.886390008788   0.369277565054   -0.279189599142
0.462935594068   0.704652462257   -0.537731850628
0.669283316577   0.433788544295   0.60323075269
0.250654077525   -0.8961028528   0.366295250615
0.699451481929   -0.0939530523279   -0.708477556727
0.922160143287   0.382064067335   0.0603963457822
0.37303154353   -0.837108093815   -0.400121864937
-0.102313917256   0.391506178393   -0.914469668505
0.406979264001   -0.857623055761   0.314405109534
-0.883934558647   -0.28299699606   0.372253134641
-0.230277169303   -0.429412848491   -0.87325656645
0.4508732405   0.710714303119   -0.539998611427
-0.129424130487   -0.54653225357   -0.827376510578
-0.88315497816   0.442930779186   -0.154433187499
-0.973065437656   -0.151831811913   0.173466869833
-0.197282613507   0.937738398682   -0.285878061496
-0.119261160679   -0.312400058464   -0.942434601989
0.892814643661   0.332634946785   -0.303703810054
-0.0486198005131   -0.599151765207   -0.799157855025
-0.447792504473   0.728265854223   -0.518758824995
-0.448526920855   -0.848680319595   0.280295052401
-0.760774983532   0.527121413234   0.378634969519
-0.469089571085   -0.0434134868682   -0.882082900558
-0.0497574444144   -0.981387745283   -0.185478543593
-0.790422325917   0.152215956315   -0.59334884287
0.61053807696   0.117082859767   -0.783284661238
-0.490589795601   -0.855103103157   -0.167691190653
-0.184947219735   0.290234842888   -0.938913340989
0.851537537848   -0.429607284558   -0.300535193764
0.29428703745   0.774044412447   -0.560580402038
-0.407529747383   -0.428921995306   -0.806191929345
-0.864473622841   0.465705024133   0.189219940572
-0.544460831323   0.331141252197   0.770654185902
0.827303496845   0.0604972042691   0.55848814883
0.138316041235   0.941639824651   -0.306892674021
-0.11006072729   0.0195257994448   -0.993733052416
0.19175845428   -0.980605912716   -0.0405060385484
-0.975251419645   -0.195014838161   0.104181962818
0.868747336254   -0.41601874607   0.26871261353
-0.0454604699439   0.473297392375   0.879728892355
-0.493164689961   -0.77647793355   0.39226344118
-0.752904126343   0.138085771432   -0.643480921445
0.143061672068   -0.92002221193   -0.364818430923
-0.642392975149   -0.366730758573   0.672933738339
-0.770755015637   0.446672608647   -0.454334993759
0.493241669994   -0.0330632579663   -0.869263755114
-0.403298104201   -0.894086350224   -0.194833871519
-0.0764081047513   -0.773839300833   -0.628756342325
-0.994011649182   0.108525186067   -0.0127720507187
0.0781194138397   0.624015240579   -0.777497483408
-0.757484002313   -0.320549093468   0.568740947108
-0.0427807753506   -0.844917313804   -0.533183400056
0.65145052882   -0.428209074532   0.626298009727
0.461574005364   0.859700247721   -0.218780533048
0.723241169917   -0.221880848069   0.653980962565
0.513684385309   -0.460091700999   -0.724185044696
-0.477851248787   0.243362326583   0.844057440008
0.364367959593   -0.819390811428   0.442532132358
0.799308559978   0.519012019271   0.302873488107
-0.905369233187   -0.291036232149   0.30919971406
0.178815653683   -0.921773100218   -0.344033884541
0.385138304504   -0.256187945249   0.886586839014
0.190622337178   -0.948165961451   -0.254252697359
-0.152410729874   -0.284446921418   0.946499296521
-0.969759812525   -0.141673068864   -0.19873260319
0.740487792202   0.347427060018   -0.575301892546
0.442799863742   -0.896159544514   0.0287463292699
-0.505575029317   -0.276029905525   -0.817435857414
-0.701537487617   0.706611802669   -0.0924387029123
0.671122824984   0.611468094148   -0.419166940041
-0.239664989627   -0.356099045445   -0.903191099702
-0.830757456687   -0.437747767685   0.343829812619
-0.41898312289   0.0850994907128   -0.903997355867
0.366463082578   -0.895061432846   -0.254105963212
0.726819842727   -0.478169063931   -0.493038804272
-0.127105296384   -0.799092523714   0.587618398432
-0.674964561921   -0.364424868586   -0.641574123003
-0.554627110938   0.486302082664   0.675202971121
0.0893743731589   -0.771935940106   0.629386308872
0.827285313079   0.409420552452   0.384673656486
0.790727269335   -0.23054046658   0.567099178979
-0.250230623817   0.723727598028   0.643119739051
-0.558690451354   -0.650437896437   0.514582862564
-0.662407077942   -0.683295242378   0.307122898587
-0.746209873501   0.565566599405   -0.351148467641
0.0662396239539   -0.461781369678   -0.884516974872
-0.830621680356   -0.194782347592   0.52165837594
0.223863486583   -0.974592019983   -0.00745211115277
0.509855630053   0.110590377755   0.853121916757
0.469163907008   0.848120912825   -0.246122216775
0.617411013313   -0.51427905967   -0.595248426646
-0.631418141171   0.127310510227   -0.764920365126
0.922721238903   -0.382085814196   0.0509504255889
-0.385455679038   -0.915649489648   0.114061087164
0.00307160783052   -0.124885718552   -0.99216637845
0.382692656351   -0.871981112804   -0.305279003027
-0.174444480578   -0.392689640292   0.902975065881
-0.907257104668   -0.292307689466   -0.302391733862
0.893916260763   -0.398138967148   -0.205910372691
0.216378518363   -0.0190131158661   0.976124396896
-0.392548156962   -0.917128052272   0.0691525863735
-0.999703193788   -0.0209425608842   0.0124472275531
-0.018435662282   0.984315325485   0.175452176881
-0.0159264147369   0.175170628702   -0.984409264561
-0.168469386402   -0.985621921257   0.0129419543901
-0.98344160846   0.168957353876   0.0655439953105
-0.0667882369525   -0.00168549976969   -0.99776574931
0.971921605134   0.201519764847   -0.12148324102
0.117027215547   0.0339261907618   0.992549063977
0.204139717581   -0.978896724867   0.00939030082348
1.48551913344   0.673675499984   -0.767092931838
1.02242993203   1.48551913344   0.682314828897
0.682314828897   -0.767092931838   1.99143745332
-0.543133017159   0.757158056936   -0.362930024231
0.480851298786   -0.0738560232592   -0.873686051327
-0.688323001306   -0.649043114627   -0.323966790316
-0.109377600241   -0.0478923284362   0.992845841731
-0.949439576617   -0.290679235876   -0.118617335087
0.294280530987   -0.955621215078   -0.0136770747738
-0.510488640557   0.693597235921   -0.508256059663
-0.499506069746   -0.720316512632   -0.481287656103
-0.699925020377   0.00818510550604   0.714169426606
0.184844988408   -0.957266403424   0.222426084658
-0.714398376515   -0.28630381654   -0.638486557625
0.674883167588   -0.0408797934315   -0.736791390148
0.804504891672   0.453295665859   -0.383790201268
0.266296198854   -0.852868342475   -0.449112374446
-0.530903205634   0.259111230397   -0.806847666248
0.78296437577   0.617188344005   0.0777517478918
0.396351338228   -0.398621664446   -0.827046785448
-0.479450104767   0.678365179427   -0.556729988756
0.590449186029   -0.753731856683   0.288544705269
-0.806704734655   -0.561996776114   0.182721358147
0.024438285594   -0.340658057089   -0.939869596454
-0.904616009095   -0.425896011969   0.0168066378994
-0.311570125209   0.633848276264   -0.70792684633
0.290850362155   -0.645638404733   -0.706085771821
-0.776063610486   0.625759912038   0.0784206921997
0.595605461967   0.768121535482   -0.235039231627
-0.207314751414   -0.135697602097   -0.968817193608
-0.848584868967   -0.399914925192   -0.34636941662
-0.36361436135   0.916412962661   -0.167247953912
0.384302376237   -0.0159791888403   -0.923068983957
-0.996881944876   -0.0313400268056   -0.0724167846625
0.0361297918607   -0.997178039127   -0.0658072672532
-0.0701500258099   -0.0682184799234   0.995201091677
0.992205183061   0.0561071200596   0.111269338924
-0.101354004998   -0.156139130891   0.982521214771
0.0724999336326   -0.986140234897   -0.149235373621
-0.496488884873   0.315300176779   0.808754960245
0.217820009031   -0.856635901457   0.467685124845
0.840269736968   0.40836347885   0.356631516103
-0.209397177963   0.76987128147   -0.602869000554
-0.250289590959   -0.638197286044   -0.728051745924
-0.945255490605   -0.0015601454568   0.326327478811
0.142066174265   0.805848622062   -0.574826235005
-0.361492117272   -0.498369119767   -0.78800486649
-0.921488280598   0.31974398944   0.220506530373
0.664258090178   -0.471688994354   -0.579888508456
-0.49253893947   0.307358198938   -0.814209021475
0.562286922077   0.826462600576   -0.0281600268116
-0.773001020431   0.623413063713   -0.117582202753
0.335376764175   0.244238781165   -0.909873531776
-0.538508912149   -0.74276750721   -0.397875083121
-0.99021596735   -0.13520306002   0.0345321671352
-0.126933400164   0.975518280277   0.179588409336
-0.0579676627844   0.173448025085   -0.983135561693
-0.943094196893   -0.31175369292   -0.115684790431
-0.285701326986   0.937682679366   -0.197802792131
0.17014137517   -0.15349536725   -0.973391537198
3.62852377656   2.91227018043   -0.798887684935
2.70936670275   3.62852377656   0.821536389256
0.821536389256   -0.798887684935   6.25988353967
0.99686356151   -0.0789131371724   -0.00597967513446
0.0107946889933   0.210437083171   -0.977547803801
0.0783997093276   0.97441723651   0.210628902977
-0.9657007056   0.124430734574   -0.227901600469
-0.0495179664788   -0.949845127792   -0.308775329659
-0.25489236591   -0.286899329911   0.923427667063
0.706704948512   0.249205997676   0.662166509626
0.0644471495442   -0.954696841424   0.2905176516
0.704567016446   -0.162635517947   -0.690749598363
0.261555236857   -0.920575594092   -0.290050743208
-0.919218208409   -0.145945992041   -0.365701589738
0.294324214773   0.362271090442   -0.884382786823
-0.423004518111   -0.0310141064673   -0.905596655723
0.190011159082   -0.980229801346   -0.0551842004343
-0.885981341272   -0.195416636327   0.420534661074
-0.971086070235   -0.173055235294   -0.164449778758
-0.185251056159   0.111754919905   0.976315975527
-0.150578519013   0.978551339182   -0.140582311112
0.889295776631   0.424522969852   -0.170097824014
-0.360778506139   0.422640815644   -0.831392573012
-0.281054961128   0.800721542747   0.529011455269
-0.924460219495   -0.368140166878   -0.0992276176356
-0.163897038614   0.148718457229   0.975202841061
-0.344254358439   0.917799345179   -0.197821380759
-0.651712540076   -0.41470889935   0.635049048427
-0.394597440756   -0.52965792947   -0.75083642526
0.647737311614   -0.739918243152   0.181541644244
-0.938078234731   0.0546266067668   0.342089402579
-0.023887309592   -0.995338598092   0.0934369926175
0.345598932238   0.0794796136257   0.935010357726
-0.615744539848   0.181305288529   0.766803139012
-0.298816734824   -0.954202831267   -0.0143358219162
0.729086565941   -0.237960814322   0.641722237585
0.900576279383   0.434691928902   0.0023004262487
-0.390557498182   0.811441297069   -0.434773345578
-0.190859125083   0.390648113215   0.900536976484
0.993763150808   -0.0612998874535   -0.0931510810148
0.109439864751   0.37587321693   0.920185981635
-0.021394300629   -0.924641362147   0.380237603753
-0.850955822038   -0.00688342634616   0.525192162339
0.0584923201116   -0.994936318829   0.0817335302236
0.52197014994   0.100271331479   0.847049480642
-0.273266122256   -0.687911800984   -0.672386035321
-0.847421487255   -0.158610010764   0.506675130062
-0.455194957535   0.708251522097   -0.539608498898
0.999999999417   2.07220156573e-05   2.71350483889e-05
2.07220156573e-05   0.2632800486   -0.964719449156
-2.71350483889e-05   0.964719449156   0.263280048017
-0.0699044623156   -0.986815691216   -0.1459731404
-0.673750657931   -0.061206268152   0.736419611143
-0.73564489877   0.14982851634   -0.660589129948
-0.694515967056   0.327940612644   0.640392478159
-0.582155316835   -0.779172386108   -0.232347971389
0.422779799168   -0.534177262064   0.732060034498
-0.20418606285   -0.0473423177793   -0.977786662153
0.00488760575573   -0.998866766019   0.0473423177793
-0.978919896134   0.00488760575573   0.20418606285
-1.32962269124   -0.607783986882   -0.189505925366
-0.189505925366   0.0936693878737   -2.53004650819
-0.607783986882   -2.25883570147   0.0936693878737
-0.826419409327   -0.557016806858   -0.0822389005665
-0.548799881182   0.829516063948   -0.103546077021
0.125895394286   -0.04043978895   -0.991218933015
-1.28325306745   0.607932640638   0.425111904143
0.425111904143   0.133024636203   -3.13302583652
0.607932640638   -3.03581428951   0.133024636203
-0.695246159941   0.594154873424   0.404490745845
0.489509609768   -0.0206784755482   0.871752684306
0.526320357799   0.804084813334   -0.276467889513
0.188673330567   0.844952793934   0.500456941561
0.261380991108   -0.534434658072   0.803778311314
0.946616264291   -0.020841599641   -0.321688165627
0.772781261327   -0.00945073131143   -0.634602084632
-0.556091991885   -0.491999709215   -0.669849223851
-0.305893476073   0.870544065404   -0.385463631859
0.979512097484   -0.182164101216   -0.0858620469781
0.140211647868   0.310835764   0.940064796501
-0.144557063768   -0.932843699688   0.330008919982
1.0   0.0   0.0
0.0   1.0   0.0
0.0   0.0   1.0
0.922563778223   0.334260812613   -0.192732416221
0.21266599415   -0.857295043419   -0.468847932129
-0.321946035918   0.391554488777   -0.861995262328
1.0   0.0   0.0
0.0   0.866019041728   0.500011019244
0.0   -0.500011019244   0.866019041728
