-0.00206972645743   -0.221166400505   -0.975233889649
0.884554833743   0.454476967912   -0.104944898587
0.466431626644   -0.862865058352   0.194693165624
0.700696192169   -0.0420386733086   0.712220188023
-0.401754793711   0.801698822978   0.442574381281
-0.589591326268   -0.59624805843   0.544858074004
0.922036637379   0.214403785588   0.322303360294
-0.113876696979   0.94599476486   -0.303522656063
-0.369973698006   0.243156167069   0.896657426892
-0.352769867586   0.756173048152   -0.551140401142
0.93554250234   0.273883874229   -0.223042260015
-0.0177100773136   -0.594297858557   -0.804050003716
0.688779276899   -0.231483798692   0.687021366958
-0.210503829781   0.842967082085   0.495070334567
-0.6937371587   -0.485614815943   0.531890031092
0.179690883758   -0.803611196828   -0.567380146487
-0.959335256339   -0.0155201500424   -0.28184213824
0.217685673023   0.594952241172   -0.773721382983
-0.797461781543   0.212052568434   -0.564879115563
0.589161946883   0.0716982580793   -0.804827658653
-0.130164923553   -0.974624577983   -0.182109924681
-0.972358942608   -0.232734452937   0.0187819367187
-0.152493474207   0.57207707502   -0.805899224817
0.176815799789   -0.786487440874   -0.591754745052
-0.762212302033   0.640702033712   -0.0923759201684
0.615858516126   0.761689596012   0.201363470975
0.199375762683   0.0965912176361   -0.975150984171
0.639448400153   0.683983821244   0.351100948188
0.74877092396   -0.657676580623   -0.0824840513796
0.174493114404   0.315638476071   -0.932697435104
0.28192201943   0.299722651242   -0.911419940145
0.335555465221   0.859157279758   0.386330555871
0.898845094953   -0.414747032505   0.141641781643
0.266492958085   0.197753573103   -0.943331875649
0.334239800768   0.899031140673   0.282890020473
0.904027244542   -0.390687256543   0.173488353213
-0.325283217948   -0.851046319948   -0.41220260725
-0.766998240925   -0.0175070972528   0.641410321061
-0.553086364448   0.524798687925   -0.647056265415
-0.634446831811   0.368937564387   0.679236550246
0.728478187647   0.579210292182   0.365834617764
-0.258450667882   0.726911625313   -0.636241103086
0.534898916507   0.841646936397   0.074253508824
0.136106099907   0.000902384998089   -0.990693855472
-0.833881453618   0.540027425373   -0.114070597254
0.814103585925   0.396221367253   0.424551503962
-0.131528354976   0.837886420465   -0.529760925548
-0.565628538196   0.375439708253   0.73424068414
-0.219002928296   0.516931974306   0.827537945558
0.868030782733   -0.28410883728   0.407191268088
0.44560102965   0.807504490712   -0.386492198957
0.435764821666   0.736214785405   -0.517780658145
0.667719994057   -0.650179513678   -0.362514288725
-0.603538755785   -0.187761523602   -0.774910691964
0.21273120755   -0.896742191974   0.388070708077
-0.948834961618   -0.284437453822   -0.137140622988
0.233361626975   -0.339040965071   -0.911369066328
0.441511479591   -0.0727998916564   -0.894297371775
-0.82801178205   0.350886351545   -0.43735026819
0.345635794119   0.933583924494   0.0946411842156
0.882738708108   0.416846469564   0.216821110642
0.197684879685   0.0891397740048   -0.976204276284
-0.426254690944   0.904595556867   -0.00371711523659
-0.489511541419   0.410944535387   -0.769092347936
0.289678411972   0.908536299947   0.301078410578
0.822474843661   -0.07540809316   -0.563780765042
-0.642497560743   0.27787482699   0.714130565768
0.437437262629   0.898168243203   0.0440732136932
-0.629162559044   0.340704252142   -0.698623709067
-0.493148110376   0.716243325861   0.493761520769
0.824531295367   0.203836562695   0.527824590815
0.277404189212   0.667417525893   -0.691086652989
0.210594599347   -0.649810239335   0.730340035587
-0.868753657775   0.218155186329   0.444607013868
-0.448237656639   -0.728117413288   -0.518582718221
0.828475980721   -0.303521403472   0.470640315955
0.132303183126   0.922681617889   0.362152591795
-0.544172231103   -0.23776751175   0.8045764061
0.0401618497194   0.776933200831   -0.628300745881
0.328805480469   0.58351041211   0.742564849001
0.943543312117   -0.236411506501   -0.23202503691
0.80881406835   -0.371994886558   -0.455455384439
0.237741918634   0.9152279928   -0.32532522392
0.537864837076   0.154846780947   0.828688054377
-0.872626095325   0.484114006141   -0.064477335673
0.199444740172   0.232727269996   -0.951871742105
-0.445808808095   -0.843487787024   -0.299637881061
-0.767282637844   0.601269112432   -0.223053375001
0.536518078439   0.792365893649   0.290352616812
0.351319947017   0.103110353588   -0.930560341843
0.934754671436   -0.30416811546   0.183617705479
-0.346233675227   -0.66387400304   0.662867671731
-0.0797241893444   -0.6831932857   -0.725872570089
-0.356700456001   0.404527933475   -0.842093780839
0.869497507257   -0.185908477361   -0.457615693479
-0.3416707034   -0.895430169853   -0.285422391123
0.99824338329   0.0591180211046   0.00389965371139
0.0278879026651   -0.526936829737   0.849446786062
0.0522724841894   -0.84784588048   -0.527659881315
0.161129476536   0.491172054736   0.856029967021
0.803679471237   0.438131473034   -0.40266626361
-0.572832086482   0.752855115532   -0.324149002332
-0.737646002666   0.61390856467   -0.281059867246
0.587825079475   0.379122952253   -0.714651987345
-0.332174729159   -0.692374220563   -0.640529381065
-0.698067586876   -0.314326775775   -0.643350854654
-0.428694516193   0.903133212995   0.0239042124187
0.57351779043   0.292487739257   -0.76519818769
0.798545151101   -0.581350616592   -0.156067620735
-0.197906706483   -0.498432799555   0.844036539409
-0.568470383734   -0.643114457088   -0.513074281076
-0.0650595642624   -0.256014147595   -0.964481212533
-0.505972665925   0.841532508745   -0.189247716134
0.860092387151   0.475688756391   -0.184285899105
-0.804882289847   -0.567674537899   -0.172945420615
-0.439082844681   0.765732675676   -0.469957152205
0.399212668883   -0.302322821539   -0.865580820363
-0.347076540868   -0.929836068292   0.122240586067
-0.618427501277   0.128927629325   -0.775193583604
0.705042764975   -0.344648447696   -0.619783951919
-0.646100421117   -0.708879154535   -0.282921526396
-0.302083999765   0.577910352906   -0.758132495735
0.700927601767   -0.404363658443   -0.587529172732
0.656249819717   0.111025971708   0.746330628962
0.731157519745   -0.337917264713   -0.592638678732
0.186399719532   0.934604277657   -0.302935618149
0.0563698134683   0.920313495543   -0.38709884274
-0.162860298593   0.390998162965   0.905868069699
0.985037546123   0.0119794189978   0.171923024196
-0.203790507678   -0.035175954324   0.978382379859
-0.975922634165   0.0866602982603   -0.200162446104
-0.0777460037896   -0.995616715882   -0.0519895561811
0.565369678051   -0.812081365201   0.14450253781
-0.573961413507   -0.261508118952   0.7760037368
-0.592389587135   -0.521667863698   -0.613952129273
0.0540249294443   -0.982037085917   0.180788464458
-0.221536518738   -0.188328662001   -0.956793544049
0.97365439344   0.011639456666   -0.227731519962
-0.0196540225324   -0.572425086058   0.819721440643
0.330157938165   0.770171468988   0.545739538812
-0.943721068571   0.281363517905   0.173853718762
-0.138302747209   -0.277138884502   0.950824057758
-0.151946812978   0.954621549583   0.256144223236
-0.978664659697   -0.109049235524   -0.174137153105
0.386616139477   0.406793320998   0.827675754561
0.912846238767   -0.0410240101493   -0.406237338216
-0.131300057371   0.912598610881   -0.387200297458
0.100527944038   0.948192712873   -0.301371385043
0.847972953201   -0.240094443588   -0.472542621145
-0.520419064897   -0.208051045211   -0.828177975727
0.645509296067   -0.511778027661   0.56692239248
0.0555596161346   0.771784659801   0.633452103912
-0.761728874171   -0.377401231184   0.526628363226
-0.475453288646   -0.832562609272   -0.284224685692
-0.835982041162   0.326949033937   0.440724807633
-0.274004009406   0.44715079207   -0.8514563829
-0.81798077537   -0.493542330349   0.295505362522
-0.567049800198   0.605396817594   -0.55852414213
0.0967573006104   -0.624428267618   -0.775066038076
-0.242676053241   -0.817086591313   -0.522951083257
-0.746674144215   0.50147495367   -0.437036146334
0.619343245337   0.284415845441   -0.731793393874
0.835201957927   -0.511511723301   -0.201973875542
-0.363853398959   -0.78935816612   0.494494074429
-0.412369244176   -0.339513538029   -0.845388764979
-0.0770081858579   0.996338099847   0.0371501023401
0.298084342077   0.0585638264607   -0.952741309716
-0.951428118314   -0.0622950160389   -0.301502681012
-0.498489352138   0.856776311618   0.132070881175
0.762093864996   0.360496314021   0.537824644762
0.413184349583   0.36875026702   -0.832647544783
0.235386145142   -0.47724644035   0.846657662724
-0.829212003421   0.355776209924   0.431080899409
-0.506952479093   -0.803529167875   -0.311993686341
-0.41047775325   -0.299788271743   0.861182330411
0.168093550685   0.903351670264   0.394588796154
-0.896243589826   0.306729118209   -0.320413288954
-0.609398746555   -0.790305541355   -0.0636421165654
-0.700329161862   0.498907220954   0.510519979948
-0.371715257614   0.355680666024   -0.857507452489
0.0701897134938   0.695801909541   0.714795849735
0.862035567074   -0.40288701857   0.307533301232
0.50196422703   0.594593771366   -0.628084518066
0.0597067026474   0.896414418775   -0.43917684305
0.868102190116   -0.263821278987   -0.42047225862
-0.492781591757   -0.356145367183   -0.793931218847
-0.108176134407   0.637036597463   -0.763205278701
0.99396979682   0.0831643238557   -0.0714684423189
0.0179434376454   -0.766334175624   -0.642191532423
-0.824737948528   0.127853160676   0.55087283974
0.385786019366   0.839447361859   0.38274962303
-0.413493002988   0.528187178918   -0.741648057037
0.809643461606   0.204063729565   0.550304878549
-0.463496733132   0.797512341625   0.386192754116
-0.360066998564   -0.567742951724   0.74028352495
0.142644957092   -0.978216241326   0.150815786379
-0.951138148097   -0.0933188855339   0.294326024736
-0.273840536536   -0.18543077093   -0.943730252637
0.691554566241   0.71482971659   0.103782263373
0.399553509483   -0.49826000529   0.769476419514
0.601755161981   -0.490668363977   -0.63018670378
0.725846250153   0.6040590826   0.329028639889
0.322974607824   -0.721623993633   0.612328518456
0.607317564244   -0.338188463052   -0.718883815104
-0.956144124641   -0.287527139823   -0.055826129899
-0.213691182252   0.815145145134   -0.538399917341
0.200310987073   -0.502858365974   -0.840838255688
-0.454129780242   -0.449692181989   -0.769118381106
0.106388658963   0.829722128767   -0.547944013818
0.884560679627   -0.330663167729   -0.328959379811
0.593032670878   -0.0226375045487   -0.804860108751
-0.753614293224   0.336363440981   -0.564734568288
0.283509697046   0.94146013137   0.1824145628
0.966586964033   -0.255899696021   0.0149995512409
-0.0577105115964   -0.274250707717   -0.959925021118
0.249758158651   0.926985380086   -0.279855261331
0.569404878952   -0.774384544843   0.275874356426
-0.758125720812   -0.624422626102   -0.187994083564
0.317841902948   -0.102102696924   -0.942630131076
0.300798085759   0.171973565995   -0.938054158459
-0.86353517538   0.466568085273   -0.191366723038
0.404756114821   0.867605506209   0.288848010399
-0.00268521633358   0.85858315331   0.512667298027
0.241847695839   0.498007632521   -0.832765327069
-0.970310507843   0.121751249701   -0.208983615543
0.866633131599   -0.482020694807   -0.128852881196
-0.48540299474   -0.754749167475   -0.441290864275
0.115459724201   0.444982858066   -0.888064923367
-0.187034405227   0.235911058234   -0.953605843032
-0.892189187513   0.365460883216   0.265399315229
0.411116266945   0.900435625374   0.142123536445
0.40215395072   0.11025583117   0.908909154764
0.7915121173   0.457108393528   -0.405660553583
-0.460196445105   0.882550603795   0.0965591199901
0.397815301734   0.916590564889   0.0400589823137
0.758328487576   -0.3039232223   -0.576687592963
-0.516411551612   0.259793016272   -0.815982045181
0.348656140615   0.822319648191   -0.44969911253
0.936683650312   -0.322404775649   0.136670771846
-0.032598080462   -0.468876910113   -0.882661774585
0.637844650187   0.714794569611   0.286745401851
0.571283236782   -0.189419761826   -0.798596028791
-0.51651685897   0.673193045927   -0.529170537082
-0.426304552973   0.8960042505   0.124261060678
0.584029038671   0.167727131027   0.794215141826
0.690778191682   0.411149598812   -0.594795340678
0.462954969174   0.886351780997   -0.00729498737755
0.603198015229   -0.321068564929   -0.73011446434
-0.649480446928   0.333609797424   -0.683285922671
-0.274528997371   0.894788413348   -0.352118623393
0.425941029082   -0.215143893227   -0.878798808006
-0.862095162582   -0.391237524459   -0.322063860294
0.0235758287759   0.673427097922   0.73887761103
-0.150688233833   0.733032723639   -0.663291853002
-0.988300175292   -0.0957025070703   0.118759393981
0.393220392277   -0.917179038135   0.0645006597132
-0.492015993433   -0.150640556957   0.857454188167
-0.776722592245   -0.368903828396   -0.510501694504
-0.0939817123877   0.0684785078953   0.993216054891
-0.490470331011   0.864981401725   -0.106047296369
-0.866375375997   -0.497109513715   -0.0477057568831
0.272263054307   -0.823183578004   -0.498238523363
-0.752219958145   -0.504981094896   0.423272050065
-0.600031635689   0.259543620037   -0.756702811856
0.756705341052   0.61630965625   -0.2180812565
0.398237581011   -0.169998693897   0.901391853271
0.518462974467   -0.768936181804   -0.374076586302
0.883992558577   0.375547549763   0.278426281531
0.355241737226   -0.152442678157   -0.922260558633
-0.303908645012   0.914180106841   -0.268168357089
0.372355282889   0.0262729355465   0.927718317251
0.574987127604   0.778121666412   -0.252817078832
-0.728519969797   0.62756386537   0.274631113476
-0.443444301612   0.157185263227   0.882411437138
0.869785004654   0.313166990262   0.381314151179
-0.216405168716   0.936599823422   -0.275589502192
-0.776756366895   0.189905891678   0.600487550907
0.064638203361   0.972459224051   -0.223930704068
-0.626475417837   -0.135125163697   -0.767639069473
-0.0384072607597   -0.86534963613   -0.499694796421
-0.709147082017   0.375915511311   -0.596488008616
0.704013706107   0.331447636294   -0.628098054453
-0.307498684594   0.792071293456   -0.527321178273
-0.433331189742   0.37680863331   0.818681460557
0.847153255893   0.48024818578   0.227361036868
0.251476214146   -0.459942672233   -0.851594065255
0.206606779941   0.885099674493   -0.417027822447
0.945554521009   -0.0710725296568   0.317608789751
-0.559701782685   -0.700426124788   0.442873749701
-0.372427753326   0.690017509278   0.620623400657
-0.740291485168   0.182425548116   -0.647062158052
-0.566367229894   0.809804342127   0.153117890448
0.692230621476   0.568252857201   -0.444865661716
-0.447263823256   -0.145964440037   -0.882411159637
-0.235215834157   0.968226430888   -0.0849181364118
0.523507383939   0.199820385205   0.828258312737
0.818909964724   0.150364198486   -0.553874604482
0.42981403443   -0.707375123669   0.561141987576
-0.85429295517   -0.519791065968   -0.000891339332334
0.292307103152   -0.478996536682   -0.827719079938
-0.735667074355   0.658304915316   -0.159463457194
0.610070718051   0.541690528991   -0.578260399628
-0.294291818926   -0.522691122243   -0.800116439052
0.607680422725   0.135092178262   0.782607569098
-0.536196017455   0.796714336314   0.27881911193
-0.585848388837   -0.589063977581   0.556583592656
-0.655306515489   0.422409914014   -0.626213410349
-0.297410182438   0.617773583522   0.727944354251
0.694349014646   0.66326892287   -0.279202044788
-0.201518647708   0.866448013341   0.456791062525
0.84170650536   -0.0853136102677   0.533152648627
0.500919547893   0.491924209691   -0.712102646013
-0.495517831446   0.728977773223   -0.47228538498
0.862960130036   0.351318998608   -0.36314566662
-0.0988022908996   -0.587508610459   -0.80316358231
-0.671782067218   0.616441803728   -0.41074122849
0.320604504477   0.741830833007   0.588981975029
0.667773618731   0.26398204071   -0.695982669546
0.918918038627   0.274650192849   -0.28311995665
-0.224761746312   0.954422868279   0.196364828572
0.324147799129   -0.116808647254   0.93876724711
0.905843816385   0.265566359191   -0.330032557763
0.173967498242   0.477145251322   0.861433525408
0.386241232746   -0.837739170629   0.386019160302
-0.942378227651   0.331618507612   -0.0441864397627
0.255800644599   0.799364386477   0.543675094018
0.215613789616   0.501044651745   -0.838131821783
-0.893273187725   -0.227211871624   -0.387863091161
-0.418981213689   0.733424996761   0.53529666233
0.162842729856   0.640673504617   -0.750346390552
0.43193639516   0.275615949706   -0.858758871165
-0.776574648347   0.597865873053   -0.198716414481
0.458653208951   0.752723220119   0.472276389217
-0.430494185504   0.871012458416   0.236668657686
0.414042949428   0.423562886665   -0.805706470788
-0.802024433715   -0.248860961831   -0.542977927176
0.842971766369   -0.463072319341   0.273793038928
-0.308656033196   0.000510471942921   0.951173586991
-0.440601922688   -0.886320352062   -0.142499751735
0.199114556891   -0.978884739249   -0.0462391662917
-0.979883052783   -0.199524493181   0.00437943929595
-0.0135128125128   0.0444369653093   -0.998920797667
0.261192884499   0.722387161112   0.640261717228
0.863143254994   0.122170026405   -0.489957351212
-0.432159690908   0.680610956501   -0.591613664012
0.537620944811   0.772962015036   -0.336887878992
0.842615272582   -0.477805098991   0.248398449651
0.0310358198032   -0.417411081178   -0.90818762775
0.393096926102   0.648714748471   0.651647129822
0.848891243339   -0.528384101221   0.013924746313
0.353353171306   0.547703767281   -0.758394435393
-0.436593656997   -0.846515523579   -0.304626733905
-0.897255029866   0.434441897902   0.0786997377837
0.065722066694   0.307687675552   -0.949214888349
-0.271673465989   0.736334832541   -0.619681000406
0.741798594889   0.570438391018   0.352611523739
0.6131299801   -0.363883300579   -0.701185118968
0.630087382822   0.385794967334   0.673908104409
0.76969500731   -0.19544373019   -0.607759281338
-0.10275935836   0.901645158313   -0.420091088646
0.399760157575   -0.393319547553   0.82794417078
0.706563770103   0.707631788763   -0.00498901885938
-0.583917335924   0.586989765706   0.560788337756
0.99956342552   -0.00990083901121   -0.0278375959831
0.0120277825814   0.99693478306   0.0773069904457
0.0269868636455   -0.0776080647386   0.996618631914
0.786068909687   0.543530953698   0.294397302288
0.617206245135   -0.663997030204   -0.422095243809
-0.0339428959996   0.513499801608   -0.857418120615
0.994892159543   0.0710988210633   0.0716557640579
-0.0229532887036   0.850605496703   -0.525303184377
-0.0982992238881   0.52097528408   0.8478926913
