0.371025871557   0.194025196128   0.908126657412
0.854373803776   0.311843302233   -0.415691181375
-0.363847778689   0.930111809472   -0.0500681118445
0.651025553167   -0.179042288541   0.737637843415
-0.243897119326   0.870909993209   0.426649714534
-0.718804510495   -0.457667611528   0.523316761675
0.922494041976   -0.219315868444   -0.317655933941
0.117283009581   0.943261479044   -0.310648479498
0.367762747138   0.249315727542   0.895875119544
-0.248274819485   -0.968676327955   0.00507795918664
-0.798811661185   0.201767042029   -0.566736262035
0.547959436423   -0.144762676166   -0.823883622622
0.684557942559   -0.211995584128   0.69745128546
-0.243513921632   0.83530842957   0.492910536975
-0.687081795168   -0.507264920727   0.520193143889
0.24981613483   0.887025055298   -0.388302008817
0.889673324511   -0.0519824419516   0.453628924764
0.382195335441   -0.45878576373   -0.802148582599
-0.805425180721   -0.582101946935   -0.111568820172
-0.202885449417   0.0939081936205   0.974689050716
-0.556891167711   0.807674795042   -0.193736038928
-0.975018217121   0.221623016732   -0.0149236301572
0.137491743596   0.54938897288   -0.824177030086
-0.174457721885   -0.805639494397   -0.566135591835
-0.759533368625   0.646874190015   -0.0682850220579
0.609358036916   0.744327044379   0.273239883349
0.227578216865   0.165924782051   -0.959519213935
-0.556990121566   0.75956062168   0.335901274888
0.829282276523   0.530707641277   0.175043724067
-0.045309053424   0.376054599074   -0.925489075135
0.246534047247   0.30813999954   -0.918842045311
0.254723177933   0.894168520503   0.368210211109
0.935059926514   -0.324826719383   0.141952584349
0.257356390464   0.14437051017   -0.955471006405
0.340441936962   0.911833578336   0.229475081383
0.904359981338   -0.384339278778   0.185516422302
-0.333312747881   -0.85573450002   -0.395753809299
-0.775182407512   0.00981124403361   0.631661281523
-0.536651513726   0.517322148149   -0.666620542626
-0.635065637683   0.30774139202   0.708510318536
0.739659582514   0.506696262738   0.44290247157
-0.222700107384   0.805328586954   -0.549409254751
0.41418386319   0.00145090978198   -0.910192079912
-0.910079078322   0.0164976763343   -0.414106143248
0.0144152236824   0.999862851363   0.0081535139549
0.810958282029   0.234878814686   -0.535890480621
-0.477601875476   0.794815436475   -0.374385991302
0.337998688386   0.559553718916   0.756740723297
-0.206327532147   0.509465060977   0.83538871259
0.868229804298   -0.298387319187   0.396411420971
0.451227167185   0.807099968649   -0.380767230997
0.362199148976   0.733894188865   -0.574639970792
0.651224132191   -0.64031968122   -0.407305579994
-0.666872481164   -0.226693681854   -0.709852849874
0.312210594687   -0.85973176139   0.404210147105
-0.915047984007   -0.386511645997   -0.115307998304
0.25536587777   -0.333871301502   -0.907368845897
0.439966317734   0.0530000967699   -0.89644889927
-0.866576008113   0.286881926567   -0.408343951066
0.235532718369   0.956498693126   0.172146997144
0.87565986894   0.445099084178   0.187367551066
0.168974713889   0.0810677293027   -0.982280799635
-0.452401746233   0.891804254604   -0.00422273318472
-0.44836886013   -0.255516433803   -0.856549308168
-0.537038316756   0.843037236765   0.0296321407146
0.714531462989   0.473285927832   -0.515213760408
-0.581740731083   0.327715391049   0.744432901119
0.574446573598   0.813491708911   0.0907875190505
-0.575837525593   0.480451727027   -0.661496244975
-0.599657132004   0.78162308562   0.171687728341
0.795583856719   0.605425537383   0.0224999024875
-0.0863576919843   0.150084212061   -0.984894450348
0.335333373989   -0.628070857105   0.702195504646
-0.859505265073   0.10123138539   0.501001902117
-0.385748917823   -0.771543391565   -0.505883946504
0.836043071417   0.26222551111   -0.481943735365
-0.0763122228767   0.925433141911   0.37114679642
0.543330863631   -0.273516509878   0.793712978002
0.0680953004989   -0.233141140477   -0.970055791523
-0.855219235621   0.48707007175   -0.177095466429
0.513773382995   0.841669741539   -0.166219605051
0.821692756664   -0.390494426075   -0.415132649704
0.240774421954   0.898042770146   -0.368166892483
0.516573994098   0.20256674503   0.831936309118
-0.896329849948   0.429486132657   -0.110156533841
0.100094739106   -0.0460272829872   -0.993912738838
-0.431941944358   -0.901899745579   -0.00173367474453
-0.698548460717   0.614982260948   0.365823545918
0.689904362719   0.714507487642   0.116236914982
-0.189900021933   0.333580378354   -0.923397050487
-0.657976913666   0.494458703046   0.567958600661
0.158536719036   0.828276021687   -0.537424358041
-0.736160641301   -0.263570527335   -0.623376360893
-0.38184211776   -0.353933936101   0.853772432197
-0.851062816882   -0.225570685031   -0.474141274069
0.36040071979   -0.90766107933   -0.215087624571
0.998388266322   0.0560916070896   0.00863720352905
0.0225465531314   -0.531681219479   0.846644396305
0.0520818837274   -0.84508509185   -0.532088963351
0.184139582459   -0.78627449633   0.58980083977
-0.538718050542   0.421167785015   0.729657836857
-0.822116461453   -0.452095248026   -0.346026603775
-0.632337093906   -0.745563792088   0.210438664692
-0.715620178482   0.458115504635   -0.527274069685
0.296711239794   -0.484009107703   -0.823223920838
-0.7158600272   -0.255416378061   -0.649851440927
-0.43987923023   0.887754733372   0.13563847606
0.542264404391   0.382954314761   -0.747860487348
0.731991050121   0.679228401355   0.0532717686533
0.325204724808   -0.417031719868   0.848720467284
0.598691063493   -0.603931555241   -0.526151771904
-0.0711248687979   -0.143926274143   -0.987029118441
-0.602121385163   0.795101350435   -0.072551223744
0.795230212309   0.589151143722   -0.143212566779
-0.859152975691   0.437470023156   0.265473432195
0.379382885018   0.892690471777   -0.243253670382
-0.343401792245   -0.108276038155   -0.932926314692
-0.347641783445   -0.886645923571   0.30496589419
-0.476929866807   -0.112817458744   -0.871670880063
0.807268909689   -0.448476562618   -0.383647859673
-0.578910687668   0.661987206171   0.476062343154
0.593107610968   0.74252016437   -0.311267035382
-0.559540684415   0.102160385518   -0.822482509307
0.651921901841   0.145681924438   0.744160339437
0.742050411412   -0.324555722441   -0.586536247776
0.156073767249   0.934580312185   -0.319688315792
0.0409464825727   0.902144934032   -0.429485626727
-0.129407132393   0.43101396766   0.893017779088
0.990745769434   0.0190125664301   0.134392494831
-0.192074928233   0.148823094381   -0.970030364743
0.964754825139   0.209803023315   -0.158842119032
0.179875927559   -0.966351063531   -0.183875699042
0.452017438081   0.850347445552   -0.269424307578
0.675487512688   -0.129044036299   0.725991912419
0.58257776809   -0.510153759703   -0.632729235604
0.00398564090931   -0.995111708316   0.0986752382235
-0.285608195486   -0.0956985359375   -0.953556369016
0.958338183178   -0.0243819234545   -0.284593479319
-0.0281214581823   0.586605791862   -0.809384228005
-0.354892466442   0.751096285062   0.556691752974
0.934484093419   0.302899348827   0.187060053532
-0.116664132822   0.330604078818   -0.936531058311
0.187858875457   0.933293431208   0.306059494503
0.975242802088   -0.140229505927   -0.170988779289
0.333763180194   0.20879753139   0.919241932481
0.940649466293   -0.137378472426   -0.310331656258
0.0614875687353   0.968261713691   -0.242257162312
0.104519492156   0.941590997755   -0.320128206671
0.834684801015   -0.258063734116   -0.486522755983
-0.540718927646   -0.216355037106   -0.812904385032
0.652949258981   -0.504310723254   0.56509110735
0.0409374709388   0.768499941725   0.638538928369
-0.756294511859   -0.393800119324   0.522436673054
-0.423199670689   -0.813619988084   -0.39865342557
-0.818232508226   0.154246693373   0.553808197904
-0.389098446684   0.560562639295   -0.731007473433
-0.810866454071   -0.367787933264   0.455222615659
-0.510481356454   0.0641158008786   -0.857495159631
0.286189409964   -0.927696717803   -0.239738235168
-0.270067393598   -0.791389452401   0.548421678587
-0.755906005632   0.527069174027   0.388335159933
-0.596380510719   -0.309678575977   -0.740560237939
0.632386836744   -0.613095504344   -0.473498459624
-0.305871458534   -0.759195996536   0.574512044867
-0.711708886812   -0.218484190266   -0.667633970852
-0.068245324408   -0.985719947629   -0.153944017561
-0.422499273307   0.168338993427   -0.89059325584
0.903790318465   0.00426240988887   -0.427954310774
-0.490650036473   0.848613922427   0.197780060603
0.724592448454   0.271290138011   0.633535669604
0.483971409643   0.454154237766   -0.748007755954
0.212093047966   0.403773431797   -0.889934578932
0.866664169767   0.343075887357   0.362204572521
0.451563678617   -0.848095484771   -0.277171955409
0.843500301357   -0.472755924663   -0.254968777123
-0.40901570443   -0.25765001699   -0.875398550533
0.348157141448   0.842685175164   -0.410692464525
-0.563558209621   -0.804371089803   -0.188120424881
-0.675861642133   0.318023520498   0.664885013444
-0.47498756306   0.501844787059   -0.722868331468
0.00411959207281   0.666247766004   0.745719077975
0.843112708439   -0.403309798669   0.355671431474
0.537721107852   0.627260010356   -0.563383430337
0.168289074104   0.727791058353   0.664830025585
0.765337696031   -0.521526125265   0.377185248519
0.621238278418   0.445343323794   -0.644773080533
-0.104296712399   0.552438104021   -0.827003226722
0.990614432973   -0.0161625894782   -0.135726990264
-0.0883472748166   -0.833397211375   -0.545567454221
-0.819185821912   0.202791345532   0.536479505066
0.351166890785   0.916910301321   0.189624139147
-0.45344945032   0.343731246045   -0.822333525096
0.805006390679   -0.199973781076   -0.558547399822
0.466131112143   0.795599243302   0.386967221284
0.366996590254   -0.571867406781   0.73367647625
-0.934116729089   0.0412174144225   0.354580119556
-0.306974517909   0.414211272359   -0.856852185155
-0.182188314089   -0.909247021771   -0.374268982966
0.688336577012   0.714354450371   0.126057431285
0.381907556972   -0.504628537365   0.774271694694
0.616716608075   -0.484817242383   -0.620171643026
0.705298785181   0.662420911746   0.252491899481
0.405920157642   -0.669368759424   0.622233307954
0.581190544694   -0.336368844558   -0.740994973781
0.707105956746   -0.706309508125   -0.0335863762188
-0.693846689708   -0.702217629092   0.159584374468
-0.136300906513   -0.0895392658312   -0.986612782584
-0.467111912525   -0.000570023242834   0.884198018687
0.152881763669   0.984886338165   0.081400658677
-0.870880949105   0.173200969885   -0.459964994881
0.570964626472   -0.0523722545605   0.819302473003
0.785990536011   0.32309090918   -0.527096899731
-0.237103927885   0.944917674381   0.225637576711
0.968832448429   0.0981486957523   0.227443444385
0.245668626521   -0.2628604001   -0.93303340562
-0.0317901370638   0.959828757426   -0.278779740305
0.439658163641   -0.867518018304   0.232622413067
-0.855468666628   -0.483374125226   -0.185803163264
0.273631247414   -0.117311307974   -0.954653862643
0.361539667152   -0.885157377092   -0.292891595741
0.197597384653   0.379748515845   -0.903740194022
0.9111774485   0.268863315633   0.31219893474
-0.0253073544224   -0.865491648847   -0.500283663123
-0.183862323128   0.495936639281   -0.848670428348
0.982626166935   0.0705057132067   -0.171682149506
0.829778623347   -0.514096679598   0.21719125273
-0.555832685057   -0.726282216768   0.404430671226
-0.0501743207094   -0.456309922785   -0.888405195791
-0.223694064621   0.215748335469   -0.950480731628
-0.828593702192   0.471403808295   0.302011467023
0.513218707903   0.855120520902   0.0733174780726
0.331471269778   -0.128348353069   -0.934694333767
-0.769797706223   0.535989102278   -0.34659367238
0.545470703894   0.834411398834   0.0788627205292
0.390153929262   -0.916185177912   -0.091567632144
-0.789374290058   -0.281632179919   -0.545501187377
0.473991710557   0.285110566288   -0.833092925978
0.506564654952   -0.747155436486   0.430291766227
-0.859053019856   -0.479982661048   0.177889162598
0.0736217320531   -0.459755803467   -0.884988385092
-0.283112009081   0.624857462911   0.727599299999
0.524699208324   0.735949450914   -0.427865804293
-0.802831446257   0.260636829216   -0.536218343735
-0.433051120992   0.897737310062   0.0808359371237
0.595433323859   0.217587326052   0.773378893157
0.676702211793   0.383045007362   -0.628769145942
0.458240111738   0.88837177453   -0.028488422427
0.5909391723   -0.328447017782   -0.736826608607
-0.663932899197   0.32080858269   -0.675481279264
-0.446958344262   0.874673122858   -0.1875504376
0.454436643143   0.0414199910148   -0.889815554884
-0.770529412718   -0.482940278392   -0.415996528402
-0.00751030147166   0.246150667286   0.969202478519
0.258480096264   0.936768052732   -0.235910269415
-0.965987388741   0.248747792703   -0.0706604586606
0.331507300512   0.880893156183   -0.337831551366
0.695320281117   0.0139067175033   0.718565452743
0.637677517539   -0.473110822746   -0.607892698612
-0.089046538168   -0.00365392764147   -0.996020764268
0.448469970039   0.892745086635   -0.043369300925
0.889351111774   -0.45054728842   -0.0778571826114
0.276836376932   0.786859667648   0.551555512923
0.85046248656   -0.467819851713   0.240537201484
0.447297640684   0.40248782562   -0.798704182327
0.735029778388   -0.653358915517   0.181254937581
-0.368881178649   -0.161035870285   0.915420190142
-0.568909396057   -0.739722634503   -0.359377966885
0.926894047774   0.281930022629   0.24775569931
0.309777486779   -0.201957370002   -0.929113087512
-0.211908784351   0.937938528392   -0.274528658017
0.376076680998   0.15638203652   0.913296769218
0.454572161691   0.827754193992   -0.328918142013
-0.807422119975   0.538857729817   0.240212129568
-0.433722395242   0.233791843198   0.87018748435
0.860441978628   0.394111229085   0.32297978346
-0.267440620101   0.888829406108   -0.372099182419
-0.767328642582   0.230898820834   0.598241162752
0.134665955714   0.970143146936   -0.201711067679
-0.626954411936   -0.074215961826   -0.775512834429
-0.213296578984   0.817554769035   0.534891361888
0.624458447011   0.535141673917   -0.568924456139
-0.751369561102   0.212667788969   -0.624672869736
-0.31509198455   -0.425634624823   -0.848264232079
0.788221438346   0.380458825354   -0.483692098697
0.528605718285   -0.821027556396   0.215614809867
0.245195045407   -0.54601797993   -0.801089105718
0.346604514383   0.821071126067   -0.453549905245
0.905397537172   -0.166452910854   0.390574868817
-0.603236589138   0.630589702761   -0.488325961113
0.32953496844   0.754630563107   0.567397054804
0.726300435151   0.181354183844   -0.663022124746
-0.463088695747   0.872417947376   -0.15631949644
0.549616019944   0.14430223065   -0.8228603143
-0.695320854349   -0.466973009204   -0.54631961175
-0.227891770203   -0.970909619091   0.0734836895574
-0.507004379383   0.182757276796   0.842345734877
-0.831271255584   0.154707108225   -0.53390430819
0.642954617528   -0.646353494925   0.410897212691
-0.744851055922   -0.652602750726   0.138948027103
0.178343108337   -0.395394498371   -0.901031035185
-0.521690869484   0.787754817514   -0.327537759931
0.723448713293   0.205001402165   -0.659239246667
-0.452173192408   -0.580875866768   -0.676847568862
0.648073773932   -0.128139586829   -0.750720074214
0.560246409785   0.747931960996   0.355979974217
0.515872410451   -0.651289511667   0.55650483208
-0.646249982028   0.555284250929   -0.523469541997
-0.311332190223   0.434429566643   0.845188274266
0.696730384051   0.70917582608   -0.107872237598
-0.739846517539   -0.470777441698   -0.48062015238
-0.421169544003   -0.232986887783   0.876546248253
-0.524636393791   0.850932259648   -0.0259025828879
-0.460380959771   -0.885472064607   0.0631553218688
-0.774272462706   0.365728360799   -0.516473542015
0.43422520122   -0.286674011566   -0.853971009881
-0.716582140859   0.555012336552   -0.422458686356
0.216696312192   0.752847035694   0.621501447408
0.662987740222   0.353811598343   -0.659745867129
0.927516161182   0.246398443369   -0.28107219331
-0.188934892052   0.957883639686   0.216246478323
0.322517251185   -0.147467758942   0.93500581964
0.886123187515   0.304883790496   -0.349043795018
0.16468283626   0.496846477195   0.852069915875
0.433203485661   -0.812520431984   0.39005805673
0.725113556136   0.680533573104   -0.10528241347
0.656610521524   -0.729347397775   -0.192132757182
-0.207540246051   0.0701885263944   -0.97570518961
-0.917637404726   0.230307725151   0.32388261019
0.309281571315   0.925630088838   0.218068448619
-0.249572640915   0.300278687845   -0.920622727578
0.44320842662   0.221602592491   -0.86859575268
-0.758411307713   0.609260505483   -0.23154680907
0.477889714166   0.761376337601   0.438095302001
-0.448921912554   0.864973003166   0.224256148683
0.371880951739   0.40905011374   -0.833296203149
-0.812510722491   -0.290688335237   -0.505298543037
0.831854441726   0.316003296982   0.456245661982
0.478371057758   0.0085493173483   -0.878116188367
-0.28138819961   0.948719571564   -0.144055043823
0.352995604934   -0.932926618412   0.0710072359388
-0.931336504025   -0.357622274606   -0.0686922482915
0.0894785961397   -0.0418835691398   -0.995107706466
0.276501400232   0.589362655573   0.75907749004
0.930475426323   0.0333555580252   -0.364832684607
-0.240338213105   0.807179699301   -0.539164609704
0.500510975313   0.806029669941   -0.315919190247
0.862268361776   -0.43153114192   0.265092711771
0.0773436220509   -0.405088934344   -0.910999955763
0.478957251652   0.690743643981   0.541731639643
0.84083153362   -0.538281742159   -0.0570534672814
0.252194930877   0.482831217258   -0.838612981346
-0.21060771846   -0.93862132921   -0.273192952466
-0.975699519346   0.21911194755   -0.000634342071751
0.0604552468702   0.266420635073   -0.961959047119
-0.270760959192   0.779063811841   0.565462713234
0.689763730431   0.566757830007   -0.450568039599
-0.671501674726   0.268039435917   -0.690825854781
0.587034794417   0.519252143452   0.621101732137
0.765749852621   -0.107179847868   -0.634144812659
-0.262711464071   0.847873629577   -0.46053555228
0.410518179706   0.462659755762   0.785761270698
-0.0657975957376   0.87450332459   -0.480535754837
-0.909475398527   0.145567460923   0.389441412531
0.999260792714   -0.00601102518921   -0.0379701951554
0.0096731956996   0.995235967091   0.0970144272475
0.0372061477302   -0.0973100066045   0.994558427236
0.819895996575   0.528718941822   0.219606091354
0.564455231922   -0.682395822367   -0.464463381519
-0.0957123082857   0.504769474289   -0.857931775766
0.992745004037   -0.0286535329239   0.11677470621
0.0864469642644   0.845115474099   -0.527547872527
-0.0835720008671   0.533815333697   0.841461175683
