0.232295434822   -0.841186501346   -0.488307383636
-0.136341172471   0.468922553021   -0.872652693778
0.963042011363   0.269289638161   -0.00575978550815
0.703904830208   -0.341376395929   0.622880523305
-0.115513188773   0.810241231258   0.574600600755
-0.700838564314   -0.476415053784   0.530899240251
0.897002616412   -0.0862075437723   -0.433537271232
0.131904987335   0.988314358403   0.0763924295368
0.421885506348   -0.12570993744   0.897891770294
-0.659308126753   0.688023655552   -0.3032098999
0.724877932175   0.688748289227   -0.0133333241399
0.199661657418   -0.228580934217   -0.952830509099
0.729972119437   0.112292753968   -0.674189173935
-0.486204231617   0.778583937374   -0.396752438708
0.480360437591   0.617411847853   0.622941779084
-0.293812749455   0.84390678092   -0.448882404841
0.798762952271   0.474708072852   0.369634943759
0.525025536842   -0.249947175793   -0.813556755843
-0.664446876448   0.413246863536   -0.622685617431
0.722581094887   0.142570789454   -0.676424520036
-0.190753531265   -0.899389014705   -0.393335086839
-0.950485869987   -0.305642786367   -0.0562058546513
-0.19703454187   0.452831290792   0.869552305149
-0.240320619726   0.837571674081   -0.490631929773
-0.795719708254   0.58158816622   0.169072028467
0.594048957976   0.80384274245   0.0307031095922
-0.11805075783   0.124868131741   -0.985125356618
0.560831757969   -0.821177582058   -0.105523068468
-0.821187597924   -0.535495474218   -0.19721948714
0.105445095994   0.197261186799   -0.974663714269
0.927394041909   -0.28736443085   -0.239503601046
-0.18780738919   0.196046572235   -0.962441752045
0.323525386326   0.937543292545   0.127843259524
0.170339987298   -0.249913967094   0.953166983156
0.488937248474   0.861263489999   0.138439762535
-0.855525952723   0.442457014688   0.268899859372
-0.422500400923   0.591395159469   0.686837081539
0.709966417654   -0.255122678051   0.65639934868
0.563419113115   0.764960250275   -0.312081269026
0.669078227555   0.657529049115   -0.346395547002
0.739518761353   -0.542749090534   0.398165074223
0.0737992345444   -0.522569587992   -0.849396667457
0.260435906701   0.582655683054   -0.769860697468
0.725268412659   0.408273226832   0.554345291179
0.637305945445   -0.702727064555   -0.316252754363
0.777369259689   0.16593426032   -0.606764250218
0.0754265258411   0.933033388789   0.351794733622
0.624506103485   -0.319240531037   0.712795629934
-0.296656483397   0.41610450304   -0.859564990799
0.799747180062   -0.383667019808   -0.46174025804
-0.521918938957   -0.824412918665   -0.218961094026
0.652070081509   0.62119406531   -0.434652208122
0.662181413704   -0.745827490443   -0.0725060676378
-0.369215904514   -0.240539576209   -0.897674956836
0.16369185772   -0.782411861169   0.600863258336
-0.685361102149   -0.528285323287   -0.501193352769
0.709566864627   -0.329767033983   -0.62271066148
0.493390979435   0.328246568015   -0.805493346961
0.699637930632   0.400443901164   0.591735961423
0.516790196727   -0.855510883979   -0.032078340979
0.466085053817   -0.263552962107   0.84457359583
-0.699981517294   0.473980811945   0.534198526163
-0.541101282623   -0.840167855891   0.036433169941
-0.566589871592   -0.16290813524   -0.807735635516
-0.363901738134   0.928958900951   0.0679035001064
0.739291175649   0.332409837123   -0.585621257974
0.780360929972   0.597065493028   0.185875270029
0.55269926016   -0.519509800382   -0.651638776566
-0.292507002978   0.611246565914   -0.73540280722
-0.169644202171   0.827209428455   -0.535672853656
0.719267806452   -0.2676509798   -0.641105900467
-0.673702209638   -0.494052137417   -0.549579674153
-0.0379635690589   0.646285914149   -0.762150434361
0.836030346966   0.43832096157   0.330042411821
0.547368273082   -0.624651304186   -0.55695486514
0.848482417011   -0.109791489046   0.517709780626
0.29061308207   0.914214331943   -0.282411387519
-0.442291334476   0.390074331639   0.80760162905
-0.0313178953803   -0.493646720134   0.869098443866
-0.578860993049   0.71781601675   0.386859298484
-0.814824606989   -0.490971569237   -0.308233317547
0.836369516207   -0.201688377007   0.509713479261
0.0106675629822   0.9356647473   0.352728909731
-0.548062255095   -0.289574306941   0.784712995495
0.680852760162   0.640303955662   -0.355598598625
0.715492561664   -0.685244387078   0.136053387248
-0.156556421724   -0.347060476491   -0.924683249808
-0.73113452892   -0.575395158061   -0.366555197345
-0.643337403701   0.76030671483   0.0897256060625
0.227066698615   0.301420157694   -0.926059718871
0.763904349289   -0.599994985615   -0.237605055446
-0.591120839063   -0.502866893316   -0.63063542656
0.258894377619   0.622198444906   -0.738811746248
0.135311727653   -0.988311467966   0.0702223514735
-0.815221502447   -0.151334137896   -0.559027620655
0.563120447425   0.0183962222832   -0.826170043452
0.921839988093   -0.17519575358   -0.345713008548
-0.386992062082   -0.464806084545   -0.796362007918
-0.0211702677799   0.867906533964   -0.496276201389
-0.237718575471   -0.286240335583   0.928200597479
-0.427590196378   0.888860795097   0.164599850853
-0.87215623763   -0.357761033686   -0.333692283306
-0.871078159313   0.419446780989   -0.255513675338
0.434939303336   0.417123557331   -0.798019887179
-0.228146099639   -0.806270634364   -0.545781111236
-0.32869049423   0.671920087089   -0.663691159779
0.810837456414   0.561092844722   0.166485551561
0.484257347161   -0.483423433615   -0.729243858769
0.945444427432   0.32569922299   -0.00740613132988
0.185697527339   -0.55744554071   -0.809179150425
-0.267677535437   0.763658618289   -0.587515320427
0.451922657977   -0.867523252176   0.207772274717
-0.0809239701329   0.192084131472   0.978036296614
-0.888378985718   -0.458810520118   0.0166037455016
0.932916690856   -0.334926642404   -0.132252002366
-0.358590334771   -0.897608688165   -0.256342768064
-0.0328545237389   0.28657073671   -0.95749558387
-0.196461407296   0.667843513664   -0.717905256075
0.97027548097   0.0268966769188   -0.240503762545
-0.141309612096   -0.743815575279   -0.653276345432
-0.711766338256   0.257756358134   -0.653414370493
0.574551195307   0.748779480065   -0.330484816907
0.40407870978   -0.610647975576   -0.681050252351
0.376905894269   0.205569943323   -0.903151673457
0.925885142466   -0.11104013181   0.361118806058
-0.0260509083712   -0.972322522381   -0.23218583644
0.0211186896806   0.149928672963   -0.988471240841
-0.87014901644   0.48963345627   0.0556755573747
0.49233595251   0.858941483178   0.140800704335
-0.464112419998   -0.370585933417   0.804528263989
-0.487469729175   0.865220333794   0.117333018059
-0.739576179134   -0.337727464004   -0.582208927547
0.67045876049   0.455592582399   0.585594099479
0.741025435388   -0.371862335146   -0.559106168637
-0.0369642339253   0.808797751334   -0.586924052027
0.050987860132   -0.998426762262   -0.023328920202
-0.382257727857   0.00206992169061   -0.924053431852
0.922647965159   0.0560331671675   -0.381550804697
0.743140395013   0.363287037891   0.561929605378
0.512494963577   0.230924612808   -0.82705667007
-0.430222344385   0.902605313135   -0.0145733692719
0.303537518613   0.619007281003   0.72435830972
0.546064376537   0.50997870759   -0.664631788649
-0.780819230982   0.597286952704   -0.183220153526
0.728074125646   0.303061799576   0.614867150856
-0.401386490189   -0.538641740746   0.740779292785
0.555695018025   -0.786141603506   -0.270526202388
0.297417932343   -0.95233629265   0.0678097280755
-0.915609722419   -0.30463247022   -0.262407877741
0.270557590419   0.0159575621279   -0.96257152798
0.695409069284   0.51657333968   -0.49955801574
-0.0322339571687   0.716892015168   0.696438662477
0.717890798355   -0.468207030404   0.515184411951
-0.581933903713   -0.797308943528   -0.16016048289
-0.799757433061   0.525372977462   0.290467352411
-0.147448228113   0.297122336964   -0.943386101712
-0.971485484132   0.221385744271   0.0848781853871
0.198997870309   0.955957611537   -0.215742653542
-0.1289022953   -0.192700278097   -0.97275423468
0.0896363909666   0.949654396779   0.300203004804
0.729903405906   0.142444355142   -0.66854365881
-0.677647648458   0.279045036449   -0.680387780734
0.689810433717   -0.368379394888   -0.623264138995
-0.61743131901   -0.748885112486   -0.240727344943
-0.378074241176   0.550879033654   -0.74403773993
-0.423871477429   -0.266367144648   0.865668247584
-0.78429770332   0.585981841291   -0.203721364232
-0.453001195572   -0.765293294058   -0.457292128602
-0.595958738183   0.777916412531   0.199196479633
0.672126385965   0.347490452677   0.653832170046
0.43940790124   0.523542204997   -0.729948118646
-0.0564959513754   0.739403500628   -0.670887971824
0.386370233732   0.635796735554   0.668192003503
0.920611888889   -0.221460999542   -0.321603444816
0.203421947926   0.942175578533   0.266316898297
0.278765285578   0.205012021199   -0.938221715119
-0.938567752834   0.265094795084   -0.220941899513
-0.856237172576   0.404910304111   0.320788949194
0.516582795354   0.670723312392   0.532233457947
0.000346184733421   0.621432123276   -0.783467929348
0.39691360399   -0.895502553084   -0.201332482198
-0.917331767006   -0.379613656707   -0.119982919132
0.0310164506279   0.2323115345   -0.972146763986
-0.597064661093   -0.802155340505   0.00778461136835
-0.795790098409   0.591047418733   -0.131837278805
0.101152902816   -0.0849102968359   -0.991240804115
0.353256208628   0.461576825793   0.813730228612
-0.184679661737   -0.818286824781   0.544334543209
0.917116935623   -0.342568980324   -0.20382104924
0.204672197191   -0.652515571122   -0.729611349378
-0.964754461589   -0.26043430389   -0.0377200503861
-0.165402903665   0.711616050129   -0.682820969697
0.852622831285   0.431087507755   0.295292851639
-0.189166706209   0.781445505724   -0.594608172536
-0.487083426975   0.451116927462   0.747825683515
0.88667339074   -0.455027558462   0.0822205521382
-0.45615214834   -0.831637673933   0.316708062511
-0.0757331877002   -0.318321693157   -0.94495279456
0.860927544117   0.243595578982   0.446614999392
0.490180528941   -0.632100401716   -0.600143425522
0.136113235315   0.735601982087   -0.663598456238
0.604140746221   0.776680053077   -0.178275219557
0.554371862054   -0.57034370326   -0.606118716684
-0.572438465967   0.267350248372   -0.775137437734
-0.925571761724   0.307061329027   -0.221427762745
0.37834799518   0.770417429395   -0.513137193183
0.013027219259   -0.558722046012   -0.829252655623
-0.325581553719   -0.902705550899   0.281281603122
0.182660490297   0.231836357499   0.955451227759
-0.92770242921   0.362456330775   0.089406997038
0.614908579044   -0.25426610754   -0.74648254231
0.78752396201   0.148597299333   0.598101038196
-0.0411515331117   -0.955650348813   0.291614406598
-0.298000912449   0.00681313826525   -0.954541270625
0.295960821865   0.951356258489   -0.0856064329025
0.907525563332   -0.308017614075   -0.285521455095
-0.914560755632   -0.394394018099   -0.0896213297453
-0.398822815578   0.916250278906   0.0377596104146
0.0672234039018   0.070276488898   -0.99525988017
0.0832891802333   0.522682247345   0.84844928002
-0.0722752381408   0.852333717463   -0.517980235171
-0.993901002318   -0.0181797245994   0.108767160512
-0.0387408775807   0.788416279946   -0.613920934584
0.358092765724   0.58453061246   0.728075225669
0.932881940837   -0.191634372214   -0.304971395127
0.78675135847   -0.61713227913   0.0130403221642
-0.534633112951   -0.670713824704   0.514111271893
-0.308528336595   -0.411449529599   -0.857624364224
0.285664506764   -0.880860786636   0.377465315151
-0.35574200435   0.268265732226   0.895254781196
-0.889855839963   -0.390022783283   -0.236725183713
0.619822955901   -0.042323344128   0.783599539229
-0.755189783055   0.23927646879   0.610274661979
-0.213325795224   -0.970028610931   0.116346891093
-0.710386089671   -0.330183459195   -0.621554894499
-0.63872967531   0.673354208291   0.372315070948
0.295594325859   0.661493003327   -0.689239436676
-0.825808453704   0.348676959484   0.443243472277
0.470001551142   0.859886525051   0.199232793385
-0.3116712045   0.372853244536   -0.873980273418
0.888589270342   -0.454370978053   0.0628977180516
-0.285257730269   -0.439993400255   0.851489186692
-0.359217393725   -0.774566215398   -0.520586248387
-0.433778611224   0.496158737058   0.752105460747
0.847251739279   -0.0594255531753   0.52785707717
0.306595183807   0.866195769599   -0.394593819003
0.198833707653   0.589141463417   -0.783184201056
0.980009803988   -0.113998005709   0.163049804607
0.00677796347337   -0.799947992545   -0.600031056225
0.0556541117939   0.88046879752   -0.470826206189
0.987694421438   0.0204800406002   0.155049339883
0.146158645661   -0.473661550615   -0.868494321091
0.175315380715   0.501447693423   -0.847239475028
0.345850600392   0.774352071751   0.529873787975
0.921765631543   -0.385913305984   -0.0376701575693
-0.194278588752   0.442425324727   -0.875508801779
0.912832579993   0.408316573331   0.00377582399272
0.35915527402   -0.798459396578   -0.483187418256
0.352762811233   0.330050534223   0.875571267156
0.763880751989   0.438840506791   -0.473186227969
-0.540411505939   0.835754541991   -0.0973126394183
0.626379061597   0.588058343673   -0.511699770988
0.649827399029   -0.75648042889   -0.0739033976067
-0.430550371809   -0.286224990423   -0.855979925111
0.835110421336   -0.441837870325   -0.327673435791
-0.458323017614   -0.22948210689   -0.858648923683
0.304188421379   0.86724694232   -0.394147364998
0.950809873226   0.143929124638   -0.274308206324
0.299660264997   -0.202911260725   0.932218185755
0.0785131234754   -0.968561524815   -0.236059869716
0.32803955184   0.0619321143494   -0.942631670188
0.564904948726   0.786914387469   0.24829044625
0.757147575664   -0.613946382029   0.223153285121
-0.566641869282   -0.00719987381206   -0.823932736207
-0.716104484947   0.498926716014   0.488125494814
0.407567612325   0.866614270518   -0.287868628924
-0.729769825786   0.268562175217   -0.628737114711
0.313863565614   0.948587370505   0.0408859719042
0.607392511933   -0.167500324064   -0.776542322019
0.160927212176   0.725692543107   -0.668934051503
0.884598793229   0.194528216021   0.423844013984
0.437706988063   -0.659946290277   -0.610641864393
-0.317920539878   -0.0195731157151   0.947915303951
0.25243945045   0.961950176571   0.104528377249
-0.913893240034   0.272522936531   -0.300882692896
0.962024009566   -0.0225533936421   0.272031522906
0.269725434538   0.231621432296   -0.934665556263
-0.041928450751   0.972544526763   0.228908602899
-0.543560993358   0.171714387559   -0.82161768214
-0.823157788585   -0.300505439923   0.481775607175
-0.164172779693   0.938195421904   0.304691070966
-0.910291955216   -0.310115922978   -0.274220113384
-0.328757267777   0.944118879301   0.0236262699382
0.251569503621   0.111658658702   -0.961376684128
0.0784719988347   -0.612434828168   -0.786616632577
-0.995231522365   -0.0939804776261   -0.0261129606808
-0.0579341202507   0.784914804977   -0.616889282317
0.221995739236   0.599895298826   -0.768663464858
0.331266482576   -0.787845545945   -0.519193521971
-0.91704984013   -0.139373692572   -0.373623559932
-0.114702844667   -0.992137782013   0.050058754757
-0.991293415524   0.117594047605   0.0592368492282
-0.0646577277967   -0.0428282788644   -0.996988022378
0.521868773798   0.262346062909   0.811681911965
-0.0766406039036   0.962104581094   -0.261688732795
-0.849575894648   0.0743593861897   0.522198698694
-0.634125547151   0.19509575041   0.748212829764
-0.48419665191   0.654246434387   -0.580960588484
-0.602858518004   -0.730684098133   -0.320409669027
0.493877897316   0.606696622839   0.622899534739
0.584033877469   -0.762171432446   0.279283256805
0.644196439381   0.225862602921   -0.730751005535
-0.837367963314   -0.421332042053   -0.3482731749
-0.542236235267   0.720922024766   0.431568417949
0.0692441996005   0.550227902371   -0.832138507867
0.662107961761   -0.653021430849   -0.367662967709
-0.738556477444   -0.485406072492   -0.467883825766
0.127072328216   0.581329472537   -0.803684432947
0.996768463618   -0.0133326882347   0.0792140730012
-0.0218647141046   0.903864414365   0.427259938119
-0.0772953052528   -0.427611225144   0.900652028209
0.941113932961   0.296037371597   0.163298621562
0.023404373344   0.42479969585   -0.90498478093
-0.337278520654   0.855515688356   0.392856343313
-0.864131701551   0.493174371097   -0.100276827168
0.483478927734   0.868832459052   0.106669042065
0.13973020007   0.0436943679473   -0.989225087327
-0.819972384014   -0.30597228903   -0.483762594461
-0.572126818302   0.411841860543   0.709265243533
-0.0177818231297   0.858351466621   -0.512753904438
0.414985246917   0.338161093615   -0.84465041266
-0.787914717999   0.59778828802   -0.147782136492
0.454947955267   0.726839898101   0.514515423022
-0.704424259438   -0.466752476161   0.534722908349
-0.219579692082   0.859714757007   0.461167318237
-0.674960162928   0.207443155062   -0.708093296027
0.930978878932   -0.349646421914   0.105003364827
0.0610618842969   -0.134436126484   -0.989039116609
0.359930233891   0.927186231314   -0.103807124962
0.718925118481   -0.694820189022   0.0192763830418
-0.694778179169   -0.717501481694   0.0497484222635
-0.0207353747665   -0.0491582006808   -0.998575743516
-0.24169351145   -0.851921984633   -0.464556970266
-0.344494927317   0.522897718552   -0.779680204306
0.90714248692   -0.0284061266804   -0.419863787902
0.794339775016   0.562461603049   -0.229480428192
0.431469888103   -0.788307788513   -0.438639449013
-0.427619056508   0.249414866568   -0.8688694763
-0.492723388229   0.815000018289   -0.304956772151
0.818233360158   0.553201497896   0.15640419128
0.296171961901   -0.17246180132   -0.93943551991
0.798185900099   -0.389526068042   -0.459530968706
-0.486435220666   -0.866736679422   -0.110219347843
-0.35535903672   0.311507577532   -0.881296195477
-0.0440680103956   -0.947861501989   0.315620949095
-0.679795101539   0.259958946055   0.685784198046
-0.732076929279   -0.184336429969   -0.655807479527
-0.386612225535   -0.739635414064   0.550881512967
0.898800712633   -0.436000975394   0.0453919423097
0.206611388935   0.512681776269   0.833348144682
0.350215037463   0.246991391569   -0.903517946709
0.0133818103118   0.963189375243   0.268490511139
0.936573731581   -0.106120120193   0.334018211184
0.999999757692   0.00037449199891   0.000586832250999
-0.000373685417179   0.999998986276   -0.00137397466647
-0.000587346198632   0.00137375504289   0.99999888391
0.750692650747   -0.574354209963   0.326462533245
-0.348817606676   -0.764243299997   -0.54245594815
0.561058661272   0.293341814114   -0.774056689593
0.874873626824   0.106995751572   0.472385484783
-0.0404342825155   0.98802479497   -0.148902898973
-0.482660549336   0.111170651121   0.868723132214
