0.160077771159   -0.139142167323   0.977248466079
-0.803966288849   0.556035251463   0.210862527551
-0.572724465669   -0.819429225988   -0.0228567281455
0.643613918729   -0.268901379874   0.716556467782
0.602961215976   0.754785368156   -0.258334705462
-0.471379778571   0.598323571255   0.647927471585
0.895725426735   0.17586100695   0.40834895143
-0.134396145082   0.982579065722   -0.128359089248
-0.423808489871   0.0600939750719   0.903756094349
-0.76355011553   -0.489414115457   0.421266002266
-0.6406583331   0.655884466666   -0.399214812621
-0.0809204628239   -0.574708091102   -0.814347891702
0.680474324062   -0.634463307012   -0.366621066426
0.361030747899   0.725666263453   -0.585717741884
0.637660954868   0.266204406693   0.722858022363
-0.133296765657   -0.675299514574   -0.725398192637
-0.98167715856   0.190527774476   0.0030205155741
0.136168750551   0.71250946153   -0.688322844749
-0.615348149224   -0.787390835381   0.0369097223539
-0.590027946696   0.429047753873   -0.683948131816
0.522698457396   -0.442643984771   -0.728596339122
0.517921875477   -0.845115224875   -0.132428046831
-0.822768949905   -0.53451069931   0.193260361677
-0.234111481937   0.00886391605395   -0.972169349968
-0.91614288911   0.373864813037   0.144593597041
0.370472453903   0.927456204709   -0.050745928372
-0.15307634576   0.00707742328502   -0.988189021619
0.751445351801   -0.659324973246   0.0249090929381
-0.634230472987   -0.732221587328   -0.248200028576
0.181883452771   0.170710651994   -0.96838849792
0.828866392925   0.0880692064161   -0.552471101109
0.516821728157   0.257540115483   0.816436396924
0.214186376747   -0.962245760603   0.167950267097
0.223379867091   0.00273332654792   -0.974727635755
0.460578115396   0.881021596755   0.108021968455
0.859051357369   -0.473068150457   0.195543576798
-0.0873251609693   -0.971382074856   0.22088725837
-0.927407424488   -0.00168486570291   -0.374048967692
0.363716627701   -0.237516369702   -0.900719817067
0.691170122179   0.715858078179   -0.0991517731257
0.652837616159   -0.559611113744   0.51052761757
0.309978884982   -0.417591443017   -0.854125563125
0.566297922884   -0.665279630892   -0.486528185471
-0.570970236082   0.109047273049   -0.813696308059
0.594390151371   0.738587642031   -0.318101623687
0.759760084964   0.423196007027   0.493629165398
-0.239267827626   0.887891003995   -0.392938254293
-0.604578795492   0.18042922341   0.775841333896
-0.371592136732   -0.689472730831   -0.621728749021
-0.916595457596   0.166020064248   0.363717067762
-0.147553553103   0.705028149585   -0.693659323631
0.672489851778   -0.72541123242   0.146751296877
-0.70679243012   -0.688288064141   -0.163413590271
0.21954921995   0.00617127535682   -0.975581906033
0.0288230949821   0.903270211109   -0.428102972331
0.959349993422   -0.145284472057   -0.241950433561
-0.280743333522   -0.403726823363   -0.870739819223
0.473998740236   -0.0681588287244   0.877883573329
0.864810418508   0.223557518234   -0.449583113651
-0.165614414512   0.972304689955   0.164910447208
0.624622180765   -0.356768536246   -0.694667793151
-0.600311944468   0.34958033624   -0.719318537119
0.499472422287   0.866319686986   0.00418321825577
-0.553221068644   -0.0265033091709   0.832612769426
-0.535333627619   0.777099021787   -0.33096074915
-0.638251013591   -0.628820073583   -0.444095663917
0.943456165021   -0.31478739122   0.103919983702
-0.30066112339   -0.680528695549   0.668194270715
-0.139618600357   -0.66165670318   -0.736693323963
-0.253976269409   0.669016852059   -0.698507341578
0.788941859579   -0.274484153188   -0.549753755651
-0.559523723162   -0.690706088948   -0.458102938114
-0.130968163035   0.713932502989   -0.687857340912
0.706518272796   0.553947360399   0.440425081157
0.695470538899   -0.428302116598   -0.576955827115
0.837499263216   -0.357291544897   0.41344617069
0.198218217749   0.903725755482   0.379459216557
-0.509219522667   -0.235844251198   0.827691347612
-0.0151975814413   -0.522003980121   0.852807644347
-0.570902960181   0.704741931881   0.421199026003
-0.820876874796   -0.480469202122   -0.308723990382
0.834392889718   -0.157062592035   0.528317941936
-0.0349355994041   0.941540407706   0.335083817203
-0.550061823328   -0.298048658511   0.780127545775
0.767920093175   0.572933010838   -0.286437594581
0.630263482766   -0.755638558902   0.178264720551
-0.114309548113   -0.317424216771   -0.941368787361
-0.915756991103   -0.207578867368   -0.343947884231
-0.290304908054   0.933741637403   0.209402996493
0.277690823768   0.291612016903   -0.915341596341
0.775068885249   -0.600034726211   -0.198056937418
-0.2826091417   -0.609528666966   0.740680009974
-0.565155108042   -0.518105328565   -0.642002003397
-0.197005368932   -0.917450992573   -0.345648030282
-0.531063551704   -0.196492856487   0.824234227269
-0.82411187873   0.345939638631   -0.448514634946
0.973096616838   0.135822876099   -0.18610513326
0.229435689057   -0.497533195936   0.836552439199
0.0210294765689   -0.856745507879   -0.515310484897
-0.0961303388381   -0.379468317756   -0.920197127671
-0.645676483464   0.727357274648   -0.232493599306
0.757536029939   0.57179995701   -0.314934870263
0.012563942898   -0.987243105531   -0.158723652679
-0.990454354398   -0.0340782159521   0.133562146775
-0.137267327476   0.155530465756   -0.978247389482
-0.413659135814   0.910060335307   0.0260058735402
0.107989936325   0.0206830558205   0.993936811299
0.90400458683   0.413959415043   -0.106833092658
0.95432063823   -0.280613660647   0.102606495444
-0.248706144489   -0.555745543745   0.793279360819
-0.165581922753   -0.782561731792   -0.600149783631
0.138216306389   0.201866163939   0.969611419335
0.771675573649   0.591724195397   -0.233193665469
-0.620816447657   0.780456615346   -0.073989255169
0.845051668464   -0.449897560645   0.288928819177
-0.347280610433   -0.872705727812   -0.343192206005
0.40655117174   0.189675769593   -0.893722130858
-0.230521523903   0.908922926718   0.347446312838
0.921785350437   0.318363367568   -0.22126123454
-0.311723587072   0.26926544427   -0.911221447171
-0.75223347117   0.0405189386962   -0.657649618307
-0.610226769882   0.333638368505   0.718546260432
0.248531877577   0.941829949974   -0.226248206976
0.610892365248   -0.122946892438   -0.782109058713
-0.774192378059   -0.299446512081   -0.557636035562
-0.165640212015   0.946158468779   -0.278114135063
0.0139742373994   0.25306215177   0.967349093157
-0.911170838528   0.401647003367   -0.0919096714349
-0.411791723698   -0.880135916792   0.236195563603
-0.385972898052   -0.0924845039302   0.917862483438
-0.834274093828   0.459630588849   -0.304510193855
-0.393715199524   -0.883281573637   -0.254562376121
0.836862504051   -0.506775495411   0.206977647501
-0.474567789891   -0.483183190853   0.735744124594
-0.272848973082   -0.71394159518   -0.64485722184
0.000557833602521   -0.996370652537   0.0851188086461
-0.409152605976   0.0774406151024   0.909173853647
-0.912465798726   -0.0353337501012   -0.407624450026
0.716957048941   0.570316384957   0.400888776376
0.316328825039   0.246297581591   -0.916118756358
-0.621215473426   0.78363047564   -0.0038227246949
0.660714757943   0.452950790236   0.598574632156
0.606355738262   0.148001918   -0.781299015067
-0.44248019991   0.879164952607   -0.176862259384
0.66127854317   -0.231295533521   -0.713591665111
-0.741923245032   -0.342079835406   -0.576655256362
-0.11072753417   0.910759991645   -0.397813587997
0.123302897222   -0.978696128798   0.164165413571
-0.914765087526   -0.176225474552   -0.363523612387
0.384709280082   -0.105349274298   -0.917006161497
0.681226050626   0.61239036771   -0.40113477222
-0.186041285655   0.674771871239   0.71419294439
0.708039340701   -0.411899210147   0.57360206825
0.57598360365   0.815406496368   0.0579235186065
0.814961039663   -0.578316248182   0.0372668877074
0.063885774298   0.025740294666   -0.997625202705
-0.937772586416   0.32607125134   -0.119415724326
0.334662429727   0.940408853912   -0.0602681144027
0.0926479049731   -0.0964817419723   -0.991013440459
-0.0710382980081   0.891104999166   0.448202455011
0.771456688072   0.333920440795   -0.541619532189
-0.632303834122   0.307293051794   -0.711170051165
0.80868991877   -0.299852450722   0.506072250846
-0.49662220216   -0.809106689229   0.314185858635
0.315257043699   -0.505405652165   -0.803229807189
-0.269976485471   0.795567173   0.542388763285
0.570848756789   0.585880665042   -0.575217822396
-0.775399506168   0.154326665147   -0.612322534502
-0.520118234972   -0.765334953208   0.379129834025
-0.843544336771   0.390755214145   -0.368433595809
0.133828149325   -0.511441855949   -0.848832877798
-0.334766517225   -0.607506456517   -0.720324429848
0.221124174416   0.692439164027   -0.68675476235
0.915988798203   -0.389183644842   -0.0974710836814
-0.198044911812   -0.284673484799   0.937944145436
-0.687316309947   0.722560713297   0.0741775281408
-0.698837966188   -0.629973826958   -0.338760201855
-0.757542683395   0.593570301191   -0.271667775745
0.650531138286   0.721003532473   -0.238669529437
0.0542062814986   -0.357530703166   -0.932326914414
0.319044213741   -0.684398671435   -0.655598389425
-0.830805472969   -0.534828502864   0.154015384325
-0.456040629509   0.495537012808   -0.739236101103
-0.442246981262   -0.863916074538   0.240970171847
-0.836275245393   0.300098899361   -0.458894720547
0.324131642251   -0.404462194473   -0.855189459555
0.335548755697   -0.88113055567   -0.333190600729
-0.882343309302   -0.17008448912   -0.438795568678
0.32996563015   0.44122580435   -0.834531289105
0.250003968258   0.957731240844   -0.142298581041
0.844080229636   -0.143575321195   0.516637874223
0.474369667869   -0.24927293767   -0.844296405744
0.82513596558   0.219454297263   0.520567430521
-0.459676378723   0.79646942639   0.392853763722
-0.32840259614   -0.563450321003   0.75807352586
0.742717956443   0.652391347458   -0.150849484387
0.664047609514   -0.688657590619   0.291189792371
0.0860860585471   -0.316443127031   -0.94469727314
0.670613881661   -0.741712609473   -0.0118079071972
-0.482241398632   -0.447999687385   0.752821036866
-0.563666794453   -0.499157976048   -0.658119335515
0.78425273071   -0.44862486216   0.42858299946
-0.605908141586   -0.702424999835   0.373462774005
0.133502727815   -0.55257112905   -0.82270418074
0.920449875202   0.37294797404   -0.116969380184
0.384859143931   -0.917022262407   0.104659493514
-0.068230979579   -0.141350553267   -0.98760546501
-0.264996955218   -0.903043554391   -0.338066491387
0.00836428389772   0.348434759755   -0.937295714782
0.9642129705   -0.251208194666   -0.0847808377663
0.715427772869   -0.209676522679   -0.666482451115
-0.610796732304   0.275480508212   -0.742319231464
0.339249839519   0.938161097804   0.0690166715657
0.919581719804   -0.133130410908   0.369656265054
-0.392295261689   -0.258985370051   0.882627331186
-0.0217689746825   -0.956662360392   -0.290384641381
0.91581428514   0.394329583261   0.0760813702492
0.386966946263   -0.917136827418   0.0954810048774
0.107428011399   -0.0580018927134   -0.992519522633
0.0746952617993   -0.0380431912168   0.996480473199
-0.392413308451   0.917528622689   0.0644439438356
-0.916751009389   -0.395845856551   0.0536063861506
0.0435232192047   0.881776273468   0.469655547118
0.292351210761   0.438281830627   -0.849964591326
-0.955320102875   0.174297563065   -0.238712924981
0.906454849731   0.352635433065   -0.232352871181
0.421616924764   -0.787031739524   0.450355648055
-0.0240577254034   -0.50619096429   -0.862085804035
0.199894843788   0.218077283638   0.955240466997
0.929076267204   0.267479312236   -0.255484064561
-0.311222333944   0.938561194535   -0.149142693308
0.58591598943   -0.716128874005   0.379291298539
-0.191330352753   0.332565562086   0.923467835406
-0.787461205042   -0.613644508434   0.0578382902803
0.883454664429   -0.468341908685   -0.0127950173463
-0.406642357641   -0.752931849064   -0.517431757468
0.232701200837   0.462330495679   -0.855628811982
-0.721207832599   0.516902397659   -0.46116284921
0.638778273138   0.753809157078   -0.15405866568
0.267995484969   -0.405689124822   -0.873839089328
0.852520232704   0.136676455087   0.504508473125
0.505374103618   -0.461944769461   -0.728837461551
0.13344012973   0.876314199698   -0.462890003332
-0.425548597233   0.832842392657   0.353951889931
0.456223673464   -0.14034150934   0.878728752532
0.781516699223   0.535423019442   -0.320240283361
0.305353694821   -0.941936343738   -0.139696261239
-0.701543606418   -0.12333090715   -0.701873247556
0.643891053947   0.31232260835   -0.698468967787
0.0164771685697   0.703092809085   0.710907170261
0.990016322387   -0.111016774308   0.0868501999363
0.139986371918   0.702378656876   -0.697902599252
0.15871358825   -0.316929209444   0.935075330177
0.9167418361   0.398959948088   -0.0203805241615
-0.366598421775   0.860457341199   0.353862630309
0.385271652957   -0.38305664658   0.839543542015
-0.920834665147   -0.218978481283   0.322663825366
0.060243446884   -0.897394021735   -0.437098040331
-0.0766098182658   0.381379746157   0.921238527726
-0.823626263597   0.496525880167   -0.274047127767
-0.561934794846   -0.779750947127   0.276075617895
0.44401698422   0.599831252831   0.66562105274
0.502278298614   -0.781798257695   0.369469883761
0.742000962577   0.170276106345   -0.648413925778
0.837832458342   0.513911595972   -0.18420543769
0.348246633462   -0.243257787331   0.905289970775
0.420429606511   -0.822630245267   -0.382777253165
0.987814255219   0.14526041092   0.0558785308166
0.0892189838529   -0.234325835634   -0.968055461053
-0.127526350638   0.961244410009   -0.244430387062
0.349335059343   -0.0908449929787   0.932583617465
0.697385387405   0.689933382479   -0.194024609716
-0.625794405335   0.718149785902   0.304371889733
-0.553236399548   0.153891840029   -0.818686012942
-0.804412134164   0.156670233646   0.573040623603
0.216450004908   0.975587894278   0.0371167874899
-0.673086558364   0.419541447059   0.609047994126
-0.717212195846   -0.5712227496   -0.399138117034
0.180447086646   -0.705471150749   0.685382597081
0.168495718918   -0.976551638884   0.134000333209
-0.230162968483   -0.171164783695   -0.957981014823
0.958454068094   0.130573785333   -0.253606557364
-0.323001040733   0.269911681937   -0.907093165909
-0.0930812491719   0.94476110877   0.314264742548
0.941810070417   0.185941203907   -0.280035104856
0.959694323278   -0.16222413491   0.229499751459
-0.184402803572   0.252774831118   0.949789708719
-0.21209057476   -0.953828189354   0.212671985207
-0.500646286958   -0.838577016343   0.214806617722
-0.276262562342   0.389946461216   0.878419463601
-0.820385453311   0.380434416223   -0.426892683176
-0.774709097237   -0.598840560758   -0.203016741798
-0.552038491016   0.797111531964   -0.244676746029
0.308349345866   -0.0774802452381   -0.948112594844
-0.0746823782253   0.910324899631   -0.4071008714
0.871840524071   0.257772315415   0.416470327866
0.484062643642   -0.323824042526   -0.812909187125
-0.140972547811   0.866009584081   -0.479743828562
0.982262460402   0.0618306863834   -0.177023798136
-0.123641415588   -0.496189849252   -0.859365134184
-0.306024267973   -0.751409192001   -0.584579655469
-0.67001539873   -0.266234912321   0.692963445591
-0.676334616056   0.603741002118   -0.421981385237
0.575700509586   0.357994987941   -0.735124827408
-0.0133313496825   0.903048708379   0.429331230417
0.817551954544   -0.237366001998   0.524658157963
-0.633866773444   0.286612996632   -0.718377271136
0.0375481667445   0.939113368367   0.341549727754
0.772530289825   0.18952327434   -0.606034553294
0.105197818585   0.994391316726   -0.0109237441135
0.993138922862   -0.105616805577   -0.0502012975559
-0.0510734653361   -0.00556772846947   -0.998679378749
-0.736859684134   -0.451916957387   0.50280102379
-0.662250219232   0.333035946563   -0.67120168759
0.135876609558   -0.827561551743   -0.544682866494
0.725433894286   0.687121545747   -0.0401203987005
0.563814325936   -0.559795032907   0.607242066232
0.394789907281   -0.463134432431   -0.793503261875
0.982397438308   0.0122699744071   0.186399358728
0.0629581338854   0.917712885233   -0.392223576107
-0.175873666545   0.397054792195   0.900786292864
0.89908933415   -0.115317250221   0.422303565009
-0.324315215081   0.472493523456   0.819493448149
-0.294037430414   -0.873757290152   0.387414748586
-0.110741841731   -0.906599005144   -0.407203251904
-0.966453466066   0.0026977746948   0.256827607433
-0.231741110764   0.421984556451   -0.876484507392
0.283359124319   0.770690345918   -0.570739868394
0.921228144022   -0.384152215649   -0.0613659667301
-0.26654514313   -0.508393023085   -0.818834672417
0.391543191921   0.799060580954   0.456285126675
-0.389285262321   0.593160476605   -0.704711028389
-0.833757106956   0.0982997302065   0.543310454199
-0.655915338307   0.506894294798   0.559314976444
0.383394414887   0.86200277366   -0.331602082073
-0.65021826459   -0.00306465371496   -0.759741282471
0.916558247145   0.38050390242   -0.123035603927
0.166161248551   -0.0825135298395   0.982640298824
0.363746366402   -0.921090819429   -0.13885345978
0.0958069320316   0.995399078693   0.00130610529648
0.99276137688   -0.0956483648736   0.0726377234773
0.0724284498636   -0.00566254654363   -0.997357536301
-0.425933041959   0.860539121658   -0.279380500148
-0.181782992999   0.221098392234   0.958159926321
0.886304680809   0.458898595604   0.0622582663507
0.744222235262   -0.667482253758   0.0245092933188
-0.624323908745   -0.68212331796   0.380693362255
-0.237387702949   -0.298622202812   -0.924376470101
0.35622709212   -0.928264418495   -0.106899149647
-0.890008328919   -0.302232633116   -0.341380447498
0.284582911107   0.216750097659   -0.933826515939
-0.907295773366   0.419884258318   -0.0226183387591
0.170968790078   0.319221339798   -0.9321305751
-0.384166698779   -0.849585161025   -0.361415275985
0.0590025869057   -0.997637015415   0.0352005711997
-0.499588956517   0.00101828226481   0.866261991333
-0.864250871718   -0.0686975150612   -0.498348354226
0.828154933816   0.402296968717   0.390277535298
0.528924860451   -0.330518039809   -0.781662534191
-0.185466702117   0.853765175164   -0.486505013421
0.348395936215   0.198869608936   -0.916008269761
-0.435266218378   0.899808377205   0.029802742332
0.830158774433   0.388324301265   0.400050804623
0.999986235728   0.00132044008141   0.00507787280342
-0.00132808414132   0.999997989658   0.00150228936965
-0.00507587891206   -0.00150901253408   0.999985979069
0.740022689321   -0.626255580475   0.245296488385
-0.430887170876   -0.721474642654   -0.542042974294
0.516432633811   0.295428989659   -0.80375310065
0.869436308329   -0.20661161106   -0.44876736505
0.24854056886   0.967956944537   0.0358739341711
0.426975516147   -0.142726997086   0.892928279826
