0.083579881545   0.259672791799   -0.962072993385
0.656172083061   0.712258716395   0.2492503126
0.749968399876   -0.652117751728   -0.110859537564
0.604735396694   -0.266589881264   0.750483134516
0.567451694096   0.805424464011   -0.171143237202
-0.558832421082   0.529359299512   0.638345562503
0.903620207816   0.173965872943   0.39141588506
-0.103007460779   0.975249012191   -0.195649756564
-0.415764335952   0.136474317257   0.899174497903
-0.676172628875   -0.556982624839   0.482245717024
-0.73652490882   0.52697311968   -0.424064134092
-0.0179341754458   -0.64192654312   -0.766556376654
0.713359592433   0.0502078391066   -0.698997328161
-0.440785685713   0.807572042387   -0.391835903951
0.544817465904   0.587627917348   0.598220159807
-0.0245184060893   -0.519223679468   -0.854286613756
-0.992666385322   -0.0885409819553   0.0823039608124
-0.118373541021   0.85003956684   -0.513245009321
-0.765470622357   0.362911971695   -0.531365812891
0.6411560187   0.360184194043   -0.677632869662
-0.0545315137563   -0.859396443536   -0.508393614088
0.58914058764   0.79020278841   0.168798463217
0.766293725975   -0.612653459719   0.193519156224
0.256334339344   0.0153392138995   -0.966466458285
-0.89162567959   0.428445611243   -0.146417231573
0.427240249233   0.903198707206   0.0412051542561
0.149898021771   -0.0258157608429   -0.988364370848
0.836422740089   -0.483349297959   0.258399798809
-0.409513119309   -0.864483445994   -0.291491640902
0.364274628509   0.137992129357   -0.921011491383
0.706850896993   0.219907346608   -0.672311362635
0.563636144984   0.39918617569   0.723162978315
0.42740625345   -0.890107384559   0.158217377257
0.256064099241   0.177046992323   -0.950308128761
0.376849395554   0.887018947731   0.266799399245
0.890177347583   -0.426440791759   0.160413655819
-0.0464105971869   -0.945305770342   -0.322866933934
-0.982441939285   -0.0152743133524   0.185942279447
-0.180703880432   0.325827708936   -0.927999144227
-0.57970673933   -0.584964931383   -0.56723551143
-0.72930129348   0.682961456022   0.0410277091342
0.363400219736   0.437469631678   -0.822533039856
0.680732344387   -0.676306755562   -0.28144741549
-0.400956845493   -0.0224582499191   -0.91582161749
0.613055530403   0.736277664602   -0.286457880414
0.784324974851   -0.212834789016   0.582696907843
0.426780209598   0.866818829249   -0.257844468538
-0.450214378404   0.450917364763   0.770701332316
-0.363919109354   -0.540687994767   -0.75843218165
-0.865620149383   -0.104311490636   0.489715090541
-0.343896261725   0.834730857964   -0.430069478032
0.700253858771   -0.69703280416   0.154239434649
-0.677857789535   -0.716978476844   -0.162636653033
0.223949437247   0.00933454163338   -0.974556060927
0.0254825003786   0.89537814385   -0.444576901887
0.955217317206   -0.152957909381   -0.253305655026
-0.294805900695   -0.418212694062   -0.859178458436
0.459680114783   0.212842659915   0.862201945134
0.76901353145   0.390200607391   -0.506321710416
-0.444198582303   0.895790984612   0.0156885744493
0.767993325514   -0.417606308408   -0.485583384336
-0.431598010033   0.222708356498   -0.874141948245
0.473190669499   0.880912004189   -0.00919952035912
-0.53775576248   -0.0520807711936   0.841490542544
-0.552578487528   0.7756009196   -0.305123300712
-0.636769781822   -0.629071384493   -0.445862577675
0.986144306537   -0.125235033812   0.108791511575
-0.165801512781   -0.722687270371   0.670994014581
-0.005409717564   -0.679734724396   -0.733438095142
-0.353054438053   0.619996482629   -0.700683184683
0.754624013627   -0.254012895191   -0.604995906709
-0.553077898518   -0.742348846974   -0.378183854186
-0.120436353299   0.793760765968   -0.596186993497
0.616534647956   0.530504492823   0.581764566611
0.778061766619   -0.297504335271   -0.553273040931
0.827318541607   -0.379521099419   0.414134960862
0.232879814464   0.902633725148   0.361965951769
-0.511185898405   -0.20301747048   0.835148420313
-0.0164580567954   -0.536258160207   0.843893546591
-0.550453146817   0.709451505016   0.440090780623
-0.834703819043   -0.457280819237   -0.306861184955
0.831211183856   -0.0644969817801   0.552202958317
-0.125743556028   0.945699659546   0.299734402517
-0.541550113978   -0.318578551187   0.777966053741
0.735325297194   0.671435856631   0.0920358502829
0.618500661395   -0.720376386404   0.313870664072
0.277044471449   -0.173872805067   -0.944994501835
-0.871580569655   0.425270698286   -0.243910114137
0.32964353062   0.876628055393   0.350511619233
0.362880770116   0.225095725584   -0.904239714348
0.808593549477   -0.53484765547   -0.245182497709
-0.20531630446   -0.647020171497   0.734309275986
-0.551381616367   -0.543417779535   -0.632989281124
-0.258686142627   0.463449228393   -0.847523623455
0.889130900659   -0.228670532527   -0.396429097124
-0.37752843748   -0.856110156613   -0.352913131859
0.9862010823   0.088909909036   -0.139651184547
0.165506387101   -0.509720898347   0.844270242054
0.00388086318038   -0.855733389476   -0.517402459442
0.0310612831863   -0.392317017438   -0.919305473994
-0.778712560462   0.567105217144   -0.268325214743
0.626611478402   0.724209244982   -0.287887173416
-0.275391165641   -0.955313330901   0.107406450875
-0.953400011468   0.257085779268   -0.157909215155
0.123240107188   -0.145888114324   -0.981594893059
-0.531140349096   -0.826389399347   -0.187003984476
-0.15200361406   0.310066472571   -0.938484780857
0.833537540172   -0.470041852641   -0.290302989806
0.933692903039   -0.300917512883   0.194077853593
-0.334151885408   -0.537443805754   0.774271704981
-0.128685975511   -0.787783476659   -0.602359621497
0.017577410695   0.086966100269   0.996056189197
0.73346795495   0.675904537852   -0.0719570342158
-0.679496720886   0.731840114448   -0.0519061960619
-0.634776090072   0.723257433828   -0.271952201473
0.733059660736   0.674959064382   0.0839868752244
0.244300735313   -0.146044328276   -0.958638724914
-0.249395890975   0.909114744582   0.333634636614
0.911310427564   0.336868877631   -0.23671219634
-0.32758967349   0.245009674232   -0.912499460469
-0.744622298203   -0.158403535757   -0.648418038675
-0.538700783965   0.716217209597   0.443660201092
0.394130813784   0.679662584329   -0.618643413518
0.670969286073   -0.735431597686   0.0945546523049
-0.194372863239   -0.297513095935   -0.934721962823
0.715555313853   0.60879086957   -0.342570094936
0.0414829259403   0.25630256391   0.965706043571
-0.93404453598   0.353112464375   -0.0535947041042
-0.354739300981   -0.899789188219   0.254046147586
-0.277255994433   -0.957982768643   0.0734719574695
0.0572126683076   0.0598727181286   0.996565084783
-0.959091144853   0.280507170331   0.0382086803826
0.842553588426   -0.436643850546   0.315349961805
-0.5180093109   -0.496529308042   0.696509152902
-0.147545940138   -0.750200502556   -0.64453813038
-0.0113961344388   -0.991760640656   0.127596864242
-0.444153418496   0.119346684831   0.887966277321
-0.895878266819   -0.0465532003692   -0.441853969742
0.766715664627   0.552170503967   0.327497823143
0.266591552872   0.190225143438   -0.944850961126
-0.584017151762   0.811740185868   -0.00135539482231
0.852478425388   0.465434349707   0.238015546469
0.29107288716   -0.0444082441698   -0.955669651192
-0.434231630134   0.883967631739   -0.173332390017
0.528431598218   -0.314317113431   -0.788647448617
-0.84878128319   -0.21548521176   -0.482842061982
-0.018176339304   0.924538195921   -0.380655677709
0.0780393873979   -0.993878208871   0.0782046030958
-0.94795171989   -0.0982651216054   -0.302872089559
0.308702754721   -0.0504982356789   -0.949817107353
0.656427690968   0.630905635762   -0.413594929001
-0.223838039594   0.686451813585   0.691867356982
0.720416003821   -0.361582613506   0.59182665963
0.554326647484   0.822131465112   0.129698966695
0.821617743088   -0.565413295997   0.0724712974355
0.132914454186   0.0663902009509   -0.9889014557
-0.87860852444   0.440464706272   -0.184493640296
0.477139133669   0.825585873359   -0.301241120751
0.019629261384   -0.352702152302   -0.935529734353
-0.194891067942   0.863260989588   0.465615652112
0.715711603892   0.449761903856   -0.534294983969
-0.670652198752   0.229117205148   -0.705500485198
0.847738704863   -0.280507991044   0.45017147315
-0.452374858074   -0.825496182855   0.337510058924
0.27694056413   -0.489766596506   -0.826699827559
-0.171510648734   0.811277115285   0.55893965648
0.678445180997   0.508641483833   -0.530090536895
-0.714350217857   0.288293744537   -0.637644480184
-0.515273943375   -0.847987259569   0.124138514922
-0.845660140178   0.526590004873   0.0869591518039
-0.13911035401   -0.060171208868   -0.988447133149
0.408824695436   -0.625771027541   0.664283816972
-0.724038107363   0.220695498916   0.653500050379
-0.555545846432   -0.748133756656   -0.362856300295
-0.345881460979   -0.315741304743   0.883557266639
-0.269483755129   0.93543331592   0.228785963703
-0.898746082424   -0.158971506709   -0.40863619441
-0.677857666799   0.721500696306   -0.141229348195
0.71195812236   0.692121723427   0.118672456639
0.183370159969   -0.0201063469926   -0.982838297607
0.229066259401   -0.784869533019   0.575767717872
-0.603683650579   -0.57855184796   -0.548492305548
0.76360637689   -0.221940477068   -0.606339612603
-0.32963267233   -0.887951129712   0.320757061616
-0.857333391315   0.13925070401   -0.495569064378
0.395375463919   -0.438351494438   -0.807171735045
0.299731189387   -0.943702408634   -0.139953485298
-0.796884232351   -0.16699662283   -0.580592497535
0.52453477896   0.285548405532   -0.802075665857
-0.852000358275   0.381869288488   0.358149739646
-0.0781018825181   0.583728525529   -0.80818383084
-0.517682803892   -0.716545082317   -0.46751220258
0.813206278536   0.224510314136   0.536927059661
-0.466601500987   0.802912148725   0.370965120605
-0.347819763421   -0.552202137152   0.757690050019
-0.941783712218   -0.0368809581799   -0.334190416266
0.205884706158   0.722553745209   -0.659945128822
0.265809945583   -0.690330268936   -0.672896123202
0.616403287387   -0.786556840677   0.0370853567124
-0.540442961164   -0.3883384516   0.746401133934
-0.572685247782   -0.480126632664   -0.664462206284
0.796979884244   -0.458787337425   0.392857789955
-0.596201278575   -0.701764424184   0.389962470469
0.0967837772319   -0.545014561243   -0.83282172672
0.85847551882   0.399712786311   -0.321324558735
0.438878476669   -0.89673371773   0.0570466668848
-0.265340283982   -0.189995599805   -0.945249282333
-0.282124630345   -0.884447448043   -0.371696656702
0.0183787937882   0.382381500107   -0.923821740551
0.959201706051   -0.267464203263   -0.0916241621045
0.66352984432   -0.226284669291   -0.713108262567
-0.635469697951   0.332584776434   -0.696825393818
0.394849855873   0.915523137298   0.0768828744848
0.93040341139   -0.233572804195   0.282476967581
-0.337554186153   -0.245656835247   0.908685804174
-0.142851893527   -0.940795654984   -0.307403435372
0.884990280775   0.379860600881   0.269254761948
0.358640214503   -0.924921857268   0.126082332187
0.296933324964   -0.0150160529817   -0.95478014154
0.0943602288867   -0.236549897238   0.967026521519
-0.264673913525   0.930442075158   0.253427039353
-0.959710303531   -0.279860127372   0.025188140132
0.440527614147   -0.331505472089   0.834289843609
-0.87079518882   0.0681813371745   0.486895311529
-0.218291457235   -0.940986411823   -0.258637608368
0.899207852222   0.199253744691   -0.389516602636
0.366587162914   -0.829092940719   0.422159623408
-0.238828579717   -0.522401034528   -0.818570747483
0.0483538370528   -2.79178979103e-05   0.998830268696
0.964943578134   0.258268129601   -0.0467061478822
-0.257964721347   0.966073274888   0.0125151942509
0.562680449814   0.203467405391   0.801243861968
0.719037599877   0.357775087161   -0.595803589256
-0.407891702982   0.911371495028   0.0550123321501
0.868244979165   -0.357818344786   0.343681085149
-0.124597739067   -0.82777397166   -0.547051784808
0.48023542099   0.432153079333   -0.763293951535
-0.533853811273   0.710582803784   -0.458336325371
0.815857845217   0.575299464795   -0.0583652482605
0.222207300929   -0.405095797032   -0.886860367048
0.841268576681   0.539759696994   0.0304409492367
0.294665466644   -0.410600499181   -0.862890197441
-0.453254282558   0.734892304745   -0.504473840521
-0.372427773467   0.879543120903   0.296144309454
0.537032288438   -0.0560052964375   0.84170049777
0.756897532514   0.472511698524   -0.451485127144
0.385367582546   -0.917668105341   -0.0968352970941
-0.673880825154   -0.208185275943   -0.708903042997
0.63037802929   0.338443701849   -0.698626796557
0.0647361545287   0.681134464188   0.729290800704
0.980476413138   -0.179396084375   0.0805173781965
0.185675075273   0.709840042971   -0.679449688952
0.13227769815   -0.141659034376   0.981037883342
0.811955019742   0.583172718823   -0.025271049376
-0.568534657244   0.799901430178   0.192161508923
0.447440592902   -0.697207767336   0.560087711872
-0.83285114799   -0.0966871438254   0.544986753519
-0.325815716496   -0.710318889926   -0.623932042372
-0.0934521855303   0.242754565369   0.965575947304
-0.675714734076   0.696800364965   -0.240580235133
-0.731215622899   -0.674936643232   0.0989153196001
0.356934784415   0.633221465768   0.686751872925
0.53205989659   -0.742083754514   0.407705736686
0.767795432466   0.219868771263   -0.60178725253
0.814054884672   0.549915368911   -0.186836109404
0.358921651915   -0.223425423499   0.906231939362
0.456606934385   -0.804782061908   -0.379257089983
0.926503073225   0.237877853102   0.291558197119
0.336950588469   -0.179572129344   -0.924239228389
-0.167500317118   0.95455119159   -0.24652721229
0.345163225491   -0.276596828448   0.896859265583
0.796879123768   0.591201761782   -0.124354891212
-0.495828609372   0.757611161057   0.424475345303
-0.527065950125   0.0480948695048   -0.848462354938
-0.816951208237   0.246325704476   0.521454092586
0.234077353837   0.967993042765   -0.0905387297179
-0.700723637715   -0.39498729784   -0.594113977359
-0.344212429521   0.916594012601   -0.20340407918
0.624903342054   0.0619713692707   -0.778238628237
0.215527103491   -0.449007199595   -0.867145087268
-0.973827894069   -0.033208459029   -0.224847572775
0.0721616268845   0.892910820273   -0.444413058589
0.842908733848   -0.504779222829   -0.186286882532
-0.318222220472   -0.188510092865   -0.92908479876
0.433865745134   0.842414316764   -0.319528768831
0.269301375292   -0.326289438898   -0.906097109216
-0.0620764874499   0.933018372102   -0.354433670841
0.961053213392   0.151696800836   0.231008228521
-0.499283776637   -0.859343697884   0.110653148601
-0.168311414621   0.221472524397   0.960531721832
-0.849933513927   0.460953717682   -0.255214991838
-0.68880929475   -0.699356071355   -0.190900080999
-0.644932208377   0.711416426406   -0.279193686958
0.331065253483   -0.0691935957941   -0.941067502487
-0.191644803733   0.973693433156   -0.123261378506
0.622040371407   0.21764462718   0.752128042689
0.75916931283   0.0674678774573   -0.647387086656
-0.0970301726463   0.762946244799   -0.639138618097
0.94576729473   -0.129346384358   -0.297982779826
-0.310015112237   -0.633389722367   -0.709019103963
-0.831399714024   -0.555504017379   0.0137768718157
-0.54069977967   0.814462451156   0.21046297518
-0.12813377301   0.167529705822   -0.977504748777
0.526260605638   0.127654024516   -0.840686757941
-0.351934581251   0.932711946892   -0.0786795694285
0.774074819041   0.337272699978   0.53577541972
-0.636832048118   0.144333502949   -0.757372287858
0.170576981195   0.98435424972   0.0441611202895
0.751896559359   -0.101067061823   -0.651488306141
-0.0417327289519   0.862754199951   0.503898372494
0.88301773153   -0.204125066622   0.422625890096
0.467480550545   0.462588529521   -0.753308560431
0.224234818986   0.716426680062   0.660644804754
0.876562194906   -0.44451113006   0.184522556111
0.425860851001   0.53771987814   -0.727667415951
-0.767597232033   -0.525368514167   -0.367127244558
0.0183499600585   0.554553001265   -0.831946060604
0.640669781042   -0.645336263595   -0.416032857536
0.969286276053   0.0131283811161   -0.245584528555
-0.102410182974   0.929425969977   -0.354513075577
0.223598455896   0.368775015343   0.902224317218
0.877691142917   -0.203928414802   0.433672064216
-0.28695388688   0.501136206852   0.81640674237
-0.383817306084   -0.840996851254   0.381324758876
-0.867699127943   0.365652477465   -0.336743951827
0.481716448987   0.451356774107   -0.751150001826
-0.122668195319   -0.81398730223   -0.567782692291
0.368962529051   0.746346928147   -0.553925008465
0.891623829818   -0.452501464433   -0.0157914782989
-0.262437798836   -0.488066273709   -0.832416791163
0.405715258515   0.809604480387   0.424188300576
-0.389243932168   0.572958548798   -0.721254228847
-0.826972968288   0.127511123816   0.547591657191
-0.567726970191   -0.647665027036   -0.508149682744
-0.488459224413   0.761895499566   -0.425350248415
0.662641436528   0.00672759211628   -0.748906580356
0.894807661883   0.410209990513   -0.176201622916
0.217416377479   -0.0556767768984   0.974489720479
0.389935080544   -0.910289986871   -0.139006376701
-0.0565862253655   0.997624920827   -0.0392748831051
0.997873797622   0.0577869888632   0.030142128946
0.0323401162359   -0.0374857474537   -0.998773715924
0.143332324551   -0.917092469134   -0.372017805753
-0.59854322683   0.219032829248   -0.770565133735
0.78816359365   0.33311562973   -0.517525001207
0.679264245146   -0.647255608848   0.345919444497
-0.7315486951   -0.634811604688   0.248698076493
0.0586224527338   -0.42198862943   -0.904703821517
0.296425686991   -0.906033929779   0.302050211357
-0.698340027761   -0.421364845523   -0.578595603668
0.651500589193   -0.0394231536769   -0.757623123482
-0.931642136525   0.131537361872   0.338734190602
0.360973268531   0.44205662291   0.821148123999
-0.0417280344243   0.887290180591   -0.459320048082
-0.286167788664   0.295900164507   0.911345757315
0.952520935225   0.191065261763   0.237061033716
-0.103980116803   0.935915144867   -0.336527824878
0.753437753572   0.48925108757   0.439277730832
0.60525208257   -0.25502284139   -0.754077759196
-0.256907508723   0.83402441432   -0.488264076377
0.359487582167   0.302612117119   -0.882719992319
-0.561114957458   0.825933111032   0.0546305831673
0.745599545858   0.475668374683   0.46671288234
0.999967276709   -0.00638385455423   -0.00496909567066
0.0064694495321   0.999827602708   0.0174043409826
0.00485713223058   -0.017435918769   0.999836185084
0.720853613446   -0.660054900173   0.211418061525
-0.4701480141   -0.689804634854   -0.550572802245
0.509245434756   0.297484612193   -0.80757166412
0.864605171865   -0.174182437295   -0.47129436165
0.206621204828   0.978264436061   0.0175034525975
0.458001718884   -0.112512984474   0.881802275924
