0.079203886609   0.276789702921   -0.957660798353
0.638257719405   0.723865311619   0.262003996639
0.765737440619   -0.631986131961   -0.11933021848
0.602262147173   -0.274169021161   0.749741057912
0.570046084413   0.805186367384   -0.163469799732
-0.558862923916   0.525838626971   0.641222247475
0.904886291646   0.176642129145   0.387270393138
-0.102659586176   0.97353594295   -0.204178297453
-0.413088136548   0.145001124119   0.89907333708
-0.665997955071   -0.56580421433   0.486119650794
-0.745793969465   0.518529667419   -0.418232398454
-0.0154298072375   -0.641087026115   -0.767313069089
0.71400023277   -0.0427014493812   -0.698842080748
-0.366106686076   0.828036209701   -0.424643297172
0.596799431982   0.559046171299   0.575584760346
-0.0190404831304   -0.516250256963   -0.856226098754
-0.992123567569   -0.0962898540498   0.080119227909
-0.123807458078   0.851007600549   -0.510350641355
-0.767473018046   0.35631551332   -0.532939416387
0.638504103748   0.350384175366   -0.685232397913
-0.0574253956749   -0.866181380902   -0.496419318028
0.593806425008   0.785994066534   0.172067594256
0.761990304067   -0.618020587729   0.193445934696
0.258388672598   0.0162443995527   -0.965904453534
-0.884963108224   0.441759849779   -0.147270269251
0.441341831862   0.896563158255   0.0373080515284
0.148518296955   -0.0319802811677   -0.988392420593
0.836550486037   -0.470985364033   0.279921544683
-0.392480169432   -0.871629050822   -0.293636023617
0.382286019773   0.13577770299   -0.914014121585
0.6930362856   0.231899893534   -0.682585632885
0.563973363098   0.415369075081   0.713724440651
0.449037584795   -0.879597050271   0.157080478089
0.258013750686   0.185503092003   -0.948165337541
0.372121837537   0.886597301593   0.274719061654
0.891602065097   -0.423714323177   0.159724543667
-0.0464224274667   -0.932337027645   -0.358598138742
-0.974870304336   -0.0360162272888   0.21984249156
-0.217882647201   0.359792298769   -0.907235721186
-0.58327972369   -0.576006151682   -0.57271430675
-0.728779883575   0.682467926103   0.0558337813191
0.358698543666   0.449949378336   -0.817851399526
0.68116165384   -0.681401012824   -0.267789956982
-0.387891396867   -0.025666378819   -0.921347654925
0.620934026749   0.73146011287   -0.281792543735
0.870866606668   -0.409763889526   0.271449642164
0.187690880978   0.787650435081   0.586838074186
-0.454272480554   -0.460109059851   0.762847407057
-0.357407045185   -0.534350603416   -0.765982791374
-0.863519609282   -0.12338245585   0.488989421127
-0.355800630182   0.836209424855   -0.417324465308
0.697708438759   -0.697099135849   0.165093092777
-0.676779783758   -0.716958057628   -0.167153426224
0.2348873321   0.00489268841457   -0.972010289461
0.0295107554058   0.897471249675   -0.440084618366
0.956631419132   -0.153007274864   -0.247881225122
-0.289802421046   -0.413683610802   -0.863064555471
0.458694301753   0.222356470896   0.860323856109
0.763998095225   0.395726523213   -0.509614981449
-0.453769157206   0.891043275423   0.011637581025
0.779258456146   -0.418489989454   -0.466500147107
-0.415861009814   0.211579504753   -0.884473704349
0.468845261298   0.883232835607   -0.00915855138588
-0.53632972605   -0.0664832674729   0.841385999468
-0.543386828508   0.790001537568   -0.283951272659
-0.645818224859   -0.609489578079   -0.459827440084
0.986412854546   -0.119224050863   -0.113027899577
-0.01047203427   -0.732228808839   0.68097819936
-0.16395126375   -0.670542017476   -0.723528427854
-0.362902887721   0.609403611228   -0.704931722018
0.746887605531   -0.262124724484   -0.61110517386
-0.557189733204   -0.748276598215   -0.360030184534
-0.11158936314   0.793753378262   -0.59791587078
0.6243527569   0.524095080118   0.579230508474
0.773130939095   -0.308674458764   -0.554065546232
0.826498288645   -0.379093235764   0.416159701874
0.232870079759   0.903283666805   0.360347253683
-0.512515467883   -0.200915245519   0.834841876824
-0.015404227521   -0.541412366159   0.840616059533
-0.546244723429   0.708726357034   0.446456776151
-0.837483977101   -0.452304765191   -0.306661030268
0.830937706654   -0.0549048989476   0.553649690448
-0.134883702475   0.945551335471   0.296207796649
-0.539767463328   -0.320808547362   0.778288482166
0.724777451597   0.677769668933   0.123797906002
0.615513073577   -0.717689436162   0.325677032466
0.309582463831   -0.159844140009   -0.937341212683
-0.870864553265   0.426589683278   -0.244164231587
0.332545761615   0.87715728862   0.346422296414
0.361950613065   0.220491118056   -0.90574578142
0.817681652603   -0.524222973037   -0.237880199968
-0.203770489299   -0.650037689855   0.732071437401
-0.53839976104   -0.550128418015   -0.638345064212
-0.261097874864   0.465711579637   -0.845541615968
0.890356480072   -0.22223248468   -0.397338723442
-0.372952058762   -0.85657775324   -0.356624893298
0.987636391396   0.0827617429684   -0.133134714827
0.156750528845   -0.51105689976   0.845133194777
0.00190528163021   -0.855553235695   -0.517711339255
0.0394207015021   -0.392447184278   -0.918929385669
-0.785528022159   0.55621430602   -0.271240432424
0.617569214498   0.73253727095   -0.286351902339
-0.287287525771   -0.949584334747   0.125520790072
-0.947582655242   0.262628037822   -0.181971495667
0.139832002853   -0.171219464296   -0.975259404479
-0.54267711458   -0.80944664405   -0.224271442113
-0.171366686095   0.368090717272   -0.91386141332
0.82227429013   -0.457499021086   -0.338466597314
0.930211198344   -0.303799030775   0.205944835759
-0.345361918916   -0.534600417969   0.771315459504
-0.124226693744   -0.788611781555   -0.602211911667
0.0109063262903   0.0733180481122   0.997248973862
0.735278358679   0.675305561725   -0.0576899779963
-0.677677495055   0.733884774419   -0.0465440712757
-0.606890328453   0.763158501629   -0.221975743318
0.739702336533   0.644516734384   0.193490652037
0.290731117283   -0.0467683706187   -0.955661099424
-0.254386960129   0.910117570308   0.327067703592
0.907235835232   0.341719236406   -0.245257217511
-0.334978228826   0.234337303233   -0.912620191825
-0.742580185877   -0.161978276498   -0.649875146075
-0.543815107635   0.712207025454   0.443876426049
0.390947306233   0.683025761473   -0.616957059213
0.671888300462   -0.735177343731   0.0898909615426
-0.199029911121   -0.296119824364   -0.934184213149
0.713409564123   0.609776453205   -0.345281726906
0.0438322844167   0.259175322166   0.964835158575
-0.936834636407   0.346120191635   -0.0504150470767
-0.34701526605   -0.901681188294   0.257975657389
-0.269107820128   -0.959956903437   0.0778699215933
0.0412294201652   0.0692960294704   0.996743796175
-0.962227164478   0.27144208193   0.020930363078
0.84254670312   -0.427070037779   0.32821675139
-0.52225651606   -0.498673789421   0.691789406667
-0.131769436873   -0.754278220934   -0.643196067253
-0.0131256114453   -0.991890471737   0.126416021145
-0.442613846938   0.119129647192   0.888763809827
-0.89661625059   -0.0442879129991   -0.440588106897
0.769425710936   0.550339443962   0.324207605973
0.264769718734   0.187111231447   -0.945984346122
-0.581275383439   0.813705034694   -0.00174502750559
0.864646585201   0.454143752045   0.214801618193
0.269099687557   -0.0576219098492   -0.961387057153
-0.424230645824   0.889063084367   -0.172032529365
0.519327563276   -0.336688286826   -0.785455205302
-0.85453780573   -0.195991770403   -0.480991023317
0.00800128735969   0.920993063735   -0.389496798385
0.0777824510805   -0.993396692682   0.0843380179493
-0.946021280245   -0.100239903349   -0.308213723089
0.314632527924   -0.0558119408752   -0.947571316381
0.654733327698   0.627314465166   -0.421664358696
-0.218404714126   0.691075308802   0.688995136711
0.723618442585   -0.359014594909   0.589478473054
0.549819450535   0.823221137453   0.141440908733
0.822733552831   -0.562980914019   0.0784983534686
0.144250035909   0.0732082597858   -0.98682950799
-0.873669547959   0.448277370119   -0.189073849086
0.486306249126   0.816155632003   -0.312083668928
0.0144136404321   -0.364605792315   -0.931050408506
-0.199792340183   0.861933360041   0.465997750694
0.713142421268   0.454058387879   -0.534096309091
-0.671945613716   0.225614412759   -0.705398631246
0.85010463532   -0.285523459709   0.442491201001
-0.453334145948   -0.824354565663   0.339009885089
0.267974366544   -0.488790245429   -0.830225171173
-0.164121938577   0.805703107813   0.569127833916
0.693460392769   0.504563012437   -0.514323682267
-0.701553043567   0.310255811453   -0.641533053335
-0.516052553721   -0.85026468438   0.103632660366
-0.841382838799   0.525859179075   0.124687779501
-0.160513801189   -0.0228492949414   -0.986769086133
0.410589722846   -0.626832209673   0.662191407683
-0.72239298551   0.219517730202   0.655713611734
-0.55638516693   -0.747591698083   -0.362687467356
-0.354374035537   -0.308242320618   0.882839574735
-0.239497782895   0.942536433561   0.232950388278
-0.903913632448   -0.128886551627   -0.407833791984
-0.673526604057   0.726885539361   -0.134161567878
0.714294756189   0.686740136138   0.134799802296
0.190118160387   -0.0050396513496   -0.981748280877
0.219905592418   -0.780783674017   0.58482337916
-0.596868939767   -0.581878600473   -0.552417200178
0.771614540535   -0.227583278604   -0.59398388205
-0.314163801044   -0.89157453571   0.326183925704
-0.861057594395   0.122886351461   -0.493435673376
0.399851128858   -0.435882773115   -0.806303468213
0.293811490193   -0.947370035558   -0.127140960973
-0.790139699592   -0.165860713328   -0.590058877489
0.537916409268   0.273825198805   -0.797286458646
-0.850264338781   0.275083900886   0.448753163409
0.0774608822499   0.908677998437   -0.410248835314
-0.520624976272   -0.314059138744   -0.793924739162
0.812531228842   0.223439402121   0.538393755291
-0.466236176874   0.803488318041   0.370176106935
-0.34988116487   -0.551798293175   0.757034883026
-0.942014430262   -0.0427159814118   -0.332842542519
0.207740110149   0.704720656136   -0.678389890439
0.263539104904   -0.708197812583   -0.6549832047
0.618989476435   -0.784658228948   0.0341099956984
-0.537386046878   -0.391452957617   0.746981136706
-0.572772437085   -0.480703698464   -0.663969645089
0.794044291986   -0.459295279536   0.398172711973
-0.599509558605   -0.699935429381   0.388173522845
0.100408921439   -0.546935316919   -0.831131642763
0.857070845231   0.399403841797   -0.325432231675
0.439226273054   -0.89660716672   0.0563548546745
-0.269276525741   -0.191238489179   -0.943884523097
-0.28391862342   -0.881702727717   -0.37681628841
0.0183199444866   0.387928502021   -0.921507383016
0.958673351517   -0.268536361143   -0.0939873812539
0.6584651791   -0.220169291362   -0.719686800667
-0.641413480468   0.336080822072   -0.68966544651
0.393716084237   0.915737497418   0.0800779672329
0.932656633349   -0.240836888122   0.268606026717
-0.326397402553   -0.246147162426   0.912620572876
-0.153676087521   -0.938833940454   -0.308179318539
0.878379240159   -0.379370679571   -0.290736647051
-0.35676524901   -0.925191596084   0.129379548748
-0.318069909856   -0.00991957743991   -0.948015366135
0.0988556282407   -0.267691776161   0.958419885927
-0.24738450396   0.92628937746   0.284233876245
-0.963861230658   -0.265196346469   0.0253461210818
0.445115565416   -0.332076353058   0.83162336978
-0.868683676507   0.0653333588106   0.491039939716
-0.2173955004   -0.940987166738   -0.259388412308
0.900602632009   0.18741085649   -0.392163320681
0.357334360368   -0.83291022197   0.422578651895
-0.247441011391   -0.520708875483   -0.817089476664
0.0329714530872   -0.0193583758691   0.999268800956
0.965515189174   0.258959414808   -0.0268410312144
-0.25825046516   0.965694193193   0.0272290741362
0.558460981966   0.20912842291   0.802736964611
0.7176103625   0.36363639471   -0.593973012917
-0.416121015155   0.907763116222   0.0530040146948
0.870573913063   -0.367986972464   0.32662922403
-0.142261396599   -0.823725214875   -0.548851952184
0.471023095964   0.431349462125   -0.769464024236
-0.506929062779   0.728459639369   -0.460835631348
0.835486663817   0.546777171512   -0.0547426643305
0.212096581524   -0.412772671726   -0.885795552925
0.840502851086   0.540382398008   0.0392660316177
0.302588804868   -0.408053180911   -0.861355104888
-0.449438508013   0.735852883035   -0.506483525935
-0.370305478125   0.882366193776   0.290351085674
0.541737199976   -0.0487717759507   0.839131765596
0.754582440183   0.468029073832   -0.459950135357
0.390716723514   -0.916391837435   -0.0869852990369
-0.667164311255   -0.21680813411   -0.712661220196
0.634217804666   0.336482144052   -0.696094492852
0.0623608101846   0.680003501683   0.730552097425
0.980344272307   -0.179012730933   0.0829430522659
0.18717969203   0.711020168394   -0.677800916958
0.129541379446   -0.142491029413   0.981282496302
0.810023498608   0.585990493711   -0.0218420004424
-0.57190992535   0.797691323644   0.191331099063
0.449533851968   -0.707118089004   0.545805207138
-0.825714447221   -0.0958569402696   0.555884069437
-0.340756463748   -0.700567951883   -0.626968561579
-0.0945959240513   0.230672837884   0.968422249339
-0.661240175156   0.712634637331   -0.234335879531
-0.744186160791   -0.66252691684   0.0851178156968
0.349534250844   0.640374284347   0.683920012454
0.539721177384   -0.73430023695   0.411708893151
0.76585041501   0.225219754825   -0.60228664593
0.81217528179   0.552491614126   -0.187414855256
0.360017773645   -0.22183992122   0.906186654069
0.45908443048   -0.80345508006   -0.379079701404
0.919727220808   0.251725977379   0.301223955914
0.349048545391   -0.173278785955   -0.920944936084
-0.179630042767   0.952159910231   -0.247233802473
0.345296779597   -0.278482356072   0.896224141248
0.796704660842   0.591700167644   -0.123095877278
-0.496015944696   0.756530560497   0.42618035342
-0.524364440645   0.040564328514   -0.850527171017
-0.819123259349   0.248766378278   0.516867850646
0.232548961253   0.96771370988   -0.0972170578115
-0.706304956814   -0.382663490086   -0.595568603383
-0.332641935805   0.92204617977   -0.197939851763
0.624886110042   0.0583051946833   -0.778535711287
0.215446443484   -0.484165200097   -0.848037079971
-0.970158534024   -0.00719364786871   -0.242364746385
0.111244095797   0.874947032937   -0.471266846601
0.828762236365   -0.525448398482   -0.192502301565
-0.327542262815   -0.176564418812   -0.928192368036
0.453728136272   0.832303422162   -0.318436480028
0.269669701933   -0.335427949273   -0.902644084181
-0.0516399049499   0.930984751446   -0.36138720618
0.961567247818   0.144067634884   0.233736913009
-0.500783472615   -0.858194415632   0.11277525674
-0.166985686946   0.223629528931   0.960263304592
-0.849312483077   0.462052138581   -0.255296156105
-0.684503335301   -0.703156799101   -0.192420632573
-0.648815402184   0.707952782219   -0.279000774259
0.332406013561   -0.0661314904203   -0.940815002072
-0.197858305115   0.972634418704   -0.121796464028
0.615687698457   0.219997426995   0.756656983107
0.762745533625   0.0747222836138   -0.642367364727
-0.0840746388292   0.757309957982   -0.647621094968
0.943242570441   -0.149068722573   -0.296769218853
-0.321286333998   -0.63581455118   -0.701794092376
-0.859679452732   -0.510816257652   0.00424139936661
-0.491800853818   0.829865677419   0.263542933174
-0.138141806613   0.224476520732   -0.964638343062
0.525627344558   0.106099240722   -0.844072772793
-0.331996723655   0.939100958916   -0.0886992922506
0.783258622765   0.326852168544   0.528841743609
-0.637985273954   0.125217025226   -0.759799635964
0.180103170524   0.983587667073   0.0108696434467
0.748690615799   -0.129907650948   -0.650066430483
-0.0493864818851   0.852872068111   0.519779001926
0.87385879039   -0.215116323283   0.435999749903
0.48366495621   0.475745943644   -0.734665915394
0.227927623456   0.707907170769   0.668518089539
0.87057907615   -0.455649196509   0.18567682109
0.436051683445   0.539676984218   -0.720144209218
-0.764133070183   -0.547360035905   -0.341317509288
0.0334216708539   0.494820854989   -0.868352067646
0.644192240694   -0.674943932902   -0.359815292155
0.967926260324   0.0162851361453   -0.250706100674
-0.106364225875   0.930615886575   -0.35020097531
0.227608009587   0.365634880714   0.902499710791
0.877533397738   -0.209438951414   0.43135885465
-0.282222609543   0.501680169128   0.817720861032
-0.38766678284   -0.839316587191   0.381132695985
-0.867555476205   0.371665010865   -0.330473320262
0.48414902848   0.47910669392   -0.732158790197
-0.113785824814   -0.795186704831   -0.595592889927
0.380820542908   0.741134869537   -0.552896752799
0.886221188851   -0.463145124194   -0.0104210540065
-0.263794841743   -0.486020266133   -0.833184602821
0.40705013869   0.811022701018   0.420181345406
-0.38997462448   0.570290533477   -0.722971990943
-0.825972140483   0.130425786794   0.54841511402
-0.558635952595   -0.662941118137   -0.498432489262
-0.492618960837   0.74866800663   -0.443647129228
0.667272382084   -0.00229994174488   -0.744810229774
0.892859327613   0.412214245957   -0.18133294385
0.22227332281   -0.053189085754   0.973532480775
0.391659023977   -0.909533032158   -0.139114601501
-0.052771530986   0.997854387374   -0.0387528981661
0.998100904226   0.0539399486312   0.0297500743524
0.0317765715536   -0.0371093457304   -0.998805859995
0.146687589857   -0.912835506442   -0.381069664447
-0.609135915854   0.22017200667   -0.76189088687
0.779381926272   0.343883156986   -0.523744391228
0.673319406033   -0.649215762508   0.353779410326
-0.736562050579   -0.630530473504   0.244760429054
0.064166370529   -0.425382434633   -0.902736097206
0.292261768067   -0.898215256638   0.328317547001
-0.680296827668   -0.436553590947   -0.588742039008
0.672145285776   -0.051286596437   -0.738640914001
-0.932716312825   0.14072198213   0.332020486619
0.356105154858   0.504521428332   0.786541319346
-0.0568277966591   0.851854126068   -0.520687189613
-0.272593799897   0.341430659159   0.899509713813
0.952203381942   0.229683788738   0.20138042757
-0.137845346948   0.911411247559   -0.387721805097
0.747565385073   0.493400983962   0.444636327875
0.611342825675   -0.249473189611   -0.751014698365
-0.259626548211   0.83325782126   -0.488134672784
0.360884810739   0.305810908354   -0.881045879458
-0.567439498904   0.821721098065   0.0527906438575
0.740117942264   0.480888890833   0.470075851551
0.999960783964   -0.00691774611804   -0.00552949569458
0.007023067906   0.999789834875   0.0192603893615
0.00539509510369   -0.0192984680691   0.999799210881
0.721215073805   -0.658994613513   0.213482825251
-0.467472813826   -0.690446360722   -0.552044374394
0.511192708917   0.298345307198   -0.806022389282
0.863944990982   -0.168754926378   -0.474468995173
0.199830790157   0.97970921995   0.01541102367
0.462240962987   -0.108127790916   0.880137303475
