0.0655439583464   0.327922953312   -0.942427995235
0.583419958911   0.753613644148   0.302799648108
0.809521550705   -0.569677989781   -0.141921974646
0.591292579821   -0.319721179097   0.740372509407
0.58963704974   0.797712063015   -0.126426318836
-0.550182910151   0.511306006377   0.660200676477
0.910908844743   0.189862189224   0.366329668022
-0.104403525952   0.965008289733   -0.240538779651
-0.399180385714   0.180862792886   0.898856868367
-0.619627124625   -0.601659046571   0.504052197799
-0.784879231519   0.4791993722   -0.392851821445
-0.00517864440645   -0.63904174618   -0.769154619227
0.711383690919   -0.275087640249   -0.64673026408
-0.148397930464   0.840672540742   -0.520814490463
0.686958003468   0.466472367268   0.557218298378
0.00885440014445   -0.535450451836   -0.844520226653
-0.993785516029   -0.0984266484741   0.0519859884904
-0.110959216505   0.838811664498   -0.532994412516
-0.777155874624   0.32664869747   -0.537893460624
0.625669095528   0.309270771803   -0.716163230424
-0.0675790606782   -0.893113776711   -0.444725592259
0.604165587531   0.775811419244   0.181935660643
0.751823046338   -0.630632756711   0.192521253784
0.264094774348   0.0204687062177   -0.964279514575
-0.850261042604   0.503565462877   -0.153225272159
0.507431155176   0.861550173586   0.0156499568918
0.139892037612   -0.06444472819   -0.988067353383
0.823624582673   -0.425877453851   0.374527623972
-0.326316442954   -0.895981439896   -0.301222240906
0.463853560809   0.125879520416   -0.876923155392
0.61266059127   0.281808467563   -0.738397580924
0.55899506695   0.505962008489   0.656907117553
0.558723111237   -0.815221708234   0.152453440088
0.265397747546   0.211537955577   -0.940646442053
0.357147665144   0.884656567298   0.299713702088
0.895549876265   -0.415493021948   0.159235573389
-0.133781266514   0.933473435127   0.332761053372
0.870988472307   -0.0494233632875   0.488811223551
0.472738462406   0.355224826093   -0.806432681063
-0.599366660555   -0.53043613578   -0.599497382879
-0.727155503304   0.673912111784   0.130718551116
0.334670704177   0.514276162631   -0.789630007232
0.672149204502   -0.708285227289   -0.215748658608
-0.334986333885   -0.031043732476   -0.941711443481
0.660302660147   0.705243449794   -0.258131891723
0.884383025131   -0.326960089472   0.333112240472
0.0725873984541   0.801323541837   0.593811123914
-0.461083218568   -0.500976727194   0.732410120332
-0.322266490224   -0.521273127813   -0.790201642304
-0.860796466443   -0.185988796174   0.473748468132
-0.393920997966   0.832876037546   -0.38877210991
0.670359891351   -0.704383245141   0.233370649466
-0.676582827371   -0.709363717477   -0.197582372771
0.304718384371   -0.0254432758979   -0.952102592126
0.0532897842915   0.908010346565   -0.415544714105
0.963400803732   -0.156230153567   -0.217832574437
-0.262714845906   -0.388727860651   -0.883103368861
0.454616289465   0.246231999158   0.855975368772
0.750456875322   0.411720797489   -0.517011086146
-0.47972753479   0.877414262197   0.00238848455748
0.825247778119   -0.412983628828   -0.385240998635
-0.348376184104   0.164647035642   -0.922781332713
0.444522371831   0.895732033576   -0.00799906037136
-0.529978851755   -0.140624004852   0.836269876262
-0.488910426061   0.856427032985   -0.165829226797
-0.692884558908   -0.496747044712   -0.52264075768
0.982337130197   -0.174782652972   -0.0668190605778
-0.0820466814913   -0.723264069639   0.685680266323
-0.168172841721   -0.668086902871   -0.724829487202
-0.407472211551   0.559787882924   -0.7215288788
0.710878183545   -0.301533069929   -0.635397525881
-0.573252653697   -0.771825973823   -0.275074646522
-0.059225820376   0.762361940298   -0.644435081433
0.702104732421   0.490717638953   0.515989480059
0.70960640281   -0.42190102015   -0.564321080841
0.823694101015   -0.372303246436   0.427689514306
0.225833278354   0.907248589491   0.354822951983
-0.520122445528   -0.19567904732   0.831373774002
-0.00746919903623   -0.574942868713   0.818159464152
-0.52048109496   0.700851940187   0.487756074001
-0.853840524252   -0.422193386556   -0.304481696484
0.82970849535   -0.0099126986039   0.558108906173
-0.177046045171   0.943544161196   0.279962700663
-0.529375585603   -0.331098405734   0.781111602198
0.664835702634   0.710519079123   0.230556124848
0.61583142398   -0.696030733911   0.369178648751
0.422782622327   -0.103459439667   -0.900306058296
-0.864911164917   0.437310009326   -0.246350629274
0.353509465546   0.879167917947   0.319522815808
0.356314095384   0.189271571546   -0.914995375744
0.857537139417   -0.47560835296   -0.196027419294
-0.201737760362   -0.661459730412   0.722338494817
-0.473214465718   -0.579885953999   -0.663174448994
-0.280269662255   0.469502673422   -0.837267075712
0.892881239003   -0.192731484633   -0.40696150662
-0.352437241873   -0.861639027948   -0.365193340657
0.993228931988   0.0631016105191   -0.0975421724815
0.116128751649   -0.515971748907   0.848697394464
0.00322516710656   -0.854278257407   -0.519805980359
0.072760762806   -0.40099912899   -0.913184302288
-0.805335224462   0.516497733183   -0.290972967573
0.588337528666   0.756590900135   -0.2853579545
-0.333785757072   -0.921996341867   0.196239175395
-0.920804174472   0.274349872461   -0.277221607665
0.201759115412   -0.27323047609   -0.940552160321
-0.591230956846   -0.714957427736   -0.373204812746
-0.246076807468   0.600596777371   -0.760742871051
0.768044374082   -0.35793768669   -0.531025848666
0.911287694082   -0.316731828806   0.263126751275
-0.398824757465   -0.519950814892   0.755374054973
-0.102438037119   -0.793304543486   -0.600145273944
-0.0141185581924   -0.00964376661295   0.99985382135
0.76314031357   0.646008999624   0.0170068869965
-0.646078577347   0.763268871478   -0.00176116857486
-0.556924155595   0.813859476172   0.165735445647
0.562057713108   0.222387363624   0.796639810472
0.611495390036   0.536820839328   -0.581288890666
-0.27676628334   0.919823251356   0.278074829266
0.880126876315   0.358801269074   -0.310867063065
-0.385716354326   0.158703609206   -0.908865258678
-0.731865761552   -0.141543649706   -0.666586755285
-0.589881691247   0.621355879228   0.515709668017
0.341192170814   0.770637571484   -0.538243101224
0.672279905878   -0.736541232494   0.0744764458676
-0.214897448799   -0.290434459423   -0.932452095971
0.708419942303   0.610864009102   -0.353534082843
0.0521571452874   0.279378581215   0.958763391334
-0.949929572457   0.310061528891   -0.038673707861
-0.308080248597   -0.908740588213   0.281561900413
-0.239577412409   -0.967305054376   0.0832081441031
-0.00367553365589   0.0866071188929   0.99623576397
-0.970870307466   0.238369752145   -0.0243044717252
0.838941487576   -0.367947642556   0.400988419736
-0.542789128112   -0.512289420024   0.665537010647
-0.0394606491196   -0.77599876448   -0.629498828198
0.115309794743   0.420688014018   0.899847345997
0.993161542696   -0.032164976463   -0.112229962133
-0.0182702311793   0.906634992239   -0.42152009383
0.777004780613   0.54450050019   0.315884118305
0.261293257812   0.177558967534   -0.948787988157
-0.572703592033   0.819751192949   -0.00431014295982
-0.166727148712   -0.384578652601   0.907910412895
0.127335294659   0.904689839961   0.406598101575
-0.977746276195   0.183399982098   -0.101865921436
0.485967061848   -0.419577802035   -0.766674952531
-0.867105952996   -0.121684917335   -0.483032138863
0.109376784916   0.899526124654   -0.422953271639
0.081689181614   -0.988220459364   0.129410978293
-0.930358013113   -0.122176441753   -0.345697677918
0.357436490925   -0.0921587802448   -0.92937931663
0.646763476349   0.601588103002   -0.468816339292
-0.180718862143   0.718061537223   0.672107373585
0.740970781156   -0.349970546028   0.5731342935
0.524825100171   0.827479813861   0.199589007422
0.827654346359   -0.550854816389   0.107458150987
0.198864016813   0.108793974622   -0.973969698657
-0.853972576068   0.477792921533   -0.206021269433
0.52029676979   0.780567900136   -0.346417413856
-0.00470219857146   -0.403023172299   -0.915177694178
-0.214082281265   0.857031760339   0.468684689977
0.708038298461   0.466694191658   -0.529979527326
-0.672941709779   0.218387484173   -0.706722266521
0.863875793166   -0.32167536297   0.387612660836
-0.46078942979   -0.815498966963   0.350192141944
0.203449540124   -0.481130331348   -0.852714423991
-0.13474058338   0.745304305946   0.6529674316
0.786244500568   0.481467318155   -0.387309704083
-0.603046068323   0.461205716669   -0.650864599127
-0.517994111795   -0.855041173576   0.0242217182029
-0.820089659425   0.504471867982   0.270113096532
-0.243176994485   0.120053012891   -0.962523882013
0.387583698733   -0.623499651143   0.67898973593
-0.729014401851   0.243487768179   0.639727839505
-0.564195780176   -0.74294137842   -0.360168335445
-0.383850286793   -0.274720437635   0.881582462663
-0.112789148399   0.961518582781   0.250520703677
-0.916481077455   -0.00327049125364   -0.400064667966
-0.657036823055   0.746036195543   -0.108317164328
0.722614654684   0.664207384924   0.191459161829
0.214780525154   0.0475241491361   -0.975505397864
0.183261951802   -0.752265295752   0.632860159782
-0.555062307911   -0.61050929889   -0.564963919492
0.81136976242   -0.247740430284   -0.529437236935
-0.237535127897   -0.90736673746   0.346789081101
-0.877785575396   0.0476066202205   -0.476682382035
0.41601628171   -0.417635263677   -0.80778167836
0.259419601873   -0.96326780099   -0.0694018280739
-0.757137365841   -0.158241968173   -0.633800038463
0.599536887448   0.216966870937   -0.770377113823
-0.840649904341   -0.00532309678488   0.541552770339
0.406202111612   0.65517113426   0.63698558019
-0.358200478704   0.755461745881   -0.548607298204
0.809696569078   0.218108197756   0.5448121512
-0.464350839177   0.805792833281   0.367527152724
-0.358845042014   -0.550569454207   0.753726417154
-0.538909240919   -0.803048301758   -0.254342790523
-0.779534899732   0.589860079112   -0.210690358506
0.319221193134   0.0847261005364   -0.943885224874
0.636377151891   -0.771310402077   0.0102168586015
-0.51342737603   -0.413649094635   0.751855542013
-0.575687806102   -0.483709303363   -0.659248708569
0.779922772794   -0.454182829213   0.430625621771
-0.612802538495   -0.694041486961   0.377861698496
0.127253751584   -0.558591417785   -0.819623151627
0.857142243008   0.387871369389   -0.338914408162
0.430067236273   -0.901027647236   0.0564920454556
-0.28345960477   -0.194177701405   -0.939119626427
-0.295261502528   -0.862131583268   -0.411764226542
0.0129345735317   0.427332274193   -0.904002115176
0.955328918193   -0.272243017479   -0.115023465
0.638718694482   -0.186568782324   -0.74647874637
-0.66804474675   0.346906249454   -0.658310162787
0.381778267662   0.919156212812   0.0969392118199
0.942522604511   -0.264924466876   0.203632430707
-0.271249945228   -0.250746757962   0.929273657531
-0.195127156487   -0.931096713676   -0.308195234517
0.840379875113   -0.376086681304   -0.390282556171
-0.34760025581   -0.926472653285   0.144299982245
-0.415855416781   0.0143955153056   -0.909316799291
0.124919523748   -0.424097865874   0.896959370734
-0.157392459534   0.884122686716   0.439948506665
-0.979603351499   -0.196132799388   0.043694378766
0.47068616758   -0.328981756722   0.818673033265
-0.857861624147   0.0462350056789   0.511796598339
-0.20622309635   -0.943203757413   -0.260458646506
0.907718836383   0.399947074068   0.126841838601
0.286197595205   -0.811253911827   0.50986079183
0.306818269623   -0.426508415498   -0.850854347662
-0.0332753384545   -0.10264518173   0.99416131413
0.963130990933   0.262409315544   0.0593299706446
-0.266967125598   0.959481796481   0.090128996808
0.535114007822   0.217717108324   0.816242769878
0.720316128331   0.3872143403   -0.5755082362
-0.441358894666   0.895915350584   0.0503786729845
0.909768857907   0.375352930917   -0.177287344259
0.228533248995   -0.809412789184   -0.540946846559
-0.346544628131   0.451620541993   -0.822159173614
-0.35344838678   0.806423357262   -0.474083965925
0.922391286995   0.384839163617   -0.0330625441138
0.155783669107   -0.448976822353   -0.879858659917
0.837211281363   0.542351622624   0.0702281125784
0.330311915509   -0.399137560321   -0.855326397588
-0.435856982085   0.739286091696   -0.513307671665
-0.36953739308   -0.891960906589   -0.260476210498
-0.558331177886   -0.0109340869479   0.829546105739
-0.742770766064   0.451980294772   -0.493969029619
0.41204796405   -0.909826386878   -0.0493195809971
-0.641266166461   -0.251116650151   -0.725064225971
0.647297596999   0.330388216756   -0.686912983693
0.0349950341845   0.663305407863   0.747530122102
0.97801227366   -0.176603170196   0.110920299347
0.205590223795   0.727211974693   -0.654901064045
0.112697206559   -0.167380866754   0.979429928612
0.808686109294   0.5881929847   0.00746922867015
-0.57734401898   0.791209617096   0.201646288204
0.453504886702   -0.729372599042   0.512200087373
-0.808310544412   -0.0944936169191   0.581123928397
-0.375456231179   -0.67755927278   -0.632412879646
-0.0975460176464   0.179698281986   0.978873486153
-0.602343304035   0.772307293623   -0.201801854058
-0.792254579365   -0.609302857099   0.0329045560087
0.319060839072   0.679890046906   0.660264874947
0.58332339835   -0.689960773869   0.428588314656
0.746949793432   0.248402203375   -0.616735236103
0.804449604715   0.561937442901   -0.192580226766
0.366740289535   -0.214797879399   0.905186959166
0.467292620857   -0.798804219617   -0.378879169686
0.891527003712   0.315353349445   0.325164368659
0.384300001803   -0.146590661777   -0.911495851052
-0.239777209646   0.937583832447   -0.251879826227
0.348997008067   -0.260321546252   0.900240957143
0.782469456001   0.609586328978   -0.127067139534
-0.515696266019   0.748757103526   0.416437463653
-0.510180096039   0.00994915267556   -0.860010048796
-0.831867485885   0.248246127614   0.496357075182
0.218432496659   0.968645897383   -0.118373856629
-0.735118543087   -0.302298811552   -0.606808170795
-0.270545438714   0.951529130041   -0.146278775888
0.621615550964   0.056636942168   -0.781272272374
0.200347505944   -0.649753634551   -0.733267407739
-0.928612077411   0.112648323866   -0.353539198419
0.312314723557   0.751751667454   -0.58080026165
-0.311930225648   0.548047339473   -0.776108013096
-0.223712209169   0.751532006729   0.62060655034
0.923391781295   0.367210779462   -0.111820667392
0.268614257506   -0.367980083976   -0.890189327313
-0.00312803908322   0.923815885614   -0.382824274125
0.963242750316   0.105616605156   0.246999062101
-0.509029453453   -0.847504878323   0.150414416878
-0.185694191288   0.278759303776   0.942237187715
-0.840480031237   0.451695397154   -0.299273429061
-0.666570796257   -0.717693307783   -0.201493646408
-0.663958974378   0.694489758226   -0.277204718689
0.338883245267   -0.0509930552499   -0.939445503686
-0.221375482659   0.966781037612   -0.127778405833
0.598236252957   0.238111114294   0.765125141987
0.770133937268   0.0929382728852   -0.631075428226
-0.0103520268156   0.733260665517   -0.679868834369
0.930124404147   -0.242544605243   -0.275754795565
-0.367098662965   -0.635217215504   -0.67951281134
-0.951169185613   -0.308659922516   0.00249651252031
-0.274877969191   0.850690517785   0.44807113833
-0.140425362367   0.42550522345   -0.893994419682
0.522677975654   0.0305524861265   0.85198255813
0.20309414848   0.966123779742   -0.159240726793
-0.827985809431   0.256264292885   0.498766590273
-0.644411102059   0.0272104283887   -0.764194951664
0.215240278892   0.965414523413   -0.147127224967
0.733761510236   -0.259295951705   -0.627980617171
-0.0824777735854   0.827084691235   0.555993102828
0.850027483206   -0.232848816304   0.472477202143
0.520240996715   0.511578285578   -0.68383986654
0.258134766785   0.646919903084   0.717538208859
0.82503821001   -0.534046458494   0.184678997721
0.50267125858   0.544324369443   -0.671589596878
0.100240377885   0.984415719457   -0.144490684767
0.760762553604   0.0177613836673   0.648787230413
0.641242702674   -0.174957779474   -0.747126208736
0.904216997987   -0.246083280894   -0.349048190678
0.274180337793   0.961123327204   0.0326663783072
0.32743970883   -0.125239645354   0.936535246701
0.881005906929   -0.228471802879   0.41428157966
-0.259155222389   0.499549994256   0.82661259
-0.395812029459   -0.835613809441   0.380896834861
-0.872412874733   0.390273383879   -0.294248979319
0.484452337742   0.610612346177   -0.626465078955
-0.0648205866242   -0.689085806363   -0.721774925454
0.438689698714   0.714229078194   -0.545369757234
0.857560722301   -0.514117645181   0.016512252422
-0.268590684515   -0.474931437975   -0.838032919052
0.412202873426   -0.399443967993   0.818860981838
0.82003267909   0.554319984785   -0.142392976282
-0.397032991534   0.730187558716   0.556049397744
-0.51742549972   -0.72978374827   -0.446862991306
-0.501958989326   0.681768464621   -0.532192571992
0.693042585468   -0.0510631120281   -0.719085901207
0.882966116345   0.421448068979   -0.206766444426
0.246277352694   -0.0408949963586   0.968336235417
0.399647723547   -0.905929977662   -0.139902010839
-0.013680304321   0.999406296469   0.0316212563076
0.999380270561   0.0146920430461   -0.0319877895807
-0.0324333791759   0.0311640569881   -0.998987926586
0.170369685957   -0.890845369071   -0.421151633672
-0.659228119488   0.214623033565   -0.720663055784
0.732388187109   0.400414137986   -0.550705058581
0.644368226297   -0.668750228032   0.370894488289
-0.761743536964   -0.604033151662   0.234287719639
0.0673526007637   -0.433494041698   -0.898635934608
0.281343409879   -0.858536148943   0.428674196416
-0.603757281872   -0.505588556541   -0.616325689936
0.745870652527   -0.085415996436   -0.660591460167
-0.935466649098   0.166394152874   0.311793416075
0.339617799578   0.667340935987   0.662809041402
-0.0977849611564   0.725926346845   -0.680785605255
-0.23155807435   0.548874937092   0.803191858533
0.915672165268   0.401786644969   -0.0105819500701
-0.328519929282   0.733010092254   -0.595626443915
0.721106595498   0.499615171187   0.479989540144
0.643651726382   -0.226757011171   -0.730953974614
-0.25635470164   0.836041828259   -0.485094143792
0.367910616895   0.306355324094   -0.877945438724
-0.584908206621   0.810226850038   0.0376143763063
0.722858331766   0.499678763684   0.477280803427
0.999920280397   -0.00918141377894   -0.00866801544606
0.00943050015615   0.999530658457   0.0291466716878
0.00839633953327   -0.0292260918477   0.999537561594
0.726274710203   -0.64082450745   0.248734790432
-0.43051776225   -0.706129937009   -0.562169875078
0.5358913152   0.301205017737   -0.788730648309
0.860574554019   -0.144075310162   -0.488521997433
0.16696736943   0.985956735698   0.00334856360678
0.481179108566   -0.0844489214528   0.872545153643
