0.0634264311565   0.330547990676   -0.941655517529
0.57960502288   0.755914183004   0.304387525015
0.812425445985   -0.565094482183   -0.14364233681
0.588980791469   -0.331463703475   0.737043716858
0.595191622505   0.794848332889   -0.118165393431
-0.546670430681   0.508279392641   0.665434819675
0.912137084691   0.192397921091   0.361923995739
-0.105041355428   0.963223925454   -0.247317575361
-0.396197239241   0.187570545108   0.898802001681
-0.609129754875   -0.608915669988   0.508116766665
-0.793065366002   0.470006548086   -0.387480541451
-0.00287523401967   -0.638995736761   -0.769204902109
0.709960974867   -0.289315590543   -0.642068456813
-0.133715989994   0.839752418911   -0.526247003747
0.691430002375   0.459469655148   0.557505325367
0.0159434279818   -0.545560097915   -0.837920035962
-0.994719728561   -0.0936266343176   0.0420323084788
-0.101382783124   0.832825451645   -0.544172122013
-0.779160771758   0.320591796826   -0.538636604365
0.622982306279   0.301068891236   -0.721976847824
-0.0692931296552   -0.898097111975   -0.434304086609
-0.964142892322   -0.264530557638   0.0212618734693
-0.1830364503   0.604824321009   -0.775038836819
0.19216175751   -0.751139883638   -0.631555804471
-0.842439681858   0.516034731707   -0.154930752607
0.520917388354   0.853543326104   0.0104338379545
0.137624332665   -0.0719162438967   -0.987870232835
0.81823332943   -0.418227489277   0.394436288673
-0.314114250089   -0.899885363238   -0.302553418284
0.481483599409   0.123661231749   -0.867687411028
0.591212912043   0.290619908168   -0.752334607477
0.555576976144   0.529442596958   0.641112127559
0.584637936   -0.797013554151   0.15155156972
0.26664910521   0.21487110556   -0.93953640839
0.355030096614   0.884383102061   0.303018414106
0.896020024995   -0.414363290826   0.159534253461
-0.153220904631   0.924563268632   0.348864037532
0.858819804447   -0.0500466174916   0.509827303672
0.488827063363   0.377727545165   -0.78636505756
-0.602488885174   -0.520267060205   -0.605251459573
-0.727031712974   0.670628561131   0.147248841509
0.329290193566   0.528752795796   -0.782296906147
0.668458219552   -0.714530972264   -0.206419714147
-0.324789941099   -0.0307655105884   -0.945285659216
0.669085273245   0.698927015527   -0.252637930826
0.88630735227   -0.30856467454   0.345321761459
0.0486651493433   0.803608465493   0.593165354204
-0.460533365296   -0.50892167945   0.727260437282
-0.314325092547   -0.520633249607   -0.79381405606
-0.861152870014   -0.19553690896   0.469234538052
-0.399519049185   0.831087442233   -0.386882660119
0.661322269617   -0.706910081525   0.250860503761
-0.677113982756   -0.706498934088   -0.205854100003
0.322753017127   -0.0337252541938   -0.945882179324
0.0592725376317   0.910044243562   -0.410251436369
0.964624106744   -0.15797262939   -0.211056819486
-0.256879541752   -0.383228552073   -0.887214054164
0.453779486336   0.247220853137   0.856134351346
0.749727651918   0.413375691395   -0.516748474321
-0.481656128094   0.876357454203   0.00223309917728
0.833546667448   -0.410596490636   -0.369608543008
-0.335201592618   0.155914111681   -0.929155897622
0.43913533847   0.898388174264   -0.00767090938481
-0.528649681724   -0.156786425789   0.834234697616
-0.47570536486   0.868681504245   -0.138191352933
-0.703017723717   -0.469904735952   -0.533812344624
0.980472725932   -0.187604419275   -0.0589730071439
-0.0965925221179   -0.720635482221   0.686552537274
-0.171298331498   -0.66744968622   -0.724684619675
-0.417375152348   0.724325660552   0.548771646196
0.575976954377   -0.256233430405   0.776269912575
0.702885858607   0.640075594448   -0.31024942089
-0.0460328596917   0.74943801585   -0.660472282708
0.724405141279   0.480305387782   0.494513827669
0.687835857683   -0.455685631621   -0.565006582276
0.823318390711   -0.370025534554   0.430381146537
0.223068219326   0.908208858907   0.354114724532
-0.52190746023   -0.195544809139   0.830285993243
-0.00530482729959   -0.583998005837   0.811737758137
-0.513427852426   0.698175707278   0.498941401488
-0.85811636691   -0.414121975926   -0.30354454351
0.829478527353   -0.000149997074591   0.558538584308
-0.186076652645   0.94279989959   0.27659325493
-0.526631609382   -0.333359155916   0.782004361347
-0.893182376945   -0.440056287085   -0.092605106349
-0.245548279523   0.64977404178   -0.719374545737
0.376737685862   -0.619793642132   -0.688421787302
-0.862942954062   0.440972046078   -0.246724770978
0.359530358136   0.878925000501   0.313414685478
0.355059684581   0.181753949262   -0.917004973985
0.865310048085   -0.465820242255   -0.18506761626
-0.202936747414   -0.663191730393   0.720411969134
-0.458317790656   -0.585822695556   -0.668398512958
-0.28550607368   0.468738646741   -0.835924854843
0.892694280663   -0.187275060939   -0.409908493229
-0.348687830535   -0.863256701452   -0.364972141724
0.994167037589   0.0603925029328   -0.0893568517904
0.107730208427   -0.516820770556   0.849288227467
0.00510916477138   -0.853960793428   -0.520312271356
0.0790776482712   -0.404369593183   -0.911170652322
-0.807650021457   0.509791475462   -0.296334429973
0.584335664139   0.759340426723   -0.286275999623
-0.343159583462   -0.209306421707   -0.915659501186
-0.21258516949   -0.932251952826   0.292769264383
-0.914903845217   0.29512220907   0.275415750678
-0.600656089697   -0.691866487258   -0.400665728095
-0.259759576926   0.642831672839   -0.720619457536
0.756133072981   -0.32876770552   -0.565839704954
0.906625182014   -0.318853849668   0.276338563884
-0.410681047337   -0.516585832656   0.751318943494
-0.0968083503427   -0.794651684731   -0.599296957487
-0.01859394928   -0.0341546058078   0.999243577887
0.774248924823   0.631856223385   0.0360043799854
-0.632607988771   0.774332729433   0.0146954642552
-0.564202144581   0.786418163362   0.251440673681
0.484614364538   0.0688705590467   0.872012479141
0.668449592512   0.61384307313   -0.41996645561
-0.281295813051   0.922819003294   0.263206673016
0.87217633289   0.360252020786   -0.330948524498
-0.400226323357   0.136468196586   -0.906198279304
-0.729274025624   -0.129147430762   -0.671922865094
-0.60351863905   0.584099818761   0.542763902662
0.322373460179   0.801341589362   -0.503911707836
0.671782083271   -0.737178601085   0.0726398148302
-0.21694412474   -0.289560283179   -0.932250014291
0.708268366749   0.61051007568   -0.354447976656
0.0535182307753   0.284842136202   0.957079284289
-0.952706903196   0.30168908018   -0.0365137713624
-0.299141029571   -0.909861888608   0.287516935298
-0.234761505961   -0.968602718711   0.0818279207979
-0.00832818610464   0.0861816333645   0.996244632299
-0.972017323217   0.233198412032   -0.0282988337367
0.836475839493   -0.350773671875   0.42102969143
-0.547833818533   -0.51612179493   0.658404435041
-0.0136483412001   -0.781393706098   -0.623889091799
0.11399668297   0.412610796311   0.903746140812
0.993439127492   -0.038978075672   -0.107514694705
-0.00913543832943   0.910073096173   -0.414347080815
0.777873324775   0.543631763456   0.3152421234
0.261415863419   0.176251161093   -0.948998037177
-0.571467266741   0.820609550258   -0.00501289015099
-0.165689630536   -0.37678725333   0.911360692624
0.111120660071   0.911115756199   0.396888243352
-0.979897517722   0.167031268132   -0.109093584723
0.48024340019   -0.431941921919   -0.763408444192
-0.868128517514   -0.109660465655   -0.484073816018
0.125376048967   0.895209896261   -0.427644815221
0.0831417581531   -0.986499678175   0.141088032844
-0.925922064281   -0.128817914216   -0.355069395829
0.368450510827   -0.10111542878   -0.924131966298
0.645026880044   0.594609145439   -0.479979466414
-0.170989243636   0.724495238776   0.667734473838
0.744783862997   -0.348635358434   0.568990671513
0.518471787156   0.828537802436   0.211452396196
0.828600918998   -0.547882773947   0.115086850017
0.211204931188   0.115540365006   -0.970588945484
-0.850431309747   0.482744012064   -0.2091047733
0.526023839259   0.774160370009   -0.352100329507
-0.0080936970461   -0.409431240044   -0.912305076026
-0.215950102441   0.856076390089   0.469572963009
0.708123334642   0.46842831437   -0.528333471619
-0.672255082683   0.218421905104   -0.707364810532
0.867451411811   -0.331461919489   0.371027012595
-0.462085538961   -0.813165033055   0.353892050912
0.184404454474   -0.478430376277   -0.858544915671
-0.129548487996   0.721152153733   0.680556214007
0.81186072324   0.471194156483   -0.344758223914
-0.569297246891   0.507853953477   -0.646517599621
-0.517901851019   -0.85538056473   0.010087724543
-0.815633738971   0.497323313229   0.295653726459
-0.257913312096   0.144891723708   -0.955241912729
0.378582305908   -0.62065413785   0.686632273371
-0.732714801414   0.252294090097   0.632041701081
-0.565512561712   -0.742385434451   -0.359248394966
-0.388195724219   -0.269166316254   0.881392973589
-0.0886190888367   0.96286716668   0.255016619898
-0.917306239373   0.0208881192226   -0.397634190788
-0.654048582187   0.749401023509   -0.103046388113
0.723807587628   0.659575529819   0.202639326282
0.219824994554   0.057950206456   -0.973816587115
0.176450972458   -0.642953536833   -0.745302491477
-0.819343934916   -0.515548184818   0.250769985171
-0.545472795512   0.566410468318   -0.6177690594
-0.22015017354   -0.910521207083   0.349978617266
-0.881241490394   0.0318029271922   -0.471595175368
0.418267063847   -0.412237437983   -0.809390485505
0.250779660262   -0.966321500264   -0.0577262516274
-0.74982405019   -0.156186320304   -0.64293835405
0.612269104036   0.204520393796   -0.763739453457
-0.838606663276   -0.00384668857037   0.544723845007
0.416573823767   0.639813237041   0.645836876513
-0.3510058599   0.768520803036   -0.534949214072
0.809187631009   0.217023724106   0.546000074173
-0.464002123089   0.806120939945   0.367247954319
-0.360440574286   -0.550517695772   0.753002562446
-0.507547295592   -0.823705033992   -0.252795885461
-0.802131123382   0.558838421032   -0.210440680665
0.314613101495   0.0959668492371   -0.944356373519
0.640665225303   -0.767811029737   0.00378043693325
-0.506966622369   -0.419307367752   0.753104358741
-0.576656668124   -0.484404329012   -0.657890213595
0.776863495628   -0.451310808085   0.439091862446
-0.615000186306   -0.693482639011   0.375308673273
0.135121722921   -0.561605185068   -0.816297578154
0.857805615949   0.383576716166   -0.34210879565
0.426338476119   -0.902778853561   0.0567965257968
-0.287062761476   -0.194574521399   -0.93794228319
-0.29903372056   -0.855680520596   -0.422362025553
0.0113159190392   0.439404006027   -0.898218274953
0.954175447144   -0.273376967126   -0.121713803254
0.635123053659   -0.178658989148   -0.751465017354
-0.673468136704   0.348311772076   -0.652011946422
0.378231907108   0.920195563469   0.100899699779
0.944449170603   -0.268119698728   0.190072594819
-0.259193302879   -0.252049123795   0.932357265721
-0.20207571821   -0.929829589954   -0.3075424162
0.830547546339   -0.37487683716   -0.411895775932
-0.345235369019   -0.926864142601   0.147429308955
-0.437039258246   0.0197539393901   -0.899225482641
0.131695049617   -0.459067640202   0.878585975091
-0.13623228579   0.869514262877   0.474748049983
-0.981884503501   -0.182213743648   0.0519708900358
0.476199837043   -0.327420921571   0.816106154441
-0.855563973367   0.0418272633988   0.516004619661
-0.203086195188   -0.94395233998   -0.260211408609
0.908844840221   0.401762777719   0.112195039297
0.295386502815   -0.809778020766   0.506957957861
0.294529914199   -0.42760522392   -0.854637877769
-0.0461537077737   -0.118625408888   0.991865841548
0.961629326468   0.263538636725   0.0762654930632
-0.270441996995   0.957327216432   0.101910386823
0.529430082993   0.215190510562   0.820607598909
0.723215181459   0.391158501937   -0.5691702976
-0.443467686005   0.894811751447   0.0514620339999
-0.807078017209   -0.252486118947   0.533737607701
-0.366795204394   0.922772414166   -0.118120064711
-0.462694664081   -0.291104502529   -0.837360027966
-0.314723196234   0.820963064242   -0.476412591045
0.938403090112   0.344548889789   -0.026185931619
0.142649746665   -0.4553083677   -0.878831804206
0.836001368039   0.543473091941   0.07575428023
0.33557707924   -0.397136527207   -0.85420758756
-0.434154046999   0.739540111889   -0.514383792882
-0.37119331381   -0.893363130424   -0.253215009398
-0.561058117281   -0.0015044767711   0.827775045278
-0.739884661835   0.449332898585   -0.500670184287
0.416242622366   -0.908226027219   -0.0432153075684
-0.63704388449   -0.257386566452   -0.726586020128
0.64878129486   0.329966117795   -0.685715095757
0.0258830074828   0.656229726286   0.754117110434
0.976685708061   -0.177416584758   0.120865144303
0.21310818281   0.733407050537   -0.645522269657
0.108220083266   -0.176481390581   0.978336717279
0.80954383852   0.58683283315   0.0163094899038
-0.576998429038   0.790241447107   0.206376520419
0.453318693096   -0.729896803414   0.511617844545
-0.808021013504   -0.094186210262   0.581576305857
-0.376303340706   -0.677037380183   -0.632468324591
-0.0977571728429   0.170260163259   0.980538123667
-0.591868293848   0.782136825163   -0.194817631293
-0.800084656705   -0.599394247163   0.0243121075342
0.313255898571   0.689474631227   0.6530662102
0.594111482718   -0.678767652674   0.431631810441
0.740879401868   0.252782923824   -0.622252766414
0.802610543417   0.563938454417   -0.194395821011
0.368793043499   -0.212987050608   0.90478075098
0.468836865725   -0.797878396691   -0.37892223138
0.886445680738   0.327966145267   0.326576580086
0.387988632377   -0.141854088391   -0.910682292991
-0.252346738138   0.933978385821   -0.252993080118
0.350328276457   -0.251384506442   0.902261563314
0.776753548937   0.616263849165   -0.129895313327
-0.52337751473   0.746340872613   0.411158459648
-0.506722980459   0.00310682487728   -0.862103339937
-0.834859546292   0.247662558401   0.491602273326
0.215038040951   0.968841372369   -0.12290254734
-0.741813802608   -0.278631681599   -0.609980875329
-0.254736872422   0.958496546314   -0.128037090454
0.620339752141   0.0604049394739   -0.782003730936
0.194294612597   -0.681481131783   -0.705572866923
-0.91465916174   0.134056033438   -0.381349705312
0.354468928622   0.719452880264   -0.597276595655
-0.310427184567   0.568108469487   -0.762159911077
-0.232066530133   0.73221980552   0.640311863088
0.921835174393   0.375642014845   -0.0954619714723
0.267873782539   -0.372797588694   -0.888406210296
0.00696490133793   0.922830670009   -0.385142888602
0.963428838461   0.096982020785   0.249798640642
-0.51092361048   -0.843585177017   0.165290995674
-0.196133720802   0.30160852267   0.933040118409
-0.836951986495   0.444293088079   -0.3195544149
-0.662761858702   -0.720611481018   -0.203631559628
-0.666957172828   0.691691187481   -0.277004387646
0.340462697317   -0.047774413517   -0.939043533149
-0.225407037227   0.965635210249   -0.129384343356
0.595188051808   0.241623105339   0.766400324868
0.77132538566   0.0957440112981   -0.629198087847
0.00853833431499   0.72892257405   -0.684542897038
0.927109707723   -0.262282540162   -0.267722727776
-0.374692789748   -0.632360459044   -0.678030650593
-0.879497919848   -0.456640587959   -0.134025305109
-0.475820638019   0.848985382176   0.229822847618
0.00883908461648   0.265900722601   -0.963959893513
0.522329065232   0.0689003369042   0.849955934851
0.167076012314   0.969143419954   -0.18123641375
-0.836216451478   0.236672294818   0.494700183083
-0.645903896761   0.00411212525355   -0.763407654269
0.221132248853   0.95812333952   -0.181934589305
0.730690553305   -0.286326311565   -0.619764922079
-0.0896152715178   0.825449162514   0.557317488705
0.848581752405   -0.229668541828   0.476614488219
0.521419325108   0.515641387982   -0.679879288112
0.265762724137   0.729668014828   -0.630043460876
0.519665535609   -0.658895642896   -0.543878904597
-0.811983931834   -0.182869133269   -0.554293220719
0.00519079988767   0.984975936173   -0.172613616963
0.755419917579   0.109240589915   0.646070616607
0.655220423769   -0.133749387584   -0.74350339448
0.904695397183   -0.249925932968   -0.345055454017
0.279054170352   0.959576863114   0.0366198550609
0.321954978725   -0.129418977765   0.937867645176
0.882392201849   -0.231459008481   0.409647079214
-0.254078156857   0.498384169871   0.828889322787
-0.396015520307   -0.835487849472   0.380961626757
-0.874543296256   0.393253407669   -0.283770647404
0.482236896048   0.643438548636   -0.594503498912
-0.0512015533075   -0.656763725769   -0.752356171936
0.45170495133   0.708157223303   -0.542656414342
0.850729817658   -0.525104511746   0.0228916816771
-0.268740421766   -0.471994278382   -0.839642773376
0.41317346517   -0.394420603948   0.820804529022
0.818467379779   0.556001569561   -0.144821969626
-0.399247837715   0.731638327201   0.552545493378
-0.508850862513   -0.743152869059   -0.434505020604
-0.501956904865   0.666190313919   -0.551570241492
0.699364043528   -0.0625641978285   -0.71202222983
0.880649061636   0.423552131607   -0.212275344895
0.251459135507   -0.0381353263072   0.967116332225
0.401528994481   -0.905068665184   -0.140089892184
-0.00216580577601   0.999556942858   0.0296854723344
0.99946126102   0.00313586415911   -0.0326703852877
-0.032749000049   0.0295987219041   -0.999025234243
0.176420060916   -0.885315287095   -0.430224132935
-0.670423185983   0.211947626536   -0.711063256904
0.720700155279   0.413878056991   -0.55614408219
0.63786006824   -0.674579136082   0.371587839559
-0.76744611665   -0.597152400308   0.233314099118
0.0645057468989   -0.433995391649   -0.89860280917
0.281082005838   -0.849259425263   0.446935492661
-0.588352900325   -0.520420137024   -0.618872964081
0.758177928114   -0.0890017392598   -0.645944981977
-0.935751899982   0.168456546139   0.309823778545
0.337820010371   0.680341261771   0.650394809424
-0.101222637201   0.713272850735   -0.693538620503
-0.227061228934   0.58650062422   0.777470395639
0.901325590822   0.428919952212   -0.0603312018683
-0.368856852498   0.687055086859   -0.626019113106
0.715304114213   0.497731971287   0.490512903958
0.651919040202   -0.222491433164   -0.72491318597
-0.251677550077   0.838308085926   -0.483629986519
0.369514792306   0.30405881357   -0.878070074741
-0.586645744348   0.809157924313   0.0333200264071
0.720628606776   0.50280382995   0.477370631358
0.999909134146   -0.0096024487275   -0.00946131231263
0.0098963669168   0.999453988667   0.0315243787994
0.0091534350978   -0.031615146928   0.999458201783
0.728022052993   -0.632639229602   0.264105084243
-0.414886501801   -0.713267540009   -0.564905839049
0.545759178556   0.301690274183   -0.781747975682
0.987110099522   0.000289679263272   -0.160042392844
-0.0788711130646   0.871014278391   -0.484885011485
0.139258748182   0.491257613605   0.859809838354
