0.0595114869222   0.32504961819   -0.943822615034
0.581623799342   0.757133044518   0.297427821396
0.811278089791   -0.566650067163   -0.14399848063
0.584554493188   -0.355663420069   0.72924589551
0.606930163403   0.788168750525   -0.102106794325
-0.538453174607   0.502288315931   0.676590442169
0.914326369311   0.196711267603   0.353994304447
-0.106242427796   0.960002331526   -0.259052253416
-0.390793854761   0.199249091997   0.898654528959
-0.587707878259   -0.623140831794   0.51603774434
-0.809071417826   0.451305955425   -0.376465636486
0.00170020261698   -0.638763209921   -0.769401501793
0.706782717711   -0.301828539955   -0.639810692639
-0.121056036271   0.839472806997   -0.529746016875
0.696996144917   0.451868275919   0.556786705293
0.0307976164798   -0.569221808937   -0.82160698576
-0.996487655432   -0.0815256098459   0.0191292317929
-0.077870786493   0.818132084183   -0.569733300273
-0.782703194055   0.309389180605   -0.540050039295
0.618151648161   0.285273770059   -0.732466665449
-0.0725551507132   -0.907136820464   -0.41453412292
-0.964162324219   -0.264358415341   0.0224864579641
-0.183936128993   0.604949110938   -0.774728387002
0.191202805954   -0.751099994284   -0.63189420442
-0.827574604791   0.538496742338   0.158560814818
0.545374617083   0.838192400814   -0.000162045679905
-0.132991731118   0.0863409387763   -0.987349199496
0.80558310933   -0.432475413792   -0.40497020931
-0.515508064491   -0.848539604103   -0.11929784454
-0.2920398764   0.304869737319   -0.906513736166
0.546336868817   0.30432729619   -0.780321038142
0.54519664797   0.578037189855   0.60715205854
0.635827524424   -0.757137968894   0.149884806596
0.268684902366   0.219483466074   -0.937888816097
0.351644650786   0.88413883144   0.307643570247
0.896746598998   -0.412462767848   0.160374568822
-0.1875523881   0.908563916252   0.373276990721
0.837509804333   -0.0506425761698   0.544070452354
0.513226489343   0.414664852095   -0.751433051623
-0.608050372026   -0.500878113167   -0.615951183804
-0.726923375848   0.663159015459   0.178332627024
0.319150670883   0.556184534095   -0.767334094974
0.660039402183   0.726822589234   0.189939230666
0.306017578384   -0.0292255973436   -0.951577167748
-0.686076693444   0.68620316834   -0.241710534472
0.807210685607   -0.00394640493244   0.590250230775
0.272971767181   0.889117442679   -0.367364379665
-0.523352007128   0.45766210135   0.718782357618
-0.299266857172   -0.520417819784   -0.799752862482
-0.862254660039   -0.21142587764   0.460234722184
-0.408602801554   0.827323631425   -0.385459932349
0.641115891084   -0.712158775052   0.286007505701
-0.678239497106   -0.70016569683   -0.223067661371
0.359112237003   -0.0509693643429   -0.93190156408
0.0715097131085   0.913327697663   -0.400897589932
0.966489310181   -0.162795204499   -0.198484595619
-0.246545683874   -0.373269658657   -0.894362894852
0.452185152886   0.245125924857   0.85757907418
0.750529580615   0.414922307162   -0.514339214566
-0.481906563693   0.876215019263   0.00364744931896
0.847613447131   -0.405891768675   -0.341765001667
-0.3114749219   0.140841523118   -0.93975903209
0.429575159046   0.903003619865   -0.00704593803848
-0.526066824806   -0.187115120113   0.829603295355
-0.44993815657   0.889024853761   -0.0847966075891
-0.721671220919   -0.417878859505   -0.551876714202
-0.714940758132   0.123423992262   0.688205078807
0.212727790706   0.976030530639   0.045948779333
-0.666037986472   0.179251001099   -0.724059720729
-0.437196317666   0.72882238982   0.5269509502
0.580428641291   -0.218907909803   0.784335336062
0.686994885126   0.648765944793   -0.327323657392
-0.0194107903222   0.721353647451   -0.692294833525
0.766954491427   0.454953688075   0.452546074766
0.641407849419   -0.522174354995   -0.562076430466
0.822824686511   -0.36504193213   0.435550138394
0.216770398296   0.910074671491   0.353234605799
-0.525328592113   -0.196235776804   0.827962191293
-0.000875556112189   -0.602860494765   0.797846136328
-0.498339453537   0.691981459633   0.522321212065
-0.86698155831   -0.397140886055   -0.301035038117
0.829098999898   0.0185714150266   0.558793298914
-0.203310552733   0.941040882659   0.270382832873
-0.520825947429   -0.33778271079   0.78399181933
-0.881121392851   -0.467299335825   -0.0725011848058
-0.267407525217   0.618810381924   -0.738625024407
0.390023469189   -0.631430947896   -0.670206424561
-0.858368213161   0.449622575372   -0.247069930081
0.372435231072   0.877321093976   0.302654417976
0.352839920205   0.167771385462   -0.920519827559
0.879297126366   -0.448032262684   -0.161566256255
-0.207486566898   -0.66569481217   0.71679825727
-0.4287025637   -0.596755819966   -0.678304211422
-0.295847660988   0.465878286306   -0.833925406638
0.891720130348   -0.178326535339   -0.415974585671
-0.342504555617   -0.86669318051   -0.362675557819
0.995686582767   0.0563870018412   -0.073679949245
0.0922666301264   -0.518304570709   0.850204234845
0.00975181329231   -0.853335149871   -0.521271545484
0.0905549070002   -0.411902817272   -0.906717088149
-0.810753386915   0.498236693754   -0.307309522473
0.578341382251   0.762952335419   -0.288833826716
-0.362830936079   -0.902243908248   0.233044291611
-0.902589569146   0.278085662763   -0.328634194558
0.231701923796   -0.329581999197   -0.915254021741
-0.617687508489   -0.645060889558   -0.449842851034
-0.285222848874   0.716819653966   -0.636252709361
0.732877935501   -0.264699891295   -0.626756650712
0.897086799248   -0.321315070984   0.30330166464
-0.433814256255   -0.510136293315   0.742674998443
-0.0839074828871   -0.797820523302   -0.597027593092
-0.0265217185948   -0.0927722817741   0.995334065615
0.80269844104   0.591456174971   0.0765167030078
-0.595795108399   0.80098245725   0.0587817317188
-0.590135242877   0.37344071174   -0.715739079501
0.733424532056   -0.122514074618   -0.668639482304
-0.337385315164   -0.919528322746   -0.201590706075
-0.289845291644   0.928945154458   0.23032717365
0.854347057517   0.35959978146   -0.375205413722
-0.431370852313   0.0880278205078   -0.897869862838
-0.723900307503   -0.0977586343492   -0.682943331619
-0.631599977069   0.492190564325   0.59902413754
0.277578482163   0.864980749958   -0.418041252077
0.670508027719   -0.738534219413   0.0706129699124
-0.219481609582   -0.288378048959   -0.932022491109
0.708693733441   0.60943031401   -0.355454476053
0.0557747618639   0.296021180144   0.953551591074
-0.95788132613   0.285314179708   -0.0325451057105
-0.281695830615   -0.911574067073   0.299466491031
-0.226872943267   -0.9708624693   0.0771669185418
-0.0132118565523   0.0822936668497   0.996520546322
-0.973834746997   0.225064031112   -0.0314971020866
0.828389745695   -0.311730677768   0.465397049588
-0.558437947831   -0.524546795065   0.642648985217
0.043789127067   -0.792259202734   -0.608611426138
0.110917184528   0.393867575847   0.912450388171
0.993761259588   -0.0547258525218   -0.097178392696
0.0116592074205   0.917536600775   -0.397480375768
0.779068156462   0.542224349459   0.314715049594
0.262197737928   0.174183129734   -0.949164149946
-0.569477966046   0.821981138574   -0.0064694681088
-0.16372073507   -0.361691557837   0.917809750383
0.0807112260157   0.922333304903   0.377871635165
-0.983199480728   0.135942972074   -0.121812517586
0.47005940875   -0.450449142804   -0.759038682803
-0.869756021274   -0.0900218551926   -0.485201534458
0.150228544894   0.88825201116   -0.434096474258
0.0859889287122   0.982671934586   -0.164200405347
0.916692817979   -0.142589942302   -0.37328593038
-0.390230933685   -0.118422875034   -0.913069461248
0.641855285062   0.580599676754   -0.500924952854
-0.152007179728   0.736616723657   0.659006539983
0.751608681662   -0.34684264124   0.561056656558
0.505080596041   0.830499455178   0.234870701559
0.83030693145   -0.541838516692   0.130389498863
0.235550400314   0.129157565696   -0.963241575169
-0.844279989731   0.491015667627   -0.21469725914
0.535716230417   0.762738342281   -0.36226832829
-0.0141215935472   -0.420872706836   -0.907009782325
-0.218820446901   0.854129132037   0.471784948703
0.70929417614   0.471271272073   -0.524218618338
-0.670089086398   0.219924564166   -0.708952609392
0.87467306423   -0.351397265013   0.333866729177
-0.463274592821   -0.808639500849   0.362600067999
0.142561153044   -0.471828485583   -0.870088614932
-0.12070436723   0.658159978872   0.743139218409
0.865346731258   0.436584996767   -0.246106837162
-0.486421104013   0.61336692347   -0.622234302139
-0.517178660898   -0.855759378949   -0.0142168227799
-0.807604224582   0.482441663854   0.339154031989
-0.283375456146   0.18688479424   -0.940623423339
0.359428972018   -0.612752674808   0.703807483333
-0.741353592068   0.27055985923   0.614159762691
-0.566750090965   -0.742517018051   -0.357019344446
-0.394863736873   -0.261246579506   0.88081374535
-0.0457831539168   0.96312370253   0.265135128645
-0.917598241126   0.0643658163978   -0.392263316612
-0.648691696004   0.755456684744   -0.09211015694
0.725373426035   0.650358839325   0.225536633197
0.230287811961   0.0794894809876   -0.969870582127
0.164103845596   -0.660555972686   -0.732622504987
-0.833034411136   -0.490572099136   0.255719935516
-0.528321490882   0.568335132212   -0.630770623741
-0.1864360981   -0.916058130091   0.355076165936
-0.887411430307   0.00192625489621   -0.460974232359
0.421595226113   -0.401040885488   -0.813279578914
0.233237336779   -0.971733420068   -0.0365308781122
-0.735840413268   -0.151809169982   -0.659918829941
0.635719459301   0.180798606833   -0.750448287915
-0.83508008822   0.00653700999379   0.550089550684
0.428130237434   0.635648860695   0.642382304935
-0.345464536626   0.771950641816   -0.533616398309
0.808368479694   0.215072782818   0.54798184197
-0.463443031479   0.8064994529   0.367122852797
-0.362988922161   -0.550728908414   0.751622719072
-0.442320388933   -0.861165482523   -0.250492884581
-0.843758499706   0.49424859671   -0.209260409103
0.304013597868   0.118795354938   -0.945231927059
0.648981780114   -0.760748849176   -0.00915628513736
-0.493915307199   -0.430443663819   0.755490517208
-0.578679806451   -0.485777151331   -0.655095596726
0.771046671054   -0.443858828338   0.456592128231
-0.618315955363   -0.693276368965   0.370207044202
0.152224867877   -0.567765107011   -0.808993431901
0.85892777054   0.37416209735   -0.349636682719
0.418214274685   -0.906541443543   0.0572663215911
-0.295533256074   -0.195410685598   -0.935133551162
-0.308413679987   -0.839972196087   -0.446461321742
0.00879400819298   0.466802881751   -0.884317666348
0.951211683818   -0.276661850271   -0.136581672219
0.628772993518   -0.163220464561   -0.760265481637
-0.683459902719   0.350287143383   -0.640454119007
0.370846442609   0.92231122574   0.108696452906
0.947931982118   -0.272480698985   -0.16486123243
-0.236291186205   -0.254680718937   -0.937712219563
0.213521503833   0.927842659117   -0.30580478629
0.809943336612   -0.371933087461   -0.453494840025
-0.340193898644   -0.92777161776   0.153322981327
-0.4777655312   0.0300932505675   -0.877971806761
0.145855612489   -0.525759319311   0.838035368265
-0.0943960389806   0.835833275097   0.540806919395
-0.984792124324   -0.157986943757   0.072281377078
0.0338574987158   0.851610017953   0.523081300664
0.323572352397   0.485851622211   -0.811941582849
-0.945597484423   0.19674495805   -0.259107736159
0.910075148375   0.406067951841   0.0828977852355
0.31420770617   -0.806456569727   0.500900507613
0.270253106722   -0.429809980842   -0.86152576205
-0.0691872232947   -0.146450804481   0.986795465131
0.957839780132   0.266737225434   0.106743656329
-0.278847778783   0.952577248541   0.121821598386
0.517947393926   0.206269641747   0.830170664394
0.730871061268   0.397559115595   -0.554774045364
-0.444474958717   0.894091485533   0.0551581958829
-0.80328129273   -0.307534359129   0.51006056768
-0.33589013008   0.941116093396   0.0384489176093
-0.491850572086   -0.140439014185   -0.859278708004
-0.235825279025   0.845266326561   -0.479490641156
0.964661002081   0.263292709689   -0.0103004897837
0.117539733019   -0.464975038263   -0.877486538333
0.832474792569   0.547295996662   0.0863296691367
0.346326605144   -0.392375212366   -0.852114766497
-0.432485378141   0.73926232472   -0.516185638056
-0.37593196966   -0.89543490732   -0.238477422285
-0.565615490158   0.0178843121547   0.824475147395
-0.733998822534   0.444833090193   -0.513195138703
0.42412634363   -0.904989527181   -0.0333286713733
-0.630190678977   -0.268510731953   -0.728533935356
0.650366475746   0.329993852256   -0.68419843957
0.00543263630883   0.638602695373   0.769517435757
0.972862458639   -0.181385575064   0.143659005081
0.231320390461   0.747854177385   -0.622257990178
0.0989971069537   -0.197419650596   0.975307671645
0.812310382363   0.58215093902   0.0353854052188
-0.574762051215   0.788749494932   0.217997290636
0.451954420989   -0.726702371501   0.517340182667
-0.811115331895   -0.0934170653115   0.577377840129
-0.371253444041   -0.680571021394   -0.631659690912
-0.0978599350578   0.154020714584   0.983209566974
-0.574146365667   0.798225172958   -0.182188155621
-0.812883376569   -0.582335120644   0.0103161699285
0.302891158335   -0.708405950141   -0.637509181116
-0.615601306195   -0.656084267473   0.436564389048
-0.727524554921   0.26021999112   -0.634817751963
0.798632909642   0.568123389274   -0.198547954399
0.373371689052   -0.208990621907   0.903834333144
0.47199476422   -0.795964028405   -0.379027977905
0.877989145162   0.350143663291   0.326396194887
0.391890378127   -0.134232053295   -0.910166845918
-0.274876322208   0.927028139235   -0.255072218332
0.353243800658   -0.230153377005   0.90677904715
0.76338889611   0.631205295925   -0.13717604635
-0.540792206483   0.740681643791   0.398665890136
-0.499667549008   -0.0111450955759   -0.866145557808
-0.840595339758   0.247638038895   0.481741503784
0.20912153223   0.968788515898   -0.133105207337
-0.754530993289   -0.226016633404   -0.616116435093
-0.221785635711   0.971406313123   -0.0847402302141
0.617652096215   0.0727066451545   -0.783083413049
0.180227077235   -0.734647280067   -0.654073065126
-0.8853110027   0.168629045869   -0.433345905012
0.428652107346   0.657158747017   -0.619999800073
-0.307749240766   0.60525381313   -0.734137743544
-0.250292831697   0.692910553492   0.676186707396
0.917956373258   0.391845360506   -0.0617520059717
0.266112301815   -0.380254134572   -0.885771435509
0.0258396075119   0.921389076124   -0.387781491413
0.963595640041   0.0803054390421   0.255018585507
-0.514578833742   -0.833634304264   0.200655103578
-0.222836153529   0.355992534224   0.907531467358
-0.827981082222   0.422283272602   -0.368950084887
-0.655250427563   -0.726307981259   -0.20766221018
-0.672637436973   0.686087679174   -0.277204932979
0.343810639102   -0.0419572740455   -0.938101184092
-0.232011844695   0.963836182463   -0.131111850352
0.588878415593   0.246460035174   0.769727005317
0.774204569592   0.101376843711   -0.624763971426
0.04769464345   0.721893072949   -0.690359045871
0.921288442257   -0.298840136701   -0.248841674288
-0.385944072569   -0.624151395037   -0.679324818422
-0.854021257965   -0.506911094099   -0.116999288992
-0.519603662993   0.842232351456   0.143724387512
0.0256850997638   0.18353694135   -0.982677193595
0.522321585952   0.149470977801   0.839546656025
0.0922568285783   0.968834809107   -0.229886472512
-0.847743380056   0.19752857884   0.492253615642
-0.648718213612   -0.0422093165031   -0.759857258237
0.231303366439   0.940290617543   -0.249704439754
0.725026504322   -0.337745359937   -0.600220492685
-0.103211703662   0.825497883454   0.554887906374
0.848823891298   -0.217709539967   0.481768157694
0.518502985322   0.520726224248   -0.678232153168
0.280071836628   0.753030822227   -0.595402676431
0.552926521035   -0.633551701569   -0.541188048436
-0.784749659867   -0.177642399809   -0.593810701422
-0.163653962192   0.960700142644   -0.224215558239
0.720763342798   0.271623290139   0.637746808629
0.673585617655   -0.0572365631499   -0.736889673892
0.905736094294   -0.256935559713   -0.337084923494
0.287986549804   0.95659208442   0.0446691297984
0.310975681725   -0.137534367267   0.940413963739
0.885395233554   -0.236398832365   -0.400238519455
-0.244355466155   0.49576036861   -0.833373903525
0.395431013654   0.835665751944   0.381178520471
-0.87945278304   0.398876307904   -0.25973157952
0.475537877387   0.712611112378   -0.515799505317
-0.0206525924979   -0.577133514456   -0.816388618807
0.477471300959   0.696216480358   -0.536007247376
0.836820727585   -0.546302297904   0.0358450720694
-0.26786606102   -0.465656967934   -0.843452050546
0.414995651715   -0.384069849831   0.824784189654
0.815137958046   0.559630920854   -0.149543778784
-0.404139478899   0.734372918122   0.54531431186
-0.492927643714   -0.767574978585   -0.409696217109
-0.499879790528   0.635245192683   -0.588713631739
0.712139405653   -0.0853943641266   -0.696825135519
0.876075425033   0.427779952499   -0.222477328943
0.261033946254   -0.0328340212484   0.96477106401
0.405404894588   -0.903286355088   -0.14043016825
0.0206510425586   0.999428980776   0.0267440987906
0.999259405186   -0.0197640645049   -0.0330154947818
-0.032468070206   0.0274060966375   -0.999096957394
0.188325424089   -0.873596170593   -0.448735183994
-0.692426623926   0.205918221477   -0.691478890877
0.69647606212   0.44093924386   -0.566121610691
0.62527667967   -0.686712810152   0.370748688783
-0.778351864857   -0.583186212217   0.232512830521
0.0565459842519   -0.433957783956   -0.899156934808
0.282848834925   -0.830709108313   0.479498606825
-0.559533450498   -0.548941425134   -0.620955416713
0.7790499691   -0.0926589938277   -0.620076976275
-0.936210131226   0.16944103361   0.307896616295
0.335709047069   0.690359745129   0.640861028634
-0.10397127446   0.703344267365   -0.703204675509
-0.222253283847   0.645258659098   0.730920474928
0.871952304715   0.466968550253   -0.147103879532
-0.436236926581   0.604633472386   -0.666420068685
0.703957524879   0.490023644487   0.514121222096
0.669250430609   -0.215296694467   -0.711161862362
-0.237797527942   0.84470359369   -0.479508263233
0.372667572003   0.298205223333   -0.878744858053
-0.588746400384   0.807946496828   0.0244976386196
0.717284153465   0.50822839653   0.476662711095
0.999885195427   -0.010316903816   -0.0110976331177
0.0107135181779   0.99928373794   0.0362936856444
0.0107152458403   -0.0364084136575   0.999279545934
0.731999986043   -0.610131384867   0.303176043964
-0.374084260092   -0.73184738859   -0.569614225739
0.569418112449   0.303544219207   -0.7639528259
0.989071698012   -0.00597222503663   -0.147314319465
-0.0679616067684   0.868224999304   -0.491494222335
0.130837289015   0.496134742899   0.858330892309
