0.165944467694   0.817066271037   0.552145866744
0.120233147986   0.538968030435   -0.833701028994
-0.97877798277   0.204734277426   -0.00879967251305
0.75488089976   0.450336670852   -0.476814125259
-0.00762780355677   0.732982921632   0.680204273134
0.655817538477   -0.509836169237   0.556749887052
0.900695879739   0.00804302573767   0.434375692167
0.0514120711841   0.990829910674   -0.1249515388
-0.431397416711   0.134875490171   0.892022909454
-0.139456162999   0.829259769592   -0.541184035273
0.978532677168   0.0316580102537   -0.203645586677
-0.151742298695   -0.557965912753   -0.815872680243
0.725262107574   -0.284420838682   -0.626976604393
-0.130999933672   0.837029422788   -0.531244541742
0.67589488333   0.467425429642   0.569806612262
-0.429300375891   -0.745266171115   0.51017601812
-0.742757916244   0.61269897571   0.27001973267
-0.513820895966   -0.263017703521   -0.816584248885
-0.747252086081   -0.400445441516   -0.530337403533
-0.662380091618   0.384521541303   0.642958627103
-0.0535436965976   0.831737116106   -0.552581610584
-0.909979821651   -0.273499399474   0.311664453186
-0.392158763209   0.323457234351   -0.86115439773
0.134715096892   -0.905855104738   -0.401594720547
-0.622434922494   0.781896107124   -0.0348316513792
0.746317543999   0.606341451624   0.274518063747
0.2357644795   0.144874157348   -0.960950876761
-0.952299976692   0.0495567974562   -0.301112542944
0.297554441514   0.369760381372   -0.880192352657
0.0677199677156   -0.927804584579   -0.366868612041
0.998726791489   -0.00574381279886   0.0501179067437
0.0504422617994   0.125754496303   -0.99077817122
-0.000611707768612   0.992044764593   0.125884115517
0.843236774404   -0.351624807689   0.406585463564
-0.306480298552   0.306905535016   0.90104318943
-0.441612467175   -0.884403187034   0.151027957349
-0.352601438034   -0.701135523847   0.619742831231
-0.579825883153   -0.356125197572   -0.732786983084
0.734489036602   -0.617724691551   -0.280966253694
0.622519864616   0.779976701161   0.0640730052381
0.611081589884   -0.535599653766   0.582848389578
0.488925653713   -0.323680861923   -0.810050824685
-0.019966334882   -0.678216138876   0.734591194437
-0.423378585063   0.67134415179   0.608315383916
-0.905732812526   -0.298864353121   -0.3005464716
0.815728912967   0.252446581438   -0.52043929933
0.0187092920554   0.887752045735   0.459941591745
0.578131735124   -0.384924705554   0.719441914421
0.0258402027689   0.919193081095   -0.392958469896
0.998746897249   -0.00688506242704   0.0495704193493
0.0428592420833   -0.393746963043   -0.918219148979
0.757044140606   0.653083858898   -0.0191217742004
0.651793644915   -0.752873651843   0.0913581280752
0.0452682388623   -0.081625586456   -0.995634495571
0.344219672174   -0.938603896211   -0.0231418309094
-0.932930411518   -0.339158603931   -0.120881308518
0.105610916025   0.0631994422689   -0.992397182607
0.39707055987   -0.582454830811   0.709282275386
-0.475166079781   0.530715253073   0.701825135744
-0.785208362626   -0.615700978236   -0.0660313759654
0.160131682037   -0.378824583771   -0.911509600711
-0.381710047142   0.827823766739   -0.4111024758
0.910305035342   0.41376290364   -0.0120403375314
-0.57557288888   -0.24981233895   -0.778658878416
-0.229285198349   0.963301433888   -0.139565917694
0.784948502416   0.0982045970005   -0.611728460852
0.62583886576   -0.388894294817   0.676082049576
-0.760891001831   -0.494891972252   0.419674640566
0.171378509831   -0.777073450879   -0.605628798838
-0.765751224633   -0.507618815598   -0.394902746723
-0.349536839676   -0.186942022861   0.918083146515
-0.539860203227   0.841056362116   -0.0342803824032
-0.158493728713   0.732779241435   0.661750956653
0.660717784297   0.5767586092   -0.480418066805
-0.733710947733   0.361087375466   -0.575572899339
0.84568178598   -0.200891621285   -0.494433892049
0.0118762284677   0.933302874117   -0.358893717511
0.533555313258   0.297637870186   0.791663076225
-0.0317414243212   -0.771986372407   0.63484607657
-0.249475241671   0.621181619824   0.742896699176
-0.967860839126   -0.134797784366   -0.212308677941
0.784449344326   -0.325803046795   -0.527723033919
0.262972438167   0.945356143078   -0.192736243136
0.561680267229   0.0124152064998   0.827261228251
0.697455304515   -0.716430547047   -0.0168335499473
-0.691332894644   -0.66646510856   -0.279075405624
0.188719172126   0.206280208697   -0.960121629125
-0.374283659698   -0.863762703537   0.337380688796
-0.906906177222   0.416869280599   0.0611652396057
-0.193475897495   -0.283079481413   -0.939379091417
0.791831978864   -0.598182740952   -0.123205242324
-0.510895335974   -0.538229220746   -0.670294939853
0.334646199722   0.593705953432   -0.73179588157
-0.780867394501   -0.182861027775   0.597333994356
-0.624640092499   0.241434925139   -0.742653289193
-0.00841493522267   -0.953032527056   -0.302750970825
0.711099972067   0.302578754076   0.634651818592
0.703062841317   -0.314079510018   -0.638009967496
0.00628286724196   0.899888979289   -0.436073810384
-0.276024327891   -0.0712485314674   0.958506216232
-0.489619031103   0.868579967661   -0.0764332319495
-0.827093540159   -0.490400327618   -0.274633836104
-0.561834431912   -0.812337911774   0.156362430701
-0.806345994804   0.495543444958   -0.322866594392
0.184792395148   -0.307479785034   -0.933438792388
-0.23046280431   -0.851567997565   0.470870316706
-0.735771431819   0.469172902894   0.488382220463
-0.63681026197   -0.233898992448   -0.734686307916
-0.325446142489   -0.931865923018   -0.160345257085
0.017724419232   0.163535079467   -0.986378251152
0.945394385913   -0.323855077002   -0.0367050324809
0.0119156530136   -0.393133252136   -0.919404301279
-0.451943149032   0.818077489511   -0.355663622389
0.891967159254   0.419756439275   -0.167925952462
0.798505264022   0.545415875443   -0.254776108821
0.447842584302   -0.821033231972   -0.354035940264
-0.402276475197   0.168599970722   -0.899859812686
-0.206199078919   -0.978175438301   0.0255884576599
-0.775700269241   0.179345928001   0.605081930199
-0.596465463846   0.104918358058   -0.795751917684
-0.659572908694   -0.699768253956   -0.274386584788
-0.241490061526   0.542982131767   -0.804271697104
0.711790810099   -0.464214178299   -0.527123387877
-0.0776008423942   -0.989576704208   -0.121309845655
-0.000999033240905   0.121753871645   -0.992559829602
0.996984018977   -0.0769022749701   -0.0104368330734
-0.0343061124676   -0.827523644606   0.560381738927
0.192962267961   0.544676858355   0.816145009504
-0.980606260866   0.136131300631   0.140995098248
-0.501129106984   -0.494405765682   -0.710234150382
-0.227796321005   0.867146581104   -0.442905906772
0.834852349608   -0.0601643164742   -0.54717620607
0.477743367526   -0.870136964834   0.120925384792
-0.347120801903   -0.313422203564   -0.883896883156
0.807012041511   0.380300162496   -0.451778024204
-0.148339772003   0.961428708509   0.231624931847
0.42947923474   0.273606024708   -0.860631921297
-0.890810225315   -0.0281878605463   -0.45350031371
0.0692136327531   -0.156309629649   -0.985280046307
0.675847904126   0.733809988785   -0.0689384506031
0.733784082998   -0.661127974874   0.156431191249
0.366685540159   0.909676791162   -0.195012390231
0.016251899746   0.203317813162   0.978977895597
0.930202973805   -0.362146351541   0.0597697330601
-0.185565048337   -0.671609473403   -0.717290962221
-0.625705827321   0.643609290408   -0.440748565373
0.757666039166   0.367025605997   -0.539661350273
0.640308609294   0.75928044228   0.116181301083
0.72301730053   -0.646843972548   0.242567223249
0.259327722939   -0.0713167906708   -0.963152660209
0.474817043722   -0.0915948370318   -0.875305178304
0.243799498525   0.96933592582   0.0308166692544
0.845642107428   -0.228031244381   0.482587994214
-0.299213560797   0.750490377047   -0.589266818819
0.742897038908   -0.204330505027   -0.637458220667
-0.59881147232   -0.628500745803   -0.49639859944
0.893523032937   0.4484660765   -0.0222433772592
0.448157165527   -0.887651496463   0.10597157955
0.0277802913909   -0.104656576069   -0.99412034299
-0.151303059453   -0.962559606198   0.224914162277
-0.547679098683   0.271048599417   0.79156822596
-0.822894270694   -0.00341408847431   -0.568184258775
0.573759434873   -0.600813213087   0.556617988075
-0.795265312974   -0.571188833508   0.203215069438
0.195839688645   -0.559255545745   -0.805530888187
-0.532246840122   0.810923527393   0.243138415588
-0.20228749186   0.157059048141   -0.96664998909
-0.822066315483   -0.563680284816   0.0804455256245
-0.425122637194   -0.66225513301   -0.616999890386
-0.804815486391   -0.0353482814925   0.592471534516
-0.414177207   0.748444136291   -0.517965826583
0.182968083493   -0.662519622805   0.726354224509
-0.683616325642   0.445231741521   0.578305659478
-0.706534804083   -0.602359083825   -0.371446031758
0.422003671098   0.906369783922   -0.0201673507541
0.169013033541   -0.0567979420925   0.983975913638
0.890700567944   -0.418649995726   -0.177157249006
-0.919453020458   0.393004609455   -0.0123904955051
0.232256821139   0.517409239639   -0.823616688054
-0.317274197605   -0.760154626872   -0.567011490412
-0.392531734211   0.913785531864   0.104474111698
0.885360015449   0.406180000651   -0.226175706875
-0.249111383327   0.00371605874071   -0.968467712669
-0.9502890629   -0.287299637226   -0.12004021862
-0.310810326358   0.852169282374   0.420956598881
-0.018646089813   0.437340182881   -0.899102844763
0.17267667054   -0.854848693912   0.48930203239
-0.954178068199   -0.0219211335136   0.298435385346
-0.244391044338   -0.518414096621   -0.819463143727
0.0936394811335   0.854745705777   0.510530509498
0.981728874605   0.00604704477991   -0.190188913213
-0.16565035297   0.519011738208   -0.838562296823
0.879711106493   -0.418402331273   0.225937731141
0.198859757797   0.755319822632   0.624457174177
-0.43192958442   -0.504411989189   0.747666623157
-0.829357863192   0.464739053138   -0.310134053517
0.454340406235   0.884041466618   0.109751899941
0.325177357644   -0.0498828303821   -0.944336471919
0.931097204807   -0.24640095199   -0.268969448167
-0.364420982591   -0.66064880223   -0.656308204341
-0.0159793815785   0.709104845913   -0.704921929792
0.344942727717   -0.864785441545   0.364911848374
-0.913647467081   -0.220262236327   0.341661905411
-0.215087942219   -0.451254575384   -0.866086884864
0.296839635328   0.9309508679   -0.212642214009
0.887006934254   -0.351283056473   -0.299698031974
-0.35370175036   -0.0996528641838   -0.930034609545
-0.354648303412   -0.842353999019   -0.405788616211
0.114920079175   0.391437572691   -0.913000568427
0.927910575493   -0.370427324697   -0.0420193099261
0.499362688279   -0.833652325413   -0.235925202952
0.0889089194108   0.320177661019   -0.943176263125
0.861819067498   0.450011177202   0.234003906813
0.542704622809   0.793863548542   0.274321632232
0.362864527055   0.0729491027666   -0.928982110621
-0.757496552216   0.603704475008   -0.248475105672
0.443821999941   0.811235858614   -0.380681510635
0.771468412256   -0.562028469672   -0.298262441284
-0.455915035651   -0.161308328018   -0.875283438911
0.127417548185   0.891818386984   0.434079147878
-0.47238646117   0.439387104664   -0.764061507064
-0.872132887402   -0.107698281843   0.477268573203
-0.295800466211   0.527123508986   -0.796644772615
0.11557457635   0.847587244054   0.517917349973
0.948232358002   0.0611283107539   -0.311638778354
-0.714361752343   0.633831425598   0.296555230404
0.355346038663   0.693648375651   -0.626562943914
-0.602840338367   -0.342212877903   -0.720745354878
0.316189146647   0.922356433948   0.221997855194
0.221572971509   0.155734080663   -0.962627827069
-0.922458593788   0.353561202488   -0.155127833995
0.635848439374   0.479821258671   -0.604539764365
0.491909378551   0.351636551376   0.796477813642
0.594745265021   -0.80381795455   -0.0124410247495
0.298539805677   -0.709689819386   -0.638133461848
-0.951950495237   -0.269270716413   -0.145888595919
-0.0682950180336   0.651025028751   -0.755977597858
-0.677461822356   0.714751217162   0.173712921107
0.509395274963   0.626257779147   -0.590184418958
-0.530624099754   -0.311338870206   -0.78835662929
0.879430726447   0.44035391992   -0.180803822582
0.378808462282   -0.417364260301   0.826021318876
0.288280672181   -0.794918546484   -0.533852745888
-0.316800720611   -0.942245033729   -0.108681165053
-0.847789752212   0.332680625572   -0.413008638272
0.425311456782   -0.0387026569527   -0.904219145456
-0.222516267458   -0.972024001295   -0.0752052710774
-0.435101833198   0.168042044375   -0.884561051177
0.872452225993   -0.164107280208   -0.460321508792
0.0272207633076   0.996246759414   -0.0821671012063
0.844424320472   0.0210739910365   0.535260181656
0.534982808283   -0.0839540911974   -0.840681343182
-0.0274615364452   0.0206316963029   -0.999409905107
0.23834729689   0.971086183713   0.0134977323121
0.970791631291   -0.237835985124   -0.0315850272026
-0.182266924641   0.921176451872   -0.343820678029
0.438993818027   0.389130898197   0.809852791482
0.87980858251   -0.00332575601116   -0.475316452515
0.260217736747   0.666719217879   -0.69840690959
0.42641741929   0.56961172356   0.702645477733
0.866288007177   -0.480653687558   -0.136077614689
0.917451867495   -0.0779186323499   0.39014197105
-0.0304208177824   -0.991502036266   -0.126484331876
0.396682044826   0.10417484868   -0.912025743326
0.788173563847   -0.587889650213   -0.182121366442
-0.362059974078   -0.203609900668   -0.909645855129
0.49768967049   0.782897672595   -0.37333125253
-0.153176712605   -0.343797994086   -0.926466325423
-0.301665418352   0.909046636549   -0.287458152403
0.941028633066   0.23545095726   -0.242956741115
0.475616422339   -0.0431136703469   0.878595608999
-0.688531725303   0.60336565898   0.402335625249
-0.547460588512   -0.796298375939   0.257285483891
-0.536224134003   -0.409596182216   0.738034309169
-0.518154868015   0.849966723898   0.0952475753798
-0.666317647034   -0.33134202175   -0.668006926165
-0.77416651499   0.196085822586   -0.601844218473
-0.355952344741   0.651365488429   0.67009022549
0.523415744319   0.732989312477   -0.434468123618
-0.253558317936   -0.778674797574   0.573910916394
-0.575412448954   0.598330426943   0.557585163074
-0.777565877545   -0.188855129965   -0.599770828857
0.976624908144   0.136105748583   -0.166370112211
0.201205302919   -0.306514809201   0.930357518035
0.0756321037113   -0.942084874356   -0.32673519577
0.958973484576   0.0175316775047   -0.282953169605
-0.279083206077   0.233792753065   -0.931371844747
0.0498238897658   0.972128381124   0.22909384783
0.885901325659   0.368849915634   -0.281298016792
0.46298564101   -0.665571076004   0.585371114304
0.028690255015   -0.648817990641   -0.760402512614
0.930307931699   0.357181551431   -0.0833576121477
0.321319253324   -0.903266056196   -0.284366608908
-0.176864608185   0.237764106072   -0.955084885916
-0.175990018291   0.869896088547   0.460769353438
0.865973134808   0.359392016892   -0.347746971492
-0.468100557283   0.337813885921   -0.816556050385
0.872389275629   -0.369246379301   0.320303072028
-0.276845406005   -0.913276557081   -0.298801729653
0.402856758354   0.17199698789   -0.898956834988
-0.494194896922   -0.79622207188   0.349001119608
-0.733418647796   0.166308245155   -0.659119591077
0.466763812116   -0.581697481968   -0.666152793709
0.997640925865   -0.0378166304122   -0.0572929795209
-0.0303312053381   0.505883573847   -0.862068342676
0.0615840971424   0.861772424672   0.50354313301
-0.649747496774   -0.229419552451   0.724703135859
0.183625025447   0.87776392992   0.442506855026
-0.737637998073   0.420591411786   -0.528197728497
0.724743301914   0.339233833966   -0.599722896915
0.318863845372   -0.936717601855   -0.144519855221
-0.610797016452   -0.0864901516411   -0.787049213173
0.877573638117   -0.450647293097   -0.163650631184
-0.400253867911   -0.876533317835   0.267369065832
-0.263934372685   -0.169134246579   -0.949595855229
0.600351137857   0.722631968507   0.342609895913
0.77398782048   -0.417172087983   -0.476350996956
-0.20129917147   0.551153750457   -0.80975807994
0.901270187704   -0.152130848262   -0.405670129147
0.165648459219   0.986183201254   -0.00181149403763
0.400340650738   -0.0655659863009   0.91401775953
0.987932366602   0.14563825011   0.0527175409501
-0.00786652497137   0.387104894334   -0.922002125
-0.154685994207   0.91046103751   0.383579121314
-0.712328432855   -0.672495799284   0.200842286369
-0.701296241154   0.693331917692   -0.165754148333
-0.0277814001195   -0.258921330699   -0.965498814925
0.266784516835   0.20686800522   0.941292538618
0.520596983676   -0.85287037214   0.0398859861746
0.811051660148   0.479393095196   -0.335227463946
0.499339331391   0.0414357587567   0.865415095095
0.601839892185   0.701946648893   -0.380866948511
-0.623256731289   0.711023182597   0.325571880628
0.572919084754   -0.782629130695   0.243424272967
-0.729986183815   -0.352201638735   0.585725371259
-0.37267130869   -0.513269600586   -0.773091493048
0.914690828746   0.126025504658   -0.384002941156
0.396059518502   -0.0903003948449   0.913773867855
0.0804831935549   -0.987908596959   -0.132510543396
0.536479965232   0.838649523676   -0.0941074816369
0.831358199872   -0.544366094808   -0.111844002354
-0.145026842923   -0.0182349607696   -0.989259661838
0.512310131447   0.82513776944   0.238088207243
0.569456733955   -0.118867296971   -0.813381584811
-0.642850963395   0.55228456053   -0.530777180077
0.788095029657   -0.572278283164   -0.226724023492
-0.615467131179   -0.7264136687   -0.305815838403
0.0103163291827   0.380553127958   -0.924701474695
0.617590213091   -0.783534934182   -0.0682298744551
-0.698833577582   -0.586484366212   0.409472388223
-0.360851686564   -0.205204806935   -0.909767524384
0.816281596679   0.541883983093   -0.200115224503
0.480323399317   -0.829159174431   -0.285979874176
-0.320895288653   0.137320083134   -0.937106931453
-0.398254965043   -0.576317304312   0.713618486529
-0.752154788726   0.650476510741   0.105562692075
-0.525029669031   -0.494710696176   -0.692535320246
-0.366017171134   -0.554945408973   -0.747038809341
-0.271665520204   0.83149337047   -0.4845788016
0.890072600822   0.0255805177388   -0.455100383302
0.356324188031   -0.300131315032   0.884847033316
0.0145391063165   0.948672602796   0.315925477826
-0.934249267069   -0.0997070052152   0.342398635834
0.999999962561   -0.000171136544905   -0.000213516677223
0.000171196621242   0.999999945759   0.000281379471331
0.000213468511331   -0.000281416014131   0.999999937618
0.681774897105   0.605423070842   -0.41066518463
0.329748263908   -0.755413771069   -0.566229733279
-0.653030681534   0.250625085919   -0.714659351961
0.901769195475   0.135107421197   -0.410558525427
-0.241608353694   0.945191136963   -0.219634054774
0.358382088683   0.297253594307   0.884987332762
