-0.51324039827   -0.780069095655   -0.357877771855
-0.072929494826   0.455119819207   -0.887438583199
0.85514067987   -0.42936948677   -0.290475922346
-0.152409188826   -0.85660537861   0.492948947152
0.706713434434   0.254213356982   0.660251233033
-0.690888964126   0.449001998291   0.566630077546
0.783941119341   0.213292529243   -0.583045983071
0.259724019299   0.740329051726   0.620045424924
0.563896936687   -0.637510150617   0.52497719251
0.950595393892   -0.175937161645   0.255762609198
0.0725049002408   0.926934461492   0.368151522529
-0.301846710355   -0.331419099105   0.893895935887
-0.607171034174   0.738425950021   -0.293377660357
0.360977867087   -0.0725752277653   -0.929746102863
-0.707840599806   -0.670417744881   -0.222489848342
0.58456931323   -0.693120802673   0.421737206008
0.535859789793   0.720125580859   0.440764600978
-0.609206864466   -0.0316654495304   0.792378883864
0.229338147006   -0.948907346148   -0.216746078983
-0.811426216012   -0.0633994525062   -0.581006028704
0.537579306053   0.309120296727   -0.78450821019
0.946991389992   -0.20078290256   0.250785831579
-0.116828691541   -0.94242066455   -0.313359773843
0.299263034994   0.267450027238   -0.915921458869
-0.995493979889   0.0718602665785   0.061869524749
-0.0909505245282   -0.538989047723   -0.837388087163
-0.0268279349457   -0.83924186533   0.543096081172
-0.986336295883   0.0675061749116   -0.1502785007
0.0581878558969   0.996150082802   0.0655681779573
0.154126197805   0.0559278900311   -0.986467022392
-0.887770230295   -0.225925488124   -0.401025799691
-0.459120335467   0.372655534393   0.80643435582
-0.0327495917894   0.900047513469   -0.434559475487
0.890823081997   0.0313624068381   -0.453266627956
-0.450128123965   0.196607416809   -0.871051201521
0.0617973186893   0.979980572814   0.189259526338
0.201210822504   0.675838795062   0.709052979682
-0.365217397899   0.723423290769   -0.585896744013
-0.908917189396   -0.141069718447   0.392388681486
-0.450409213452   0.795606489509   0.40514423887
0.858920366425   0.262266774114   0.439854456993
0.243695187844   0.546101138112   -0.801489988942
-0.838047185003   0.529596493518   0.131165810185
-0.500449343327   -0.841911521854   0.201830235923
0.217318592098   0.10350141749   0.970597798321
-0.00673663562822   0.584334158222   -0.811485187342
0.506222056556   0.701830613712   0.501171646358
0.86237685915   -0.407415489632   -0.300530816408
0.730612338402   -0.681342595858   0.0444733408238
0.672439423616   0.706706608914   -0.219979522876
0.118451815271   0.190625381279   0.974490190547
-0.203586070016   -0.923291434598   0.325707904254
-0.963325662605   0.248302063092   0.101733736939
-0.174803832517   -0.29305121099   -0.939981174213
0.10192626613   0.923970292661   0.368632519662
0.868631368419   -0.26327580328   0.419720618037
0.484861405013   0.277425214583   -0.829424299284
0.927322885168   0.00211162546038   -0.374256339535
-0.0440971481612   -0.992402204256   -0.114862119571
-0.371655362087   0.123017909372   -0.920184158637
0.816819027282   0.138675675141   0.559978333325
-0.563984429467   -0.0122436831955   0.825694650304
0.121359960401   -0.990262161928   0.0682100481273
0.201615265052   -0.670693097086   -0.71380813558
0.97828697687   0.102161903901   0.1803261941
-0.0480195354563   -0.734665716441   0.676727721688
-0.497315513689   0.364056186386   -0.787489919299
-0.841683855642   0.0176145430867   0.539683254348
0.210346302548   0.931210406421   0.297660229084
-0.283270127953   0.871508529162   0.400288543687
-0.172748897695   -0.456925095441   0.872569352832
0.943353514307   0.178023427542   0.279985367995
0.159605631016   0.754581251211   -0.636500728883
0.634385553498   -0.572407911256   -0.519523004924
-0.756360371821   -0.320868070166   -0.570054970583
-0.200170041192   0.437724540016   -0.876543884627
-0.915720934425   -0.401724823379   0.00850508887073
-0.348406551122   0.804372049085   0.481246799248
0.942398524031   0.181681250205   0.280850396524
0.00428307506415   0.833008993701   -0.553242868621
-0.334464762227   0.52257816615   0.784248291737
-0.0741558350692   -0.850239963687   -0.521145772577
-0.0235570732881   0.523932292531   -0.85143409442
0.996968392891   -0.0508621371198   -0.0588818018094
0.922503844409   -0.109385641329   0.370164069733
-0.103005857123   0.854459692836   0.509203718286
-0.371989852615   -0.507871454985   0.776974989792
-0.96035381504   -0.260072746389   -0.100412730882
0.249884361053   -0.962720438848   0.103572017099
-0.123605647277   0.0743742106548   0.989540358323
0.20407187202   -0.147373462768   0.967799428354
0.246510589806   -0.949011774667   -0.196492189811
0.947410787443   0.278671336909   -0.157337490196
-0.33409841053   -0.243701989036   0.910487557642
0.846326339692   -0.502752524862   0.175987571971
0.414861397126   0.829366770063   0.374220231803
0.632967409818   0.495933906001   -0.594476087817
0.185992573762   -0.842803843523   -0.505062811785
-0.751504504719   0.209120162158   -0.625707389413
-0.331441542542   0.0913254345837   0.939045349744
0.809662082158   0.538488032381   0.233405123546
-0.484348858358   0.8376695673   -0.252420045611
0.76038160753   -0.27426982051   -0.588723939115
0.495575733498   -0.340877401245   0.798878770333
-0.419791023365   -0.899210021562   -0.123275438853
-0.99174511503   -0.0686706660677   0.108286501633
-0.0854475524046   -0.275729602374   -0.957429841901
0.095605138994   -0.958779185212   0.267585745886
0.74149050912   0.608938783658   0.281754117346
0.253672034554   -0.643178183204   0.722476521097
0.621162075283   -0.464236343264   -0.631381258688
-0.501620409252   0.393225645815   0.770552111472
-0.855299056285   -0.0918153559186   -0.509934765176
-0.129770910992   -0.914846179361   0.382381980184
0.380513092239   0.873719161033   -0.30302576504
-0.448809044527   -0.112024912335   -0.886578175102
-0.808566774104   0.473355306995   0.349506116047
0.725315841386   0.666421357668   0.17262532919
0.578521128019   -0.725971309146   0.371858794077
0.373135678633   -0.169847673935   -0.91209732649
0.613025159885   -0.784513235008   0.0934833538409
-0.743398046087   -0.532701479392   0.404460726062
-0.267506071747   -0.317439943848   -0.90976501561
0.472801265381   -0.843025473818   0.256450802196
-0.808901861147   -0.29981023477   0.505758442501
-0.349480675413   -0.446566762781   -0.823675533139
0.643515897774   -0.69744420308   -0.315371008342
0.0297546202436   -0.388911797357   0.920794372513
-0.764854203026   -0.601929561882   -0.229518737027
-0.16791222244   -0.56826635017   -0.805530161334
0.347341816572   0.730624980762   -0.587827185444
0.922582867831   -0.37849767866   0.0747018020749
0.89155409509   0.445122246359   0.0836509493364
0.320055761561   -0.488503694985   -0.811744078807
-0.320461549987   0.75048672592   -0.577991409276
-0.234214703973   0.79745808671   0.556061212802
0.628578570418   0.560551771229   -0.539138843511
-0.741641728366   0.223253917575   -0.632554531273
0.117998835136   -0.0565546012174   0.991401962873
0.879353882724   -0.45785701774   -0.130781115776
0.461316619952   0.887225184712   -0.00429508658584
0.0527705740923   -0.691703884205   -0.720250652958
0.969195348096   0.209233122739   -0.129930279677
0.240573572402   -0.691207086859   0.681437538838
0.140537975723   -0.511477942902   -0.847726011931
0.985882918957   -0.00641621122181   0.167313186396
-0.091016193549   -0.859272451646   0.503355645994
-0.387757118749   0.33646047883   0.858160103387
0.53067067905   0.842719297654   -0.0906245869359
-0.753679671515   0.42026007608   -0.505320117547
-0.110303123119   -0.993897691829   -0.00077408454952
-0.959553415443   0.106288546833   0.260691364883
-0.259018269515   0.0294978471902   -0.965421883463
0.473010767465   0.161650375899   -0.866100438652
-0.234273775759   0.97071233145   0.053229386273
0.849338926374   0.177726547097   0.497027828801
-0.799751075133   -0.347134941903   -0.489791333053
-0.438221327025   -0.220062620306   0.871512771957
-0.410317299615   0.911630284301   0.0238733822889
-0.704229689652   -0.139145886487   -0.696203250844
-0.326047254395   -0.807700454401   0.491236362519
-0.6306772012   0.572938389562   0.523438506086
0.0676123790247   -0.313872665502   -0.94705465315
0.669096534245   -0.689863309846   0.276402680141
-0.740093503595   -0.652359228937   0.163367813101
-0.899982808421   0.418536095026   0.121895371969
-0.435902661823   -0.861181691561   -0.261447821823
-0.00445128777299   -0.288433062045   0.957489715222
0.482969061675   -0.870589110993   0.0938908157682
-0.544014160404   -0.214307070486   0.811246616523
-0.686141005002   -0.442884950479   -0.577116489016
-0.595914343808   -0.17855976632   -0.78294476478
-0.440087496315   -0.742910017648   0.504388442835
-0.671720991507   0.645136509221   0.364128815172
-0.340798926998   -0.894757104201   -0.288558167168
0.938738199971   -0.340599007964   -0.0525633683189
-0.0512511782534   -0.288794113957   0.956018449859
0.643524777358   0.360966705513   -0.67496584983
-0.543970111933   -0.404699301814   -0.735061216794
-0.538490833951   0.840191354765   -0.0640789288945
0.759053326908   -0.578572579248   0.298482524535
-0.511489789633   -0.813628501615   -0.276381722372
0.402760775165   0.0571177021795   -0.913521387865
-0.692229572763   -0.359501233244   -0.625761201968
-0.62651447397   -0.130999049141   0.768322108904
-0.358186868127   0.923903735472   -0.134551310218
-0.896179563823   0.187750341311   0.402009948539
0.102561016617   -0.793859847736   0.599389506101
0.431675140884   0.578391175149   0.692185106205
0.571303451772   0.147243718078   0.807422846766
-0.37963485915   -0.824798504702   0.419028400421
0.727660456333   -0.545918230258   -0.415311384579
-0.442131867792   -0.468487933355   0.764878073802
0.409998845971   -0.864010587368   -0.292209943737
0.797759586457   0.184403799356   0.574086126812
0.800742391093   0.132592408409   0.584149703706
0.17491568365   0.880933082434   -0.439728789013
-0.57290149827   0.454286426724   0.682207971057
-0.63166017382   0.522201333322   -0.572984460772
-0.0315040785147   -0.755780818938   -0.654066393237
-0.774605007631   -0.395096344202   0.493848115266
-0.59055308663   -0.376368157464   0.713858572771
-0.519967491404   0.853950100233   0.020075711551
-0.617155458336   -0.359327477878   -0.700002074202
0.574486253203   0.497823756928   -0.649720749183
0.0474901270134   -0.812715901877   -0.580721577585
-0.817135382123   0.302761242359   -0.490535826835
0.925933659875   0.362251687162   0.106867079392
0.34460705952   -0.926113825435   0.153489924318
0.154573063755   -0.105294337389   -0.982354452565
0.688783315348   0.724782563284   -0.0163639988038
0.299465829998   -0.263890353073   0.916887178566
0.660225538101   -0.636437049137   -0.39881088416
0.219778241178   -0.168947560977   -0.960809162292
0.792268165789   0.605578116677   0.0747415418618
0.569217601786   -0.777645077296   0.266944667628
-0.304414246965   0.268742324524   -0.913843273901
-0.275831584058   0.893401209804   0.354614178449
0.9117285251   0.360016445917   -0.197836435443
-0.169144779588   0.0794335590329   -0.982385033089
-0.0154587302712   -0.996838149823   -0.0779405588611
-0.985469974782   0.00200318659946   0.1698379111
0.562020386468   -0.825473541945   -0.0522160582842
0.310005341627   0.151696805542   0.938554616072
-0.766830993999   -0.543674085033   0.341157904652
0.186135640648   0.885162408051   -0.426428229194
0.36690484678   0.339994707873   0.865900936613
0.9114462994   -0.317633609669   -0.261485244935
-0.467244154954   -0.62423491906   0.626109946804
0.177950067557   -0.760072740321   -0.624998562301
0.86603502996   -0.180610617758   0.466222191273
0.178739336261   0.462782618848   -0.868265222939
0.80678798279   0.436168475428   0.398560173461
0.563156639399   -0.771744328606   -0.295406991734
0.253590529422   0.531627721356   -0.808123634893
0.360568544372   0.72327213487   0.588954789207
0.897597999216   -0.440737319507   -0.00827327003929
0.280202021384   0.247430292854   -0.927504758689
0.771351956857   -0.633170733668   0.0641169297459
-0.571404397835   -0.733398303928   -0.368271560033
0.950470135951   0.2963484474   -0.0937236276948
0.237864790993   -0.887626182865   -0.394385725781
-0.200067143407   0.352558303287   -0.914153040203
0.749924400761   0.567829672215   0.339385999262
-0.0308319382292   -0.482477698537   0.875365444828
0.660804649445   -0.666921834825   -0.344314509578
0.608887612839   0.0265837711125   0.792810934615
0.338550963629   -0.912553207178   -0.229412050894
0.717383523617   0.408093061915   -0.564642305234
-0.742818812658   0.528159997865   -0.411420986602
-0.201991604064   0.409086573508   0.889858172555
0.638294292196   0.7441069762   -0.197193317636
-0.764772463258   -0.442387465992   -0.468419053173
0.396969917535   -0.896166449764   0.198243736067
-0.507481983931   -0.0343369225523   0.860977939169
0.0352607467203   -0.980861547686   -0.191487085759
0.921781162127   -0.0421056074295   0.385417445078
-0.386103831745   -0.190099295356   0.902655022152
-0.63430779767   0.557775873339   0.535294024753
-0.631064565845   0.026380560369   -0.775281613202
-0.446554735222   -0.829572263975   0.335259194198
0.991846432335   -0.126925878115   0.0114226147804
-0.00643873891149   -0.13942816234   -0.990211255333
0.127276067291   0.982063953626   -0.139108567974
-0.473815835984   -0.880074833569   0.0310940651781
-0.854037465975   0.450613939048   -0.259936693537
0.214752323112   -0.149717618383   -0.965124900966
0.10451413122   -0.98365808762   -0.146606831476
-0.0514362005046   0.141870510289   -0.988547963221
0.993192385016   0.110858129924   -0.0357681614942
0.350314436577   -0.304391416806   0.885790980368
-0.851126154391   0.291317781162   0.436712971744
-0.390978343181   -0.906906729357   -0.157022671643
0.394261785075   0.247937379044   -0.884920731423
0.442008374248   0.793068260752   0.419131639086
0.805720945442   -0.556389962042   0.203086110344
-0.442175884358   0.211073041441   0.871738870574
-0.887826060163   -0.241114085299   -0.391955207602
0.127457342621   -0.947265627502   0.294010980687
-0.775000011575   0.62237267649   0.109668744943
-0.616557639629   -0.782718938149   0.0848984150516
0.138678257395   -0.00182082987559   0.990335814512
-0.591752171709   -0.751093633875   -0.292724649509
0.768198754752   -0.635486445044   0.0776379505299
-0.244335917284   -0.178928285405   0.953039678191
0.0346621424776   -0.735267910512   0.676889677606
0.853036975243   -0.331112484878   -0.403351510753
0.520698045654   0.591392950693   0.615733646249
0.990862797015   0.127779534309   0.0431660526777
-0.0711802609344   0.223579476316   0.97208311796
0.11456128467   -0.966273568086   0.230631965852
-0.760140095792   0.116370663334   -0.639253395364
0.0214241217929   0.987785120295   0.154342356886
0.64940591449   0.103626371349   -0.753348215227
0.733343550246   -0.564487671795   -0.378894319969
-0.408129876648   -0.811249240257   0.418694009952
-0.543725336085   -0.152408459653   -0.825308681843
0.0799699581364   0.921088883032   -0.381051276537
0.879753804959   0.114511959426   0.461432826974
0.46865557551   -0.372132074273   -0.801173932951
-0.400202778335   0.849671755745   -0.343359350683
0.910991441706   0.409595788167   -0.0482274139312
0.0996610723975   -0.332098174949   -0.937965070162
-0.965006229568   0.251658739329   -0.0736943404506
0.171887912215   0.394825412825   -0.902533899098
-0.198034144857   -0.883618001348   -0.424266078262
0.588263871986   0.739373534916   -0.327524644541
-0.80566108811   0.500953751529   -0.31615747648
-0.0696837715736   0.449857882775   0.890377480221
-0.64913111839   0.181143298137   -0.738793541308
-0.365490205086   0.777503011839   0.511767502454
0.667117456767   0.602226014153   -0.43849529844
-0.795024580328   0.471690807376   -0.381370815494
0.434679838359   0.00451272699602   -0.900573746797
-0.423071335354   -0.881752469535   -0.208622212792
-0.97284106138   -0.144283317199   0.181004402351
0.195016053925   -0.0896395854131   0.976695184507
-0.124695661528   0.98546794423   0.115342632582
-0.578165327129   0.517510821995   0.630799019992
0.68816712565   0.724646436504   0.0362429198286
-0.438350158756   0.45504954805   -0.775099378879
0.931775508166   0.362888055788   -0.0103276981536
-0.354203365306   0.902503325869   -0.245005556672
-0.0795888081858   0.231948282513   0.969466665673
0.997851650297   -0.060373195717   -0.0254393639574
-0.000369596518291   0.383110429657   -0.923702474873
0.0655129559557   0.921727441236   0.382265060757
-0.852604259306   -0.404674322422   0.330612567496
-0.512283518202   0.522446511048   -0.681626906799
0.103109524256   -0.750525373233   -0.652748106195
-0.339666285096   -0.795273019739   0.502162960447
-0.437296331275   -0.339157941509   -0.8329128462
0.832705670344   -0.502506432583   -0.232569455841
0.437870575971   0.29309534549   -0.849920276939
0.341428725803   0.820327523453   0.458790997582
0.831682501857   -0.49107827555   0.25912611483
0.162613530237   -0.402804142052   0.900725076219
-0.957518061032   -0.284757437328   0.0455232323565
0.238151217888   -0.869863222025   -0.431997653219
0.0440832802184   -0.591035997921   -0.805439702006
0.997776948779   0.0663803457362   0.00590001577037
0.0499782441802   -0.803909260341   0.592648358006
-0.996326473622   0.0251237276137   -0.0818679196681
0.0816041931716   -0.0113504507312   -0.996600182082
-0.025967549303   -0.999619910556   0.0092585530297
-0.581678076981   -0.130547103663   0.802874877229
0.333712958213   0.861847501041   0.381909081419
-0.74181283103   0.490077890416   -0.457752536907
-0.828351981298   0.55248608931   0.0926936686031
-0.00293980389604   -0.169747699469   0.985483168846
0.560200279037   0.816054434241   0.142235043933
-0.934631530958   -0.0174358871678   0.355189936763
0.258122971759   0.653770226253   0.711306560293
-0.244614866247   0.756492221443   -0.606533664446
-0.58227269014   0.170533252851   -0.794906864978
0.529518655186   -0.662371941827   -0.529974909304
-0.61690234894   -0.729507930288   0.295380553727
0.296993759062   -0.110124896797   0.948507888309
0.730472296749   -0.613543538022   -0.299957581391
0.614983683329   0.781944265314   -0.101775415413
-0.242094429221   -0.816375815294   -0.524328919232
-0.223767124687   0.572815066724   -0.788550044857
0.944096690625   -0.0735759983753   -0.32135340548
0.950502941747   -0.125681366371   0.284162544818
-0.219102658568   0.377348809475   0.899778806706
-0.220313827843   -0.91750317173   0.331134031966
0.999509806948   -0.007835861244   0.0303108082082
0.00887167327495   0.999375943835   -0.0341908803207
-0.0300239775674   0.0344430277758   0.998955573891
0.892615212308   -0.402069631458   -0.203907072499
-0.251424022836   -0.819413513198   0.515118874755
-0.374197866772   -0.408535807301   -0.832510931253
0.856206619171   -0.516473044538   0.0128770941478
0.516342064761   0.8562948486   0.0122476291257
-0.0173521596866   -0.00383751574613   0.999842075543
