-0.50915115173   -0.792169798914   -0.336499798486
-0.0793149321214   0.432492977378   -0.898141952066
0.857014729299   -0.430600550636   -0.283035191376
-0.166413463374   -0.855285649327   0.490706650926
0.70122939654   0.24721785432   0.668700729725
-0.69324158317   0.455378733101   0.558611060401
0.790206824854   0.207239887582   -0.576736337462
0.265576909379   0.732330043694   0.627026006086
0.552306146225   -0.6486480834   0.523654069728
0.952003740703   -0.161476328686   0.260027446556
0.052719687531   0.923330486725   0.380370144505
-0.301512043266   -0.348405234688   0.887527058859
-0.60687590165   0.747334972538   -0.270540346009
0.314429871408   -0.0868702921853   -0.945297523694
-0.729955817815   -0.658744253226   -0.182264952417
0.566784651529   -0.71413459245   0.410812539556
0.544759576701   0.698929460024   0.463394662791
-0.618055145099   -0.0388509173183   0.785174148734
0.232736126203   -0.950364420226   -0.206497855507
-0.798347847765   -0.0654363893424   -0.598630765095
0.555404905927   0.304180123806   -0.773950801248
0.946498060561   -0.197825725036   0.25496353439
-0.110238675977   -0.940748233389   -0.320687068175
0.303296646327   0.275422845621   -0.912224424381
-0.995884211214   0.0725922541959   0.0542678771064
-0.0852286959974   -0.546367142891   -0.833198064417
-0.0308335407223   -0.834393977567   0.550305354296
-0.986695914359   0.0456900675937   -0.156024326021
0.0381617082272   0.997973780727   0.050911855273
0.158034352633   0.0442803647844   -0.986440263109
-0.880140910143   -0.243438906745   -0.407540767257
-0.472429133255   0.365074840999   0.80220388588
-0.0465047561584   0.89858658968   -0.436324934541
0.888667718407   0.0199226233314   -0.458118734982
-0.452185058393   0.203976621388   -0.868286940414
0.0761469580989   0.978773021189   0.190276151332
0.215307239497   0.660054053369   0.719702326835
-0.35338816822   0.739701967061   -0.572676001321
-0.910362342797   -0.131032997973   0.392518481424
-0.466673815032   0.7836747498   0.40996272622
0.848033800375   0.264887641383   0.458991515024
0.251106001094   0.561861570112   -0.788198802489
-0.830350093744   0.547479209277   0.103851996754
-0.524576783336   -0.830851010198   0.185757361194
0.187983829638   0.0997652958807   0.977092096751
-0.00436181396293   0.563028862545   -0.826425722325
0.496873034499   0.718416297017   0.486821539958
0.867812285098   -0.40850523145   -0.282887457679
0.716099176866   -0.693785800635   0.0765717423686
0.689981765569   0.68702342976   -0.227868317549
0.105485222065   0.216009420623   0.970676464188
-0.177051578355   -0.929487382814   0.323582978217
-0.965662479224   0.22757238346   0.125326719041
-0.190128153678   -0.290282647563   -0.937863140177
0.0770528302405   0.928375465821   0.363568227178
0.865843246591   -0.243109200152   0.437279532032
0.494346370154   0.281099468628   -0.822559879312
0.936721552507   0.0253588366249   -0.349155642191
-0.0219826536282   -0.991143733452   -0.130961301832
-0.349384453015   0.130349641515   -0.927868242235
0.821104951479   0.146379767714   0.551687975454
-0.557071192882   -0.00502200296343   0.830449556293
0.124331591796   -0.989215721211   0.0774203603147
0.18339476278   -0.68217589895   -0.707815232865
0.981770904221   0.0905360662803   0.167120053638
-0.049922465986   -0.725561343784   0.686344289548
-0.479496230657   0.38186488481   -0.790102888575
-0.842796986107   0.0504566172727   0.53586133466
0.244492545889   0.922839823329   0.297640816224
-0.262581394748   0.881510940625   0.392414924144
-0.174321258012   -0.443331737019   0.879243464552
0.949032723428   0.162466712005   0.270076761964
0.149392705535   0.763167219484   -0.628695168295
0.631978481873   -0.56270297211   -0.532887008313
-0.760450536184   -0.317712386104   -0.566368980201
-0.166196397772   0.446929051662   -0.878995551836
-0.921050187377   -0.388733897158   -0.0235055213339
-0.352200666808   0.805692484749   0.476250260177
0.937820774522   0.162604827904   0.306678764861
0.0331786472364   0.837459526786   -0.545491263324
-0.345530566292   0.52174822562   0.779991933818
-0.0655948663824   -0.860067515868   -0.505945828773
-0.021842209832   0.508153905803   -0.860989271645
0.997607253068   -0.0454255012745   -0.0521180627041
0.922678303537   -0.125011279034   0.364742276541
-0.0876516182211   0.853205897   0.514156485077
-0.375475621053   -0.506371284176   0.776277128709
-0.961027450684   -0.245904298874   -0.126322265763
0.230494943403   -0.96501290613   0.124988687761
-0.152637872424   0.0910009164658   0.984083590507
0.193806065916   -0.130982468274   0.972256551441
0.256347707488   -0.949853683567   -0.179063767078
0.946955680948   0.283939382298   -0.150510350145
-0.337765783252   -0.243040224434   0.90931057674
0.852724994815   -0.488003435012   0.186313527782
0.398465003335   0.838322191477   0.372077336577
0.625682536684   0.508761992455   -0.591339664087
0.187174571433   -0.833819942123   -0.519336099195
-0.757289273064   0.214255779739   -0.616933884424
-0.343507964908   0.0942722632508   0.934406238435
0.803034170416   0.545385615531   0.240188783078
-0.486968581317   0.832866898582   -0.263048151594
0.750492638799   -0.29095253406   -0.593386401962
0.489836795581   -0.357846083131   0.794988109649
-0.443644804775   -0.887295217902   -0.126041594262
-0.993362827131   -0.031749447627   0.1105543588
-0.0976868114605   -0.274562788954   -0.956594251388
0.0607254521679   -0.96104487278   0.269638965956
0.730682142385   0.614263308317   0.297966768038
0.264539103276   -0.657082580224   0.705876437915
0.62938276878   -0.436947446292   -0.6426151722
-0.505451871334   0.393590062692   0.767857583355
-0.851702689857   -0.084968047569   -0.517090861438
-0.138278464902   -0.915350912734   0.378168973743
0.376381955775   0.873557010298   -0.308601317442
-0.437647824447   -0.125944292262   -0.890282212
-0.816578841952   0.470144855344   0.334907166047
0.727601782622   0.663944677797   0.172548864818
0.568864550509   -0.724539138993   0.38914799144
0.383391143742   -0.18498783985   -0.904870559808
0.607907448537   -0.791039370229   0.0685948158501
-0.742678028446   -0.535924901028   0.401514441236
-0.280852060838   -0.29502748212   -0.913280299096
0.480078837968   -0.843953052392   0.23930640337
-0.801739498872   -0.311416026107   0.510131193549
-0.356002928756   -0.436764586525   -0.826134741234
0.639628247799   -0.69523373445   -0.327911206124
0.0364499226435   -0.398675606416   0.916367373922
-0.767819710451   -0.598086795819   -0.229662963732
-0.178499636754   -0.577757217184   -0.796451177204
0.340272185707   0.723259730295   -0.60092445629
0.923229505222   -0.378274980041   0.0674931119627
0.890522293653   0.445149380688   0.0938726444737
0.326890838874   -0.48259524632   -0.812554126006
-0.316405473985   0.754283671507   -0.575277080136
-0.237881400335   0.794975856279   0.558055398064
0.630926926917   0.563299653271   -0.53350230882
-0.738473867016   0.225181901047   -0.635570184304
0.115412908511   -0.0371825504522   0.992621437654
0.877682765839   -0.464121095432   -0.119434380827
0.465137423885   0.884990998099   -0.0209310818032
0.0306678120549   -0.707578272853   -0.705969172904
0.968923375752   0.194490406308   -0.152842970969
0.245452596695   -0.67934267468   0.691553723969
0.124596018882   -0.516616605134   -0.847102777341
0.989950654574   0.00717486786077   0.141231097068
-0.0668844794147   -0.856186781357   0.512318906388
-0.385588194888   0.321983302202   0.864666697096
0.538284877081   0.839628528907   -0.0726176600556
-0.74938050086   0.437436494304   -0.497069591085
-0.09649270863   -0.995211029776   -0.0156257285436
-0.954730122461   0.0881067602044   0.284126014423
-0.281388611083   0.04233444245   -0.958659608274
0.477805277738   0.125752268935   -0.869418474282
-0.233338194941   0.972316577367   0.0124000064467
0.846909324159   0.196943748913   0.493920799741
0.56508729622   -0.775002846074   -0.282925672621
0.452835761989   0.578007903296   -0.678856860016
0.68964927341   0.255494524999   0.677573927613
-0.702523924537   -0.132717324797   -0.699175405139
-0.330772615294   -0.808994056574   0.485919842566
-0.630118728832   0.572638392117   0.524438422934
0.0768123953441   -0.2920503877   -0.953313393888
0.666040131039   -0.696479246105   0.267034086946
-0.741950402498   -0.655456505643   0.141019039293
-0.896484617631   0.424676067045   0.126354930378
-0.44305347502   -0.856414672353   -0.265061365067
-0.00435300174276   -0.293605427501   0.95591678734
0.482698538967   -0.871300924217   0.0885258150967
-0.548457092343   -0.221933565117   0.806188756144
-0.682786158572   -0.437698745867   -0.584998179081
-0.596717991136   -0.162151497499   -0.785897277584
-0.452226264344   -0.741083547442   0.496272688699
-0.662886902037   0.651538231855   0.368888719722
-0.342623311262   -0.898292014532   -0.275101296266
0.938910699146   -0.337537318828   -0.067195665243
-0.0324956244488   -0.281318351741   0.959064137253
0.641805758879   0.369115947606   -0.67218954551
-0.539003932986   -0.406374214855   -0.737790456517
-0.545490722282   0.83583097258   -0.0618583638661
0.754808013768   -0.569573976001   0.325346504843
-0.497570261264   -0.820366392877   -0.281820539605
0.427420983875   0.0508376563222   -0.902622199618
-0.686580637799   -0.381436591057   -0.618961351622
-0.631108334288   -0.110017382299   0.767853140897
-0.360983792145   0.917824766824   -0.165192007111
-0.895603317982   0.202656268345   0.396011532307
0.0851465728968   -0.795655435457   0.59973534926
0.436628856059   0.570843993512   0.69533616124
0.575729378426   0.153876768421   0.803030275243
-0.372697995563   -0.824778680301   0.425248553935
0.727758123912   -0.544115859593   -0.417499753795
-0.444919651064   -0.471563493243   0.761363497902
0.418537779881   -0.861077581455   -0.288741277837
0.791752885002   0.190192719512   0.580477474615
0.786024374258   0.126794980536   0.605052655546
0.187647800836   0.883625220638   -0.428946118171
-0.589028000958   0.450698904329   0.670758161876
-0.641816653022   0.516389315543   -0.56693338118
-0.0379574658894   -0.759779711314   -0.649071660958
-0.765918151428   -0.395065646529   0.50724010118
-0.586540417129   -0.374485743955   0.718143973482
-0.533684993709   0.845667969124   0.00510034180565
-0.609221360889   -0.38027110536   -0.69587586527
0.583195148205   0.515356196645   -0.627926277272
0.058175027243   -0.797503964133   -0.60050236752
-0.81024631151   0.313680438937   -0.495081303337
0.919996104094   0.378664924037   0.101094232063
0.361157976793   -0.919264677981   0.156580227406
0.152223796599   -0.107542210874   -0.982477780222
0.683638251727   0.729073873602   -0.0330155661256
0.303682346762   -0.243038664772   0.921254166716
0.663638284792   -0.63983083253   -0.387557392785
0.22807495909   -0.180835623276   -0.956702822401
0.79125977349   0.606998245164   0.0738992640365
0.567353314869   -0.773855030172   0.281529054246
-0.288986412674   0.247751541742   -0.924719431425
-0.306888097875   0.890982470361   0.334619086264
0.90681119792   0.380485756729   -0.181449828474
-0.165463599491   0.108583251584   -0.980220115443
0.0107158451325   -0.993663795813   -0.11188132799
-0.986157679028   -0.0290161741978   0.163251627031
0.565375912773   -0.820233918045   -0.0869850386288
0.339213808925   0.135088032664   0.930959298394
-0.751853755122   -0.555848489356   0.354610191321
0.198037042563   0.8888103194   -0.413276597331
0.341176838289   0.332757689365   0.879130641705
0.918901352044   -0.315100835126   -0.237343145919
-0.471535485074   -0.611388122757   0.635498898243
0.157018859904   -0.767339343684   -0.621719719222
0.867755359505   -0.193377596911   0.457827195634
0.176193621083   0.476426590949   -0.861378843092
0.796233608725   0.445527673785   0.409288568406
0.578764069571   -0.75797281965   -0.300847729667
0.238626109464   0.536816075932   -0.809250320051
0.353574925399   0.728099453116   0.587244377156
0.904456937621   -0.426262462566   -0.0160611642005
0.272039312403   0.253203444644   -0.928376339707
0.776225038805   -0.627946957894   0.0561899208359
-0.56874361679   -0.735914827743   -0.367369112295
0.949467972796   0.304207461529   -0.0772553492264
0.253011478241   -0.887491517533   -0.385154512093
-0.185730343543   0.346145383701   -0.919612751559
0.742491283541   0.582114932513   0.331434607745
-0.0164792112048   -0.478761767981   0.877790182856
0.669652991827   -0.65721334045   -0.3458836447
0.607962339732   0.0151014476898   0.793822234348
0.350265436519   -0.902367852194   -0.251090388719
0.712527836261   0.430701991643   -0.553895185886
-0.748726554679   0.5280529293   -0.400710182271
-0.197792462437   0.398994317235   0.895366783289
0.632682138299   0.749642340501   -0.194292751296
-0.772823776016   -0.421193983033   -0.474698893912
0.383837792394   -0.90590505876   0.178898221467
-0.50538298384   -0.0439505764545   0.861775136839
0.0339719330273   -0.975886576801   -0.215618405956
0.913637476842   -0.0571250646822   0.402496320349
-0.405107971627   -0.210670634417   0.889665900841
-0.630156127211   0.561303365115   0.536508888695
-0.640578730263   0.014682302417   -0.767752121671
-0.438819035222   -0.827479886345   0.350306854088
0.993184706831   -0.116277161209   0.00798497953087
-0.0077284921998   -0.13406310363   -0.990942659619
0.11629449052   0.984127383028   -0.13404807141
-0.465678733998   -0.884310290275   0.0337435507303
-0.860477539661   0.443563750452   -0.250658339226
0.206692332805   -0.145761825589   -0.967487348631
0.105388216054   -0.985452286313   -0.133330849086
-0.036097675059   0.130198109338   -0.990830666754
0.993775770369   0.109234810047   -0.0218511899407
0.362147256887   -0.329677389992   0.871872801994
-0.847037661123   0.274030774733   0.455449596706
-0.389071413714   -0.903448921095   -0.180009671972
0.417529974284   0.230547347729   -0.878929258262
0.445831360821   0.790868981568   0.419238180157
0.791772137855   -0.566898733856   0.227426267764
-0.450133123891   0.205997717339   0.868875774336
-0.881714227449   -0.256481702845   -0.395976207897
0.141280543215   -0.944342139564   0.297082028322
-0.778119512224   0.619825550574   0.101716820396
-0.612474850522   -0.784641929103   0.0959770835735
0.139300330846   0.0123826470872   0.990172756582
-0.60185489376   -0.744493860232   -0.288962936955
0.755815962297   -0.647862609458   0.0949540436374
-0.257900984865   -0.161254244418   0.952619625382
0.0302885707451   -0.728351910352   0.684533488713
0.845018112327   -0.34713492351   -0.40674529465
0.533879192629   0.590762930088   0.604956335706
0.991800867696   0.115855930724   0.0539299745294
-0.079438194293   0.228361070278   0.970330250414
0.100103007567   -0.966658484108   0.235692093584
-0.754970530411   0.117516428006   -0.645142920104
-0.000233079440469   0.983763273712   0.179470796983
0.655758678086   0.135645532342   -0.742684889889
0.72624172696   -0.571571629826   -0.381940867151
-0.384923616624   -0.798442757195   0.462950291983
-0.569567171971   -0.189195759626   -0.799873865777
0.0657323836693   0.915844450663   -0.396116391894
0.872103264085   0.140176077533   0.468813997295
0.484886739877   -0.376270659869   -0.789496827108
-0.387426533967   0.847598851451   -0.362597390775
0.913791930932   0.405119609577   -0.02936679927
0.122004048052   -0.342716047122   -0.931483077304
-0.968945159286   0.240047111312   -0.0593520231147
0.156761830109   0.410684393271   -0.898200455213
-0.19123547505   -0.879611114911   -0.435560879335
0.585157909578   0.7410704307   -0.329248899164
-0.80618070598   0.487800793615   -0.334847808793
-0.0875379355719   0.461372953792   0.882877175685
-0.653344857792   0.189279768111   -0.733016825305
-0.372643788259   0.76241853977   0.529012832818
0.6589970439   0.618781980667   -0.427588302615
-0.799182554135   0.475197995644   -0.368095245965
0.421888700487   0.00724765327723   -0.906618660697
-0.428155543661   -0.879849041858   -0.206272862914
-0.973310687352   -0.143206015033   0.179327474597
0.191937788061   -0.0796193448177   0.978172093982
-0.12580219156   0.986485071955   0.104981004993
-0.5900587639   0.503577713078   0.631062708482
0.671297816917   0.740265643209   0.0369596873143
-0.448541966986   0.445439405952   -0.774850849827
0.933389828805   0.35841772561   -0.0178930559554
-0.353136246023   0.908476784711   -0.223527902924
-0.0638609366334   0.214957357653   0.974533280685
0.997620117559   -0.0549887948171   -0.0415972773932
-0.0170560074047   0.387736356241   -0.921612505699
0.0668071377427   0.92012865975   0.385875700003
-0.849170163328   -0.403705412776   0.340487846197
-0.518979121577   0.518460000122   -0.679602751349
0.097829980476   -0.753804462688   -0.649775443481
-0.340496734834   -0.783755277262   0.519412782796
-0.418044432996   -0.368625230084   -0.830273624648
0.842199991456   -0.499843080487   -0.20212884327
0.428138451764   0.273038284239   -0.861479867125
0.367940696393   0.818014726832   0.442121646861
0.825419354061   -0.506262779617   0.249761662221
0.180068529083   -0.392384179791   0.902003315007
-0.952092309339   -0.299949657488   0.0595855474891
0.247175159211   -0.869519901108   -0.427597453508
0.0485531552182   -0.582299287133   -0.811523339974
0.997743146416   0.0660035900285   0.01233449975
0.0463810834186   -0.810290729496   0.584189805451
-0.995162662292   -0.00947211162843   -0.0977832024461
0.0981454618387   -0.0519934341258   -0.993812935682
0.00432942256956   -0.998602504458   0.0526715690967
-0.603038049354   -0.126928821669   0.787549481151
0.327026302998   0.861148934796   0.389199575086
-0.727598040252   0.492251547818   -0.477796510548
-0.824354684303   0.560115282885   0.0819159590439
-0.0153318161265   -0.166748147399   0.98588031259
0.56586596459   0.811459133424   0.146047200934
-0.940887126655   -0.0267234402571   0.33766443792
0.239849173173   0.651343462986   0.719877814183
-0.239173136082   0.758312304374   -0.606431084305
-0.588116632033   0.179112492858   -0.78869356662
0.526261056739   -0.655741032519   -0.541343697138
-0.614140152804   -0.733431941746   0.291392277764
0.290611713255   -0.11241204227   0.950214904573
0.743716292632   -0.598282765528   -0.298234485843
0.602022348583   0.793360740914   -0.0902653121766
-0.230554491982   -0.823673596583   -0.518079561958
-0.225303321505   0.563142235736   -0.79505297663
0.946616627546   -0.0665779890132   -0.31541136922
0.953626117115   -0.138492835373   0.26723952422
-0.197645073303   0.381502291759   0.902990822977
-0.227010250329   -0.913934207661   0.336438122562
0.998304648793   -0.0243186086805   0.0528813149455
0.0282257161778   0.996826021628   -0.0744391802165
-0.0509032135014   0.0758055926492   0.995822461576
0.892741198116   -0.391124963085   -0.223683742007
-0.219000398525   -0.810529989175   0.543212630646
-0.393766401097   -0.435961466072   -0.809250036434
0.843015330561   -0.537591608401   0.0179001401287
0.53725731743   0.84317110749   0.0204220067933
-0.0260715804553   -0.00759908354039   0.999631195303
