0.433987731957   0.0913063916121   0.896279968657
0.864576179286   0.237504094971   -0.442831596392
-0.253303512761   0.967085795265   0.0241325351517
0.713244712288   -0.399510086389   0.575911166112
-0.0517928840576   0.789369427423   0.611729845765
-0.698998910972   -0.466141178091   0.542321790568
0.897001176044   0.436084746329   0.0722425373007
-0.425958061828   0.896435520687   -0.122323696863
-0.118104274857   0.0789522087746   0.989857529643
-0.601588256397   0.755258395921   0.260146735446
0.763491143316   0.63940870899   -0.0907621984993
-0.234889000699   0.144018255754   -0.961293866566
0.72953553286   0.0556561123922   -0.681674630783
-0.444214904188   0.796405204055   -0.410380151753
0.520049059221   0.602196933908   0.605729169723
-0.312101490148   -0.820726619101   -0.478539933211
-0.80596747558   0.495410856318   -0.324013129887
0.503000078814   0.284562641135   -0.816097427829
-0.675827136566   0.650337047062   0.346870877375
0.246413483318   -0.244177296007   0.937900763682
0.694649606342   0.719332449216   0.00476982632514
-0.944028630903   -0.321972183687   -0.0717207277528
-0.210381163876   0.420216461279   0.882699208844
-0.254066360906   0.84838201321   -0.464433254951
-0.745524233693   0.641589073768   0.180435798931
0.658576058001   0.750740235475   0.0516398555878
-0.102328847065   0.157329460939   -0.982230241814
0.507134357746   -0.851954494333   -0.13033911641
-0.856828172248   -0.482041904155   -0.182978395883
0.0930603509724   0.204472858109   -0.974438623689
0.94180531096   -0.0661870794933   -0.329578559355
-0.31483174058   0.169985666604   -0.933801825178
0.1178292468   0.983221309823   0.139255610147
0.85933714467   0.425344286181   -0.283939976015
0.174876527114   0.277343189787   0.944721628429
0.480580765357   -0.86148882359   0.163948573212
-0.440115155531   0.696469087006   -0.566771084415
0.575450321492   -0.265773913966   -0.773447577662
-0.689315297074   -0.666554602971   -0.283812233243
0.66090048673   -0.750276518268   -0.0171957181691
-0.634696307582   -0.546568342711   -0.546281652307
0.400463660935   0.371951868716   -0.837425019536
0.212318534463   0.569575039368   -0.794043521814
0.72309395822   0.454998704077   0.51972233638
0.657309643618   -0.684514757967   -0.315251611688
0.786571116281   0.193937384748   -0.58625435551
0.0574777394152   0.922283817108   0.382215737509
0.61481882537   -0.334336434337   0.714294729094
-0.259606550894   -0.8602967604   -0.438741288322
-0.522339282552   -0.257036498886   0.813076815223
-0.812259877093   0.440251879718   -0.382638431564
0.655363983961   0.500380331886   0.565789336038
0.440324657053   -0.861727769753   0.252070330398
0.613687416934   0.0839331790046   -0.785075142789
0.201219905822   0.898555581131   -0.390010790938
0.832527165538   -0.366676917249   -0.415266850204
-0.516148300464   -0.241134621848   -0.821854625778
0.491524973637   0.351357064567   -0.796838386065
0.684695917053   0.409496065618   0.602913321678
0.53814003893   -0.841938944024   -0.0392952046812
0.456373604086   0.714739534035   -0.529972198733
0.239860310758   0.474744898359   0.846808309048
0.856848974012   -0.513580256082   0.0452233935988
-0.5689552158   -0.178503917854   0.802761678547
-0.33693882883   0.941062783637   -0.0295476367034
-0.750174770876   -0.287292861936   -0.595567480157
0.755240338806   0.634118264819   0.16584950177
0.562635749244   -0.497399157164   -0.660329534715
-0.336233616236   0.592020360265   -0.732433513022
-0.149821486276   0.515409544409   0.843745534093
0.655021382279   -0.587491609758   0.47518480689
0.740608205144   0.623864258853   -0.2495854077
-0.0286961370395   0.641153412184   -0.76687601648
0.84472972902   0.425728820767   0.324324915775
0.534423247547   -0.638496098756   -0.553818120499
0.849661860506   0.0785322455439   -0.521447417484
-0.264325998287   0.91907672582   -0.292283661329
0.456296492887   0.386174388665   0.80166255501
-0.0349032069639   -0.471760524445   0.881035625247
-0.59448524821   0.718442780569   0.361147145221
-0.803348650985   -0.511157488858   -0.305530629528
0.834905623202   -0.014986912084   0.550189051891
0.204149935065   0.936754281331   -0.28427842061
-0.511131494205   0.349666711137   0.78516099417
0.667012611713   0.662332210839   -0.341189417516
0.732612921707   -0.666379152999   0.138625874282
-0.135545133031   -0.342424982378   -0.929716435391
-0.637692341854   -0.677872770184   -0.365837369693
-0.740542447229   0.670223589279   0.0489614493105
0.212003201566   0.302140442689   -0.929390010314
0.744533368093   0.633927455596   0.209298937729
0.593520761261   -0.485031938817   -0.642243822213
-0.305619322435   0.60239522098   -0.737371569073
0.122293797947   -0.878291035106   -0.462221902461
-0.518451204987   -0.453657696435   0.724846912538
-0.846317066772   0.150995219201   -0.510830569304
0.902550622235   -0.209058573043   -0.376426470158
-0.430558365771   -0.447678229793   -0.783711488785
-0.00467633009803   0.869412857638   -0.494064182446
-0.252454692599   0.380100004058   -0.88982617114
0.285863859672   0.907863381304   0.306701702965
0.924417915049   -0.176940859565   -0.33785122507
-0.837793381171   0.480135022097   -0.25994732281
0.494224677652   0.464554430558   -0.734800074126
-0.232043569356   -0.744083020564   -0.626495203562
-0.31338178549   0.730645440852   -0.606588078979
0.779579583716   0.562691324077   0.275016630198
0.542261496374   -0.386698479432   -0.745933480445
-0.552836960778   -0.822360384798   0.134516497878
0.732522742654   -0.556561041146   -0.39198244202
0.397217474668   -0.118165988642   0.910085202994
0.0323782880056   -0.847789325504   -0.529343843612
0.0962994919159   0.529803668091   -0.842635437496
0.99482563953   -0.0236924508724   0.0987958173981
0.932729029128   0.358875200823   0.0350021208033
0.354265496834   -0.893987581264   -0.27437595087
-0.0671752631525   0.268318457988   -0.960985270045
-0.189347526652   0.644483064988   0.740803005474
0.0413041896405   -0.748555299605   0.661784653112
0.981041017437   0.155905555127   0.115117243957
-0.70396201863   0.366689853   -0.608256547556
0.521310032338   0.848407887448   -0.0918689646497
0.482362235381   -0.381762502334   -0.788406028187
0.316736959587   0.187017703017   -0.929893584256
0.948356671529   -0.080262641616   0.306883582605
-0.0172430521923   -0.979072156924   -0.202781631773
0.0219900516696   0.514269977138   -0.857346386677
-0.992166718508   0.116704620241   0.044555953039
0.122970072862   0.849650764067   0.512807897322
-0.4746491824   -0.403162673402   0.782411664765
-0.423614463564   0.883839271852   0.198441245336
-0.77153025906   -0.237250922793   -0.59029912738
0.615630123343   0.413957999513   0.670550764503
0.787387588735   -0.357618660352   -0.502125169252
0.0319427337913   0.837106728637   -0.546106211541
0.0709101526846   0.392308131685   0.917096549133
0.997239041015   -0.00756112518258   -0.0738723552165
-0.0220464440246   0.919802782994   -0.391761145673
0.780516941207   -0.53616931164   0.321427712203
-0.265909674402   0.180583654493   0.946932727487
-0.565760859353   -0.824567774402   -0.00162400548204
0.338364880319   0.482141299954   0.808114455077
0.683553398185   0.464275062901   -0.563208146305
-0.646733297006   0.742959239201   -0.172474947856
0.717328457778   -0.591639592684   0.367970754428
-0.600883354408   -0.257994996359   0.756556525731
-0.352674181279   -0.763807027069   -0.540573535905
0.34653551124   -0.938036847931   -0.000105741231039
-0.916997522502   -0.338739284977   -0.210644819885
0.197556784198   0.0730928747754   -0.977562656863
0.504954563894   -0.665267146277   0.549945917693
0.449049028836   0.74660485135   0.490852488627
-0.737140324501   -0.000905524029271   0.675739093109
-0.585187215922   -0.781388458911   -0.216767154419
-0.784780750219   0.478432024072   0.393982198374
-0.204144794301   0.400668035699   -0.893190925214
-0.974225123457   0.210808591099   0.0802816484519
0.182209557143   0.945213450105   -0.270871207263
-0.132985271535   -0.249261452209   -0.959262030084
0.0442738519464   0.955412110299   0.291937532264
0.708102373119   0.176127008264   -0.683791125815
-0.704720407278   0.236995725815   -0.66873176136
0.670370274525   0.623859942223   -0.401749258841
0.361063484887   -0.747251844006   -0.557895903039
-0.6482567812   0.228939841957   -0.726188468337
-0.452445560129   -0.135450265729   0.88144554456
-0.805329661555   0.486616583866   -0.338597754185
-0.383062865246   -0.863051289573   -0.329249631132
-0.56718379966   0.812133858121   -0.136898258393
0.728972114192   0.417683382235   -0.542346981791
-0.383278219298   -0.407405434943   -0.828926183275
0.0178319592978   0.769283079758   -0.638659193792
0.439585459026   0.567681474195   0.696062043701
0.898023745138   -0.293157445181   -0.328042782855
0.262882994635   -0.926717577062   -0.268490335442
-0.323234356963   0.177605113066   -0.929503077264
0.909072097438   0.331135852074   -0.252857595443
-0.86832733203   0.37920249459   0.319707859019
0.495991579578   0.663861972663   0.559713886465
3.01182001436e-06   0.644587270904   -0.764530740133
0.397230834583   -0.900094695233   0.178989396989
-0.916140658316   -0.377499556177   0.134834641525
-0.0537955277048   -0.217539941134   -0.974567810394
-0.64708048304   -0.762335442692   -0.0114682135512
-0.757824026295   0.644755013535   -0.0999685820541
0.0836037814687   -0.0559968306611   -0.994924500165
0.340419219381   0.838024078081   -0.426415759127
0.911598421244   -0.183004131123   0.368100266747
0.230441041186   -0.514028338274   -0.826239550004
0.168932712531   -0.598124850255   -0.783395432268
-0.958105546388   -0.286168748398   0.0118832322425
-0.231290946153   0.748568041486   -0.621409999715
0.857398156346   -0.287685221167   0.426738344893
0.479867431275   0.746549620332   -0.460858885947
-0.185999058818   0.599917392545   0.7781410362
0.822771256983   -0.560121204626   0.0964971250463
-0.559309969781   -0.767700562796   0.312743036532
-0.10109310915   -0.311287785375   -0.944923331071
0.889768729662   0.41424601461   -0.191603358929
0.153659268372   -0.667179277952   -0.728876286601
-0.429767887372   0.619089695687   -0.657287998162
0.559561382506   0.816971873556   -0.139456147097
0.604571140667   -0.517456210255   -0.605584681215
-0.566908101034   0.254550639497   -0.783466129872
-0.928372151249   0.284784309605   -0.238794987355
0.371528625244   0.694595270957   -0.616038870706
-0.00957233552619   -0.660632504952   -0.750648429008
-0.33911241539   0.912622425545   -0.22830479711
-0.265068971876   0.140158688415   0.95398846097
0.902630163544   0.384025847967   0.194378335506
0.587750952661   0.763120073723   -0.268694195892
0.0323705347275   0.309666457925   0.95029407744
0.808394066224   -0.567234024206   0.157304150749
-0.306120143772   -0.0417732632011   -0.951075945262
0.267866998005   0.954894054176   -0.128158560906
0.91353036652   -0.293993775164   -0.281122626584
-0.91196268868   -0.397637228353   -0.101038060612
-0.406466278722   0.909144655557   0.0907808325801
0.0557603741656   0.123857296632   -0.990732128972
0.0917491042911   0.564028770425   -0.820642216575
-0.0911257515018   0.825415929219   0.557121747137
0.991603851801   0.0236662175366   0.12712871779
-0.0684059017327   -0.388940828464   0.918719582208
-0.737662408259   0.639719395727   0.215901061261
-0.671695474318   -0.662935991454   -0.330667610598
0.773448120367   0.543980470066   0.325366336721
0.633841139271   -0.659837832949   -0.403558475067
-0.00483891027692   0.518362113601   -0.855147532514
0.293331991874   0.360649308093   -0.885374733851
0.878596854556   0.263378124525   0.398371096995
0.37686059748   -0.894742443572   -0.239608117837
0.626080219597   -0.0899244834557   0.774556096289
-0.737163127822   0.255556707056   0.625524814251
-0.254193001483   -0.962602907506   0.0937099856696
-0.697323465336   -0.322334256963   0.640187947042
-0.66817218688   0.615579152251   -0.417861502296
-0.259395276423   -0.719140412721   -0.64463257251
-0.828337673679   0.343394350141   0.442647738335
0.464599009199   0.862582718637   0.200246883324
-0.313056641221   0.371525737899   -0.874050437391
0.891263870326   -0.446505549127   0.0792559650127
-0.295611616587   -0.439508323334   0.848201747854
-0.343893130972   -0.779400556532   -0.523710116481
-0.425078093381   0.56759701874   0.70508314744
0.875199551107   0.0589869476217   0.48015236091
0.23094234395   0.821190701519   -0.521834717005
0.163863492603   0.561465488493   -0.811113592607
0.986333949844   -0.107543988365   0.124818383038
-0.0171491768113   -0.820482050133   -0.571415006306
0.0761398977487   0.918396693218   -0.388265665713
0.970458611356   0.0211506437221   0.24033878395
0.228938412966   -0.395095129445   -0.889655571705
0.808492859339   -0.376032522564   -0.452701710113
-0.43043480925   0.146739969427   -0.890613977104
0.401329255539   0.914913615158   -0.0432192696603
-0.200620468926   -0.370094268677   -0.907073128879
0.872097481155   -0.489285648095   0.00674830791897
-0.446315373032   -0.789702341765   0.420918994437
0.34354064108   0.346914840705   0.872714111835
0.751940053511   0.455123629914   -0.476915754855
-0.562641967527   0.820068640177   -0.104505700275
0.676059833404   0.575425407986   -0.460248521431
0.629844519645   -0.775455036614   -0.0443324614598
-0.38241205879   -0.2599136124   -0.886682542543
0.835678106257   -0.482560316359   -0.262254922036
-0.410726073792   -0.232091789463   -0.881724160992
0.364617875815   0.844552511598   -0.392154131207
-0.195458368131   -0.353588145145   -0.914752128686
-0.124480176347   0.93414350874   -0.334485561962
0.97277989238   0.0484905050248   -0.226600880582
0.325279522265   -0.0713716056381   0.942920639631
0.663023492813   0.72819029832   -0.173605126551
-0.674235186498   0.681648726174   0.28418644253
-0.564025410314   -0.0874244703206   0.821116499295
-0.679002288458   0.614989282688   -0.400929016346
-0.46992684079   -0.783674132448   -0.40623099912
-0.737517954363   -0.255946657518   -0.624946852052
-0.279655986214   0.958073694419   -0.0623484182125
0.614703008581   0.12878705053   -0.77817356616
0.129405164429   0.795133426905   0.592466991142
0.827791432976   0.242315183379   -0.506008591145
-0.545908092692   0.555919224564   -0.626847802714
-0.318109234104   -0.0150643255631   0.947934376605
0.245611235226   0.964427421559   0.0977490138327
-0.915686429617   0.263918196929   -0.303093300832
0.958514763631   -0.0435133587991   0.2817020332
0.283993025897   0.230526924316   -0.93070150877
-0.0244419546046   0.972092549499   0.233320950803
-0.559977491313   0.825095468543   -0.0751174501434
-0.113356932529   -0.166114204174   -0.97956941707
-0.820716375719   -0.540021763267   0.186550534696
-0.926555853463   -0.249793905512   0.281242342118
-0.285026759523   0.954134597179   -0.091580111473
-0.245466895093   -0.165015681773   -0.955256943444
0.0740088861159   -0.687225697972   0.722664181281
0.0921035267124   -0.716844038448   -0.691123399937
0.992995276538   0.117709190891   0.0102430869069
0.35815135998   0.677418790675   0.642519560538
0.836815270321   -0.538110351567   0.100883366252
0.414086714337   0.50153866478   -0.759599342767
-0.139089133788   -0.981237600778   -0.133517717493
-0.990120635065   0.135379201507   0.0365184569185
-0.0177577612552   0.13727796799   -0.990373372286
0.514113362154   -0.0824308999114   0.853752070319
0.225692798956   0.973295546029   -0.0419349565152
-0.827496351251   0.214245015854   0.518988306061
-0.63509406022   0.333460400894   -0.696748702588
-0.582968772951   0.384848233795   0.715568929336
0.506756354954   0.86063676653   -0.0500174812099
0.578113929193   0.652433685805   -0.490014866345
0.669132885367   -0.722754085899   -0.172880617453
-0.466953386681   -0.227940368952   -0.854399038699
-0.874094946244   -0.373685103842   -0.31035054957
-0.471286987277   0.807172617923   0.355472840081
0.117671560181   0.456981189524   -0.881658432631
0.659143589266   -0.363517416616   -0.658319692304
0.134166851779   -0.80451516124   0.578579826021
-0.739952015568   -0.469691863897   -0.481519024354
0.998798667643   0.00615527124092   0.0486141352939
0.0154571422688   0.901855119943   -0.431761993908
-0.0465005190004   0.43199473986   0.900676549303
0.953902749369   0.271447980977   0.128006009118
0.00482869438972   0.412585033535   -0.91090629256
-0.300077037538   0.869534118789   0.392255258494
-0.857299717011   0.492509891592   -0.149903971791
0.506985877848   0.858271454346   -0.0795954158848
0.0894567702138   -0.144236324313   -0.985491434663
-0.819006349771   -0.312017045853   -0.481532930658
-0.573624489237   0.425426294899   0.699976723418
-0.0135478986851   0.84950446207   -0.527407455723
0.425924736373   -0.448726356045   0.78564163436
0.845629824399   0.50620066295   -0.169325396906
-0.321711548342   0.736481871699   0.595059772831
-0.717197040073   -0.447482329602   0.534217165593
-0.174288456567   0.857412453954   0.484218358294
-0.674723609508   0.254172085989   -0.692924679132
0.932406501817   -0.347469559735   0.0994133812954
0.0555100505933   -0.13411988694   -0.989409161783
0.357122877461   0.928049977208   -0.105766201731
0.719005521705   -0.690863792338   -0.0757514376673
-0.694078634482   -0.719393661265   -0.0269742466744
-0.035859573714   0.0719720867098   -0.996761812329
-0.211590605554   0.429282413113   0.87803531891
0.834356322103   0.547203167608   -0.0664696890613
-0.508997975662   0.718529958728   -0.473957544615
0.802324943305   0.55389860551   -0.222420817125
0.42666492407   -0.792797205749   -0.435235144065
-0.417410742129   0.25430085111   -0.872410079535
-0.554833801765   0.749616734134   0.360879759231
0.793107347136   0.60758289765   -0.0427054735017
-0.251277107262   0.262521948522   -0.93163406835
0.817770092173   0.501489012803   -0.282419628181
0.421799814778   -0.856060697915   -0.298739012711
-0.39158267658   0.125175283103   -0.911588808553
-0.096111072194   -0.926542435912   -0.363705614467
-0.6888810311   0.325667038204   -0.647598566882
0.718474484259   0.188308505623   -0.669577716725
-0.389383895303   0.107448304301   0.914786876159
0.62072387261   0.764378921199   0.174432612269
-0.680501315842   0.635751306844   -0.36433256795
0.351011104042   0.179064511409   -0.919090368576
0.0868864921041   0.971081512323   0.22237678367
0.932331455194   -0.157913258402   0.325302106499
0.999999816308   0.000352822834579   0.000492848460747
-0.000352285778974   0.999999344595   -0.00108935934181
-0.000493232488583   0.0010891855182   0.999999285198
0.745545614028   0.344489698518   -0.570516069049
0.575246252492   -0.76489874467   0.289864898814
-0.336531553383   -0.544294734666   -0.76843331237
0.876441196669   0.0160127831924   -0.481242578702
0.0562598460405   0.98919585153   0.135375023692
0.478210893335   -0.14572288115   0.866071119138
