0.366587026208   0.207963223569   0.906843564163
0.849808268746   0.3219292824   -0.417357692525
-0.378734548981   0.923641074651   -0.0587137687011
0.642719924058   -0.215271464952   -0.735234177386
-0.199346417261   0.879654956554   -0.431819595821
0.739710825353   0.424105356943   0.522458171597
0.92250546563   -0.220212797856   -0.317001560789
0.118015494585   0.942871975956   -0.311552210705
0.367499672   0.249997521224   0.895793073462
-0.232711360669   -0.972544728768   0.00147416492559
-0.804368813145   0.191617631229   -0.562381983923
0.546659158027   -0.132058448986   -0.826876248901
0.683283090776   0.211202009397   0.698940576219
0.246760621467   0.834132897186   -0.493286433552
-0.687192413777   0.509525289912   0.517832565013
0.261871848931   0.897494527036   0.354861534515
0.873666972001   -0.0642359353122   -0.482265245119
-0.410035555498   0.436322493754   -0.80093290897
-0.807588980133   -0.583672661586   -0.0844171977814
-0.221723922228   0.167858830302   0.960552921707
-0.54647830833   0.794449266603   -0.264975133392
-0.975100511293   0.221293284297   -0.014431742864
0.136396862575   0.547157663946   -0.825841623234
-0.174856766402   -0.80724703351   -0.563717427559
-0.758266068056   0.648934101361   -0.062586756796
0.608531794442   0.73894977966   0.289209747923
0.233926538017   0.181211906979   -0.955217577089
-0.538600666109   0.77001577259   0.342030747785
0.841799986171   0.509033295981   0.179604807465
-0.0358065042908   0.384656747692   -0.922364939005
0.242201443499   0.310560053389   -0.919179478669
0.24229891251   0.898007409038   0.367251862227
0.939483740021   -0.311665119242   0.142250327537
0.255487156749   0.130425129936   -0.957974737776
0.343970627079   0.91376533385   0.216141440637
0.903554381564   -0.384736533403   0.18859289335
-0.332689838549   0.778007547773   0.532936888321
0.857622334407   0.0145934521148   0.514072915725
0.39217521958   0.628085413589   -0.672091742535
-0.633880423379   0.295664445816   0.714687445208
0.743352984635   0.488081771988   0.457386624299
-0.213592951877   0.821193472535   -0.529168528519
0.386144653819   -0.0112517719654   -0.922369613525
-0.921162840516   0.047860199049   -0.386223280759
0.0484904895829   0.998790668246   0.00811624576898
0.809868328033   0.210696754611   -0.547467048182
-0.464051444688   0.80101481656   -0.378195082378
0.358844740705   0.560341093664   0.746490663585
-0.204923622893   0.507983395885   0.836635630537
0.868257528318   -0.300226968601   0.394959025522
0.451813206201   0.807351619078   -0.379536809641
0.351684792606   0.733305214681   -0.581877365749
0.64823973597   -0.639207882041   -0.413761438808
-0.67535401928   -0.231682424145   -0.700157270178
0.3320390024   -0.850573837137   0.407767395046
-0.906591847329   -0.407138594415   -0.111037774175
0.260463669715   -0.33280972419   -0.906309199028
0.439997162604   0.0716417572272   -0.8951368362
-0.870899857718   0.277077996277   -0.405907898181
0.21894276587   0.958172866763   0.184306328358
0.873881709509   0.450674828678   0.182271655999
0.164103508098   0.0794571350476   -0.98323781575
-0.457603317749   0.889144961458   -0.00452118338928
-0.438361158967   -0.252141175461   -0.862707552967
-0.561550188683   0.826280400122   0.0438416008434
0.701784069283   0.503672044103   -0.503799158485
-0.566938207499   0.338248437926   0.751111884554
0.601583717076   0.79289742054   0.0970088235649
-0.562741592764   0.506854687994   -0.653008594915
-0.619015151035   0.780671713576   0.0858598766157
0.765604566506   0.624190069586   -0.155680457268
-0.175128211705   -0.0306338481525   -0.984068939055
0.359223701758   -0.615307392902   0.701680229403
-0.858726789862   0.0764850531633   0.506693533624
-0.365440326824   -0.78456793771   -0.500905698359
0.837653114443   0.254242233048   -0.483423361866
-0.0657359631885   0.925554580433   0.372863918585
0.542232462148   -0.280552322346   0.79200653496
0.0747378778335   -0.216177547897   -0.973489351458
-0.868114741934   0.466274407877   -0.17019098506
0.49070464075   0.857820170166   -0.152818556472
0.823788435429   -0.394195508824   -0.40740951692
0.242895711213   0.894792169398   -0.374631348205
0.512224840405   0.209658947833   0.832867839735
-0.900019984155   0.117160615192   0.419806405823
0.427580330146   0.0506214788408   0.902558877388
0.0844931322318   0.991821988125   -0.0956559171078
-0.687949134417   0.623921722674   0.370739359159
0.702689922724   0.700389026365   0.125228128825
-0.181529228933   0.346665394468   -0.920255531535
-0.656471901736   0.525199040927   0.541489251638
0.124976186354   0.783623783687   -0.608534895042
-0.743925799441   -0.3318127982   -0.580064368735
-0.387282781301   -0.85566281156   -0.343297538907
-0.363877075956   -0.200267737196   0.909662743566
-0.847116002033   0.477214822015   -0.233795835609
0.998511109801   0.0537494197978   0.00930394943254
0.0207938010669   -0.532735555171   0.846026267969
0.0504299657033   -0.844573163277   -0.533060025167
0.186975431248   -0.782341001325   0.594123510522
-0.547594405958   0.419109504733   0.724215154223
-0.815586019174   -0.460749151588   -0.35004237549
-0.613449913622   -0.76677330246   0.189044719871
-0.737428014118   0.470497773904   -0.484594437386
0.282628957241   -0.43668128811   -0.854066932472
-0.718744163815   -0.248362147949   -0.649402086883
-0.439908437973   0.885741255558   0.148131679266
0.538411917756   0.392146237606   -0.745877962638
0.717974763702   0.694824089038   0.0416139877764
0.340554126162   -0.402783576268   0.849581236753
0.60707093971   -0.59580607246   -0.525813653473
-0.0714756303297   -0.12710490932   -0.989310657123
-0.616872940012   0.78504700275   -0.0562936884131
0.783810570323   0.606255346781   -0.134519308462
-0.865860302733   0.415970097965   0.277947501788
0.37038934794   0.906473648606   -0.202773901959
-0.336299965929   -0.0726250781873   -0.938950441149
-0.344734408849   -0.875061120203   0.339744349862
-0.449295693024   -0.163963977812   -0.878207944743
0.824191462941   -0.4553941698   -0.336637167476
-0.564464649576   0.650161548617   -0.508595733445
0.638175675849   0.73451674614   0.230688006611
0.523556554856   -0.194358201113   -0.829526023418
0.651492243858   0.151492624479   0.743375975481
0.743458097258   -0.322630540736   -0.58581532227
0.151089092309   0.93432302707   -0.322819713265
0.0370580133674   0.898726441886   -0.436941055864
-0.125202945426   0.437971674205   0.8902275187
0.991438816116   0.0217162438839   0.128753557814
-0.188681176208   0.177647869059   -0.965836760723
0.960417501717   0.238619094777   -0.143732912037
0.204933248009   -0.954726223703   -0.215639054055
0.435316209954   0.855224583472   -0.281230704541
0.684189496692   -0.111240918319   0.720770553441
0.585136334513   -0.506178199765   -0.633560652279
-0.00650907480478   -0.996207105306   0.0867700137355
-0.293383484549   -0.0810507845227   -0.952552833875
0.955972678971   -0.031657126635   -0.291743146268
-0.0299379021343   0.592076480557   -0.805325501389
-0.363376598838   0.744113746317   0.560582001102
0.931161194119   0.30941909074   0.192869533243
-0.112117812728   0.349291984539   -0.930282057016
0.185339408501   0.927107275096   0.325762803463
0.976257599062   -0.135894113194   -0.168682809656
0.322195051139   0.935164141956   -0.147167851864
0.120218718963   -0.194617652909   -0.973484169767
-0.939008950241   0.295959451238   -0.175129079798
0.103623975532   0.940604545904   -0.323303510529
0.832367107615   -0.259944378169   -0.489483317815
-0.544451163885   -0.218385000592   -0.809864755167
0.521782520586   -0.396756393471   0.755200215473
0.639698061159   0.767652350293   -0.0386815154774
-0.564384081774   0.50328345227   0.654351873926
-0.412028977737   -0.807580122388   -0.421955527785
-0.812222619626   0.115652261668   0.571768283957
-0.412948589624   0.578306925684   -0.703586925712
-0.810204473797   -0.49778773775   -0.309477105435
-0.345734906923   -0.0205047857904   0.938108164284
-0.473324502617   0.867056469849   -0.155489527999
-0.276175094212   -0.787750521976   0.550614595215
-0.75512086757   0.532260677267   0.382741488208
-0.59457530448   -0.310076904271   -0.741844000273
0.583838572482   -0.636663061994   -0.50377839054
-0.304671467724   -0.746980985335   0.590926987288
-0.752534263697   -0.191519067046   -0.630089381693
-0.0684146068881   -0.983371152928   -0.168227872698
-0.437056566253   0.18112310748   -0.881008500431
0.896828299877   0.0132512461676   -0.442180285647
-0.489916857783   0.845673688082   0.211701407052
0.71512236883   0.250969580313   0.652391191967
0.498579452104   0.471009854509   -0.727714399264
0.210130117   0.39029744542   -0.896388999279
0.873293171041   0.337278779372   0.351570849758
0.439550192064   -0.856686015459   -0.269971664389
0.829655508751   0.428174051766   -0.358243936715
0.487570030029   -0.243155767195   0.838540839015
0.271932349338   -0.870369033384   -0.410500357016
-0.551637694065   -0.806391954401   -0.213138148545
-0.671317788629   0.277595966293   0.687221147934
-0.495003314289   0.522180519912   -0.694477662324
-0.0119939865194   0.657657248308   0.753221805337
0.83742942727   -0.40502350716   0.366971269979
0.54641385289   0.635171553516   -0.545883686305
0.187870192787   0.800544741777   0.569063183731
0.832285186491   -0.437403078878   0.340558240159
0.521542097066   0.409642115762   -0.748456530459
-0.108173278649   0.518547642165   -0.848178568812
0.986157755003   -0.0518759332694   -0.157485776483
-0.125663932906   -0.853473626044   -0.505758188875
-0.81756593115   0.217194923136   0.533303209804
0.347263435437   0.924743487688   0.155748477961
-0.45934089153   0.312531354175   -0.831462625754
0.802925921278   -0.199342261618   -0.561758513663
0.466877652832   0.796228296782   0.384767146064
0.370587671444   -0.571212011548   0.732380785956
-0.931656294877   0.019903006411   0.362795284631
-0.313912836911   0.458708585521   -0.831291263271
-0.182962507189   -0.88836383532   -0.42111093201
0.685887016429   0.71631834001   0.128245999779
0.381101307332   -0.503710681983   0.775265981716
0.619936121099   -0.482870152962   -0.618478472653
0.701652283575   0.671947861831   0.237002413351
0.421008881325   -0.659331269887   0.622923589532
0.574835276231   -0.337295638172   -0.745517308767
0.67769340089   -0.735275370561   -0.0100887975595
-0.728752589526   -0.669722057261   -0.142800662731
0.0982411199487   0.104127304122   -0.989700048948
-0.459446588728   0.10829695144   -0.881578472069
0.141546991426   0.988781791955   0.0476971394892
0.876854196161   -0.102870492397   -0.469621528967
0.566064609814   -0.0616121393982   0.822055230381
0.79057344476   0.323140145738   -0.520167352546
-0.233590423515   0.944343364721   0.231627121795
0.968533010193   0.111715354788   0.222403884117
0.24447964875   -0.259655138152   -0.934242426021
-0.0466209128251   0.959217852594   -0.278796703265
0.416900529145   -0.880733851386   0.224726126255
-0.869440469487   -0.458500199151   -0.183985970653
0.265079646177   -0.118682140197   -0.956894628881
0.368132294332   -0.872283249379   -0.321870388079
0.157720481995   0.399750609396   -0.902952767229
0.916298457616   0.281640521126   0.284738043526
-0.0304758853812   -0.865043597905   -0.500770200924
-0.174572198748   0.497909015517   -0.849476991855
0.984172631114   0.061531991605   -0.166186780986
0.824987590535   -0.515956578242   0.230617182432
-0.563838372575   -0.723632284885   0.398048496899
-0.0384937017772   -0.458415887203   -0.887903772536
-0.229070820647   0.208666212403   -0.950781242416
-0.814981470948   0.493004631484   0.304551531512
0.532289170602   0.844632964747   0.0571261212042
0.317890242598   -0.138575676279   -0.937945934265
-0.759285927072   0.555256719643   -0.339374212694
0.567829793698   0.820052899047   0.071292132478
0.396558602176   -0.912903555512   -0.096686986571
-0.790870899533   -0.286260456119   -0.540904956099
0.466116396741   0.290967437343   -0.835507902472
0.527533585403   -0.73381751767   0.428042249121
-0.845742674755   -0.501193569052   0.183096516732
0.0801725911397   -0.458603158626   -0.885017230639
-0.414709198001   0.469813191782   0.779289321062
0.377391206919   0.868080435879   -0.322509277052
-0.828004926334   0.16034937378   -0.537304308837
-0.433437535779   0.898194020826   0.0733444171791
0.597742748214   0.225632385168   0.769281244878
0.674414938696   0.377276460591   -0.634686507457
0.456293579035   0.889209226552   -0.0332132676279
0.588074798224   -0.329359692038   -0.738708484421
-0.667805511676   0.317536052561   -0.673206249153
-0.47710297815   0.863888432286   -0.161460598303
0.451500434012   0.0833151850435   -0.888372634669
-0.754002723024   -0.496744759917   -0.429795925024
-0.0126988923172   0.203614630754   0.978968753473
0.288071871427   0.938282822511   -0.191415625993
-0.957524587166   0.279582594459   -0.0705708002574
0.317264218516   0.878206488629   -0.35790610358
0.707210415056   0.032342362386   0.706262982487
0.6318202628   -0.477186897269   -0.610815701001
-0.0878857024371   0.00931015049292   -0.99608705664
0.441386548908   0.896796458598   -0.0305618436693
0.893002809486   -0.442345377441   -0.0829249619029
0.277894891766   0.791569930464   0.544234760297
0.854121213471   -0.462877375329   0.237110708548
0.439603664487   0.398950599189   -0.804727927673
0.731283022937   -0.661111450283   0.167799853005
-0.357323554416   -0.161775627149   0.919863318064
-0.580986245813   -0.732639267829   -0.354534462939
0.935767853672   0.258606568233   0.239710589881
0.297142919222   -0.212301500772   -0.930931876308
-0.189854179808   0.942364428253   -0.275508030323
0.376883640265   0.176823710131   0.909226097973
0.434267830342   0.833307326098   -0.342067759079
-0.818150458798   0.523767387116   0.237271049568
-0.434029245262   0.247552567018   0.866219568481
0.856153882203   0.412594922723   0.311072274129
-0.28039105593   0.876631710757   -0.39102135421
-0.76609982997   -0.235784035643   -0.597910477461
-0.140995603934   0.969272315062   -0.201572366475
0.627065618729   -0.0701218068151   -0.775803868267
-0.247871513568   0.801633517267   0.544006816829
0.603743626519   0.566974065494   -0.560387403942
-0.757663082248   0.189536574444   -0.624517846622
-0.316807833156   0.406824871022   0.856811718621
-0.775839672534   0.408503051698   -0.480830593114
-0.545624045814   -0.817079421519   0.186213908067
0.244180767628   -0.564579166636   -0.78843269676
0.375144752169   0.804736967742   -0.460070459462
0.894227134257   -0.183436030674   0.408300202069
-0.612527191001   0.614842819792   -0.496768303372
0.317625936116   0.766943504337   0.557594320148
0.723826087531   0.183755185247   -0.665063776569
-0.434651587725   0.865854337404   -0.247738296768
0.492496814724   -0.00178458805676   -0.87031241674
-0.754005891737   -0.500292995797   -0.425654829154
-0.22650284799   -0.971217931564   0.0737033870318
-0.505894704891   0.181969496356   0.843183046532
-0.832326262601   0.153697208185   -0.532550618045
0.684056324963   0.712253666983   -0.157358374887
0.622991412245   -0.682691433163   -0.381856134368
-0.379405646435   0.163178187741   -0.910727310724
-0.4752683807   0.805276803819   -0.354470359179
0.739092096542   0.146825941457   -0.657407800184
-0.477349807933   -0.574431381581   -0.664955448672
0.65445792964   -0.12233240279   -0.746136449692
0.559191137578   0.742518312644   0.368743578985
0.508910689597   -0.658560049362   0.554354193092
-0.643881906149   0.574203960649   -0.505673711503
-0.311397742629   0.407027725717   0.858696614866
0.698890218   0.710364865454   -0.0832719707345
-0.748027176278   -0.462769091662   -0.475710112728
-0.411991690841   -0.238158372185   0.879513181502
-0.520305862188   0.853888375351   -0.0125080858905
-0.453624231645   -0.889384855428   0.0567418311241
-0.782370002904   0.366935585752   -0.503244924926
0.42675781776   -0.27267719898   -0.862278905074
-0.721017340942   0.549834485757   -0.42168238324
0.201515079855   0.748645840648   0.631601993245
0.662967319446   0.370420630571   -0.650586573636
0.929176468891   0.241268332224   -0.280036928861
-0.182844376898   0.958427296357   0.219054905071
0.32124604822   -0.152337485421   0.934662648788
0.876913115599   0.316101770827   -0.362081562871
0.167019665787   0.505975930262   0.846222659373
0.450697036746   -0.802538490339   0.390901717306
0.719623280769   0.6903397688   -0.074654788121
0.67075474304   -0.718923082664   -0.182312028954
-0.179528294329   0.0811209271766   -0.980402461599
-0.921871276066   0.235139849415   0.307997729831
0.280527334183   0.953306825546   0.111850396261
-0.267315852767   0.189513449613   -0.944789334865
0.445585965135   0.213382879661   -0.869437113507
-0.756157579499   0.609607652872   -0.237916423406
0.47924822654   0.76344368242   0.432983696149
-0.45480518429   0.860444159857   0.229756593184
0.367563832332   0.41633804969   -0.831600539648
-0.811202239583   -0.293766022796   -0.505620856321
0.830269093525   0.316162485688   0.459014721965
0.481100622455   0.00928873671409   -0.876616170535
-0.281416814371   0.948659581733   -0.14439381765
0.392982336332   -0.915648804731   0.0845703832648
-0.914054753252   -0.399015953648   -0.072733601536
0.100343367439   -0.0487189401461   -0.993759363972
0.277267706162   0.55669534148   0.783079124926
0.940366705597   0.0099287042034   -0.340017469902
-0.197061102515   0.830657400863   -0.520744855249
0.493585441392   0.81388875629   -0.306526515053
0.864816202984   -0.42203065262   0.271998278129
0.0920127551064   -0.39934348703   -0.912172369821
0.494614991737   0.696369015547   0.520025195673
0.837309643206   -0.542183341721   -0.0703547109623
0.232956157558   0.470220605829   -0.851248501032
-0.16775185403   -0.949849513038   -0.26390380454
-0.983848677311   0.178265084607   -0.0162277467367
0.0624587513801   0.256919174432   -0.964412485499
-0.264418539904   0.793537486797   0.548070335634
0.678955380578   0.556769385482   -0.478568116963
-0.684910524768   0.245573020582   -0.685996694324
0.56793890634   -0.553749826925   -0.608938853946
-0.764012036502   -0.0794883055924   -0.640286824285
0.30615520042   0.828880412637   -0.468216034326
0.412021477663   0.389365728781   0.823791618794
0.0190051332366   0.900229945687   -0.434999827355
-0.910975909042   0.194885541124   0.363514124905
0.999186283664   -0.00509517024575   -0.0400101209345
0.00909980284592   0.994889765536   0.100556193347
0.0392933089112   -0.100838453343   0.994126572526
0.825970877473   0.523224857533   0.209780499634
0.554377976921   -0.686507711868   -0.470502093779
-0.102162460188   0.504918716236   -0.857099715157
0.991812324051   0.0190543503902   -0.126274485121
-0.0834874334833   0.844980279262   -0.528240642235
0.0966341674136   0.53445791171   0.839652653362
