0.361156048025   0.252383495661   0.897701999604
0.83390038845   0.343436877427   -0.43204311517
-0.417344523287   0.904629030234   -0.0864283896722
0.618488211115   -0.358951312669   0.699018088353
-0.0156777150047   0.883755183003   0.467686845836
-0.785637665826   -0.300217807015   0.540964625819
0.922415175866   -0.225062436693   -0.313842544791
0.122823716438   0.941408062887   -0.314110161904
0.366148300572   0.251192672507   0.896012088795
-0.185723275541   -0.982501418821   -0.0140650964084
-0.8206261383   0.162964995717   -0.54773638852
0.540443897237   -0.0901852104583   -0.836532738005
0.676663766029   0.211300790547   0.705321291085
0.25464168707   0.831665794862   -0.493446670738
-0.690857263803   0.513501686045   0.508952119045
0.302053636359   0.921324323184   0.244796021767
0.814570279251   -0.116047058819   -0.568338227027
-0.495215974019   0.371072191965   -0.785535847321
-0.817477042874   -0.574805236681   0.0364722395628
-0.300547623689   0.479738146645   0.82433150889
-0.491327192683   0.662910439304   -0.564931269442
-0.974423892351   0.22433594362   -0.0130943657681
0.137054553706   0.547109692325   -0.825764514782
-0.178084607205   -0.806439315116   -0.563863018571
-0.748187728622   0.662503493438   -0.0361143173931
0.609710610147   0.707993251773   0.356368527397
0.261664087358   0.244611276573   -0.933647272132
-0.477117220508   0.797919091645   0.368353473017
0.878836173831   0.432002648344   0.202535654611
0.00247738968324   0.420355605426   -0.907356064358
0.228744573016   -0.317473031491   0.920264524249
-0.202536655879   0.909122092566   0.363972421804
-0.952184238129   -0.26964401548   0.143656818754
0.249149126503   0.0736592242017   -0.965659894297
0.361533202211   0.917947324457   0.163298662646
0.898453369109   -0.389803832989   0.202075518866
-0.327360447624   0.789519006746   0.519128958273
0.865443491084   0.0300080248655   0.50010707072
0.379266003054   0.612992052502   -0.693107525928
-0.626840732302   0.248839492552   0.738342470182
0.759714826532   0.405525171388   0.508313601744
-0.172927958049   0.879561392012   -0.443246747318
0.278789950038   0.943962108654   0.176668336674
0.045897582828   0.170655170441   -0.984261258352
-0.959254698007   0.282510796656   0.00425136737252
0.804639044136   0.149302763915   -0.574686604454
-0.429953669462   0.814028125608   -0.3905099907
0.409506838488   0.561308200018   0.719192084095
-0.200919653259   0.502080342756   0.841157905718
0.867954380485   -0.306874378825   0.390491112599
0.454187721467   0.808544027891   -0.374125739063
0.321645100688   0.600220502451   0.732311257349
0.698234499801   -0.672741900221   0.24471803974
0.639541251594   0.432612625941   -0.635478798533
0.402479858141   -0.812382440484   0.421953473957
-0.871205146083   -0.481453354164   -0.0959388409539
0.281089945089   -0.328994586822   -0.901527040422
0.440133000029   0.119922967391   -0.889888433556
-0.880352025188   0.252779355495   -0.401351353781
0.176814179385   0.960063060079   0.216830963289
0.867335281559   0.470109344662   0.163483067699
0.146531668947   0.0727250107874   -0.986529037992
-0.475665827403   0.879606887687   -0.00580893915313
-0.396857372606   -0.246952590922   -0.884035431216
-0.647069276398   0.758365537285   0.0786324576729
0.65100351562   0.60323803734   -0.460758388914
-0.501728189948   -0.385651495074   -0.77430081219
-0.697552878048   0.709729862632   0.0985063673861
0.511555281215   0.589539181425   -0.625103789643
-0.680164035887   -0.632445231242   0.370661454382
-0.723952475988   0.500062568259   -0.475215993351
0.115194169972   -0.591566105609   -0.797984865708
0.44310780849   -0.561934612485   0.698487624333
-0.848465243435   -0.0113377290096   0.52912965007
-0.289417001465   -0.827103951866   -0.481805824031
0.843592515406   0.226729358189   -0.486770444959
-0.0298789380616   0.924904604411   0.379023378962
0.536151953285   -0.305197101681   0.787017034196
-0.104890023119   0.909201400892   -0.402927903808
-0.160663776143   0.384348187087   0.909100446661
0.98142000901   0.160091485407   0.105761440113
0.830209278949   -0.252875341704   -0.49679635134
0.407246018805   0.883687954169   0.230751554328
0.380661573205   -0.393890417775   0.836628415409
-0.909224512004   -0.414174844562   -0.0420711885151
-0.142162530736   0.213914125184   0.966452565779
-0.391280719722   0.884703309126   -0.253376110151
-0.660749473566   0.638578049077   0.394497412437
0.736251644765   0.653676677458   0.175043757183
-0.146094656863   0.406109439172   -0.902070659456
-0.649818608485   0.618888917908   0.441262148109
0.0162368234629   0.591709943665   -0.805987411893
-0.759915877994   -0.516580922854   -0.394552922322
-0.405807201706   -0.861320041673   -0.305693148198
-0.375452550992   -0.14784284938   0.914974247638
-0.833280203171   0.486076411379   -0.263389113868
0.99893453446   0.0166256999761   -0.0430509229178
0.0452450264181   -0.536620768531   0.842609659549
-0.00909304394549   -0.843659728138   -0.536801247829
0.192539284882   -0.768365208518   0.610363441006
-0.576567365646   0.414729609718   0.703966919461
-0.794039480535   -0.487456928521   -0.363162561655
-0.550732234039   0.804014885737   -0.224174195443
0.828153327865   0.492822488185   -0.266998240977
-0.104192475426   -0.332695143716   -0.937260833179
-0.728286876442   -0.22758030237   -0.646378706003
-0.438151313848   0.879893826857   0.183875717899
0.526898141746   0.417125951521   -0.740529735252
0.665360978241   0.746447799128   0.0105096056441
0.382575645014   -0.353037635324   0.853815146203
0.641038723071   -0.564074561756   -0.520470214616
-0.070850582203   -0.0312316736022   -0.996997882427
-0.696034948223   0.71750056857   0.0269867551609
0.714503705975   0.695857396789   -0.0725736693325
-0.884211730959   0.346134954364   -0.313624310605
0.343251905333   0.936901836611   0.0662802990292
0.316777120892   -0.0490463242409   -0.947231077276
-0.327819111856   -0.452536773719   -0.829303984273
-0.873902042073   -0.1882475984   0.448171911833
-0.358928754436   0.871649763452   -0.333761650149
-0.510219665122   0.613054254815   0.603191821875
0.763166303255   0.646106211213   -0.0111336160806
-0.396551493376   0.454655082986   -0.797518444061
0.651329646053   0.167955265574   0.739973459618
0.746208580702   -0.318659747607   -0.584490136223
0.137631559823   0.932870298606   -0.332882200965
0.0227545721472   0.887310560783   -0.460610679608
-0.114165998473   0.460022257218   0.880537135875
0.993201064356   0.0325498323586   0.111768305769
-0.1728454584   0.301998461541   -0.937508067559
0.934383751839   0.351332876725   -0.0590949577563
0.311530820001   -0.886206600607   -0.342908747673
0.388525014423   0.872284514098   -0.296931035145
0.694512277567   -0.0654428525488   0.71649838057
0.605558427797   -0.484599793144   -0.631238489803
-0.0452133617345   0.312121862522   0.94896559203
0.997609853009   -0.0355802956637   0.0592336368969
0.0522525894115   0.949375576627   -0.309767140613
-0.0367915181493   0.624047644233   -0.780519648644
-0.409519586738   0.703039045235   0.581403310063
0.911559154564   0.341028794388   0.229693859579
-0.0959060168204   -0.153094461141   -0.983546705503
-0.431717142115   0.896725873804   -0.0974834163051
0.896895950009   0.415264726672   -0.152094909974
0.277747555339   0.95400803785   0.112804960978
0.357847700078   0.00622777344481   -0.933759197217
-0.891516303301   0.299716330146   -0.339659833351
0.0910677413207   -0.819921321362   0.565186423463
-0.935369145197   -0.265192777383   -0.234002891087
0.34174731704   -0.507347827038   -0.791079612742
0.518832497853   -0.408402748954   0.751012672209
0.643529706336   0.764885442343   -0.0286317508202
-0.562745374245   0.498154047197   0.659666725724
-0.369436526874   -0.7796035742   -0.505702402313
-0.783591841823   -0.0311667594941   0.620493721589
-0.499500228268   0.625497322294   -0.599376861218
-0.813449179123   -0.574363203742   -0.0916915654441
-0.492128279336   0.595636121955   0.634844364314
-0.310016434508   0.561537639353   -0.767180089632
-0.299075516478   -0.778755618089   0.551446754218
-0.746216482869   0.551055705266   0.373495074116
-0.594739267359   -0.299795425229   -0.745927548006
0.413779464016   -0.540301804798   0.732707659909
-0.845025679357   -0.52738237697   0.0883143798368
0.338700688493   -0.655699464839   -0.674788896931
-0.073416788484   -0.974766719653   -0.210807536454
-0.477910230546   0.219913890799   -0.850435001733
0.875335242469   0.0383108717061   -0.481996359324
-0.490856808547   0.829828775239   0.265412504016
0.672946905062   0.167631246654   0.720445853699
0.553355271476   0.53224427562   -0.640713644773
0.208661816523   0.34564808112   -0.914870291541
0.894614770974   0.310484789181   0.321346553184
0.39512612908   -0.885509231858   -0.244435558816
0.776391839547   -0.536109892042   0.331363690136
-0.492198007572   -0.187375244295   0.850077431278
-0.39364556752   -0.823089728694   -0.409348831306
-0.502717414221   0.657284523324   0.561473291295
0.81138973559   0.134724288957   0.568767142989
0.298197750524   0.741502812782   -0.601042161765
-0.0815575752943   -0.578285530139   -0.811747625524
-0.780574439762   -0.469362960268   0.412797717435
-0.619719215374   0.667296228942   -0.413114798739
0.25488094351   0.925137682991   0.28134671163
0.939913499866   -0.305378944341   0.152664053149
0.227152630197   0.225530414497   -0.94738467094
-0.141953729235   -0.970726105717   -0.193752332722
-0.438222704277   -0.113880471032   0.891623294768
-0.887586615611   0.21147592297   -0.409228461609
0.937740957179   -0.343385196579   -0.0522350839869
-0.267481819396   -0.809874729804   0.522069342442
-0.221574758313   -0.475593869594   -0.851302001456
0.792469566178   -0.197285464152   -0.577122545319
0.46961626549   0.801144462421   0.370982632368
0.389169050502   -0.565018580195   0.727531067491
-0.921768009263   -0.0518137409363   0.384264327448
-0.339529396027   0.586459365805   -0.735380990707
-0.187252573635   -0.808319706867   -0.558171770297
0.673657378358   0.727454732826   -0.130366208322
0.384504744763   -0.495634188341   -0.778782930349
-0.631143278375   0.474506441512   -0.613597424314
0.688518007576   0.702542122042   0.179937544718
0.473335532802   -0.623309752959   0.622445519908
0.549451022958   -0.343394115592   -0.761698138863
0.549631968848   0.833596755392   -0.0549649726634
0.815415201927   -0.54962410364   -0.181690377195
-0.181666582747   0.055043565455   -0.981818444833
-0.410695680947   0.542602263183   0.732742684466
-0.00735717210738   0.801648101379   -0.597750946108
-0.911742797981   -0.250884645889   -0.32524139464
0.54787778074   -0.0681167148571   0.833780576967
0.799199198013   0.337140478885   -0.497611233184
-0.247205540523   0.93898690654   0.239150601255
0.965315254163   0.152244957822   0.212103590016
0.245048227795   -0.247967165154   -0.937263917507
-0.0900989796535   0.956730765588   -0.27667384416
0.33937165817   -0.919205653412   0.199719414095
-0.910386259751   -0.374388926402   -0.176152745773
0.236693336803   -0.122040560973   -0.963889187506
0.38327123888   -0.812651999386   -0.438975950756
0.00613469016841   0.477498788504   -0.878610990458
0.923615462746   0.334053341357   0.187996920464
-0.0487328106296   0.152785412141   -0.987057106253
0.857047969621   0.513889752113   0.0372303698895
0.512926789062   -0.844140948249   -0.155987719238
0.818621114384   -0.508448960055   0.267093852611
-0.574333591449   -0.725222258258   0.379728326387
0.000629934302069   -0.464254597334   -0.885701570529
-0.244448187241   0.177230807119   -0.953328025793
-0.764877390114   0.569042569318   0.301915770368
0.595993004864   0.802981815057   -0.00354158733581
0.271218004381   -0.187448533177   -0.944088894919
-0.705595709523   0.628407252064   -0.32747369399
0.654656771753   0.754961835435   0.0381724800774
0.424805253963   -0.899109918442   -0.105554965615
-0.789420883824   -0.310836549535   -0.529334778431
0.443119808166   0.308191489231   -0.841821145837
0.582868640133   -0.692538071167   0.425035490675
-0.8061520717   -0.558443361962   0.195601249418
0.101896936376   -0.456653075611   -0.883790123781
-0.531264209558   0.169267857814   0.83012452798
0.0988229798565   0.985530130669   -0.1377112203
-0.841422817788   0.00887433690669   -0.540304439969
-0.435284755159   -0.604053898107   -0.667567277589
-0.898978371958   0.251574749306   0.358535956723
-0.0486319717655   0.756193780518   -0.652538043051
0.448588360844   0.892252595578   -0.0515149318166
0.576300991885   -0.332834185471   -0.746390361496
-0.68311466773   0.305133922511   -0.663511597536
-0.463351989469   -0.544956379421   0.698804320526
-0.882356101909   0.210589388171   -0.420832293217
0.0821744685433   -0.811587736551   -0.578422598627
-0.0294856105409   0.1039288124   0.994147574922
0.345207712818   0.934443340984   -0.0874487135518
-0.938063022286   0.340608931833   -0.0634296600494
0.262701215223   0.874632132469   -0.407439203285
0.73085859185   0.0953161049284   0.675840631259
0.629947450379   -0.475324597506   -0.614192752128
-0.0835701488754   -0.420892832603   -0.90325259683
-0.0523467940217   0.907026076238   -0.417807982426
0.995126043963   0.0123661023432   -0.0978326946386
0.281445005758   0.805037806613   0.522209573502
0.8645522766   -0.44885553494   0.226004579114
0.416338888119   0.387869615563   -0.822325417072
0.719737351328   -0.687610027882   0.0957632218521
-0.29295162825   -0.175748603722   0.939836034528
-0.629410429378   -0.704489089942   -0.327929311812
0.967004312332   0.160919092658   0.197503684901
0.233431779792   -0.249154922018   -0.939910330306
-0.102040502323   0.955000979293   -0.278497514232
0.380263461815   0.235867326627   0.894296541332
0.373350622393   0.845503297012   -0.381750556648
-0.846173157437   0.479051958531   0.233452797499
-0.439718338486   -0.835366340821   0.32986491087
-0.291694283211   0.48019721217   0.827239434847
-0.849448190264   0.267532641088   -0.454823106285
-0.762147794757   -0.253430411389   -0.595738000743
-0.154697580859   0.964830398218   -0.212534611653
0.628648866556   -0.0698235580399   -0.774548431875
-0.364876536461   0.730177415292   0.577672965733
0.518821147348   0.67464703264   -0.525048567672
-0.773103958213   0.108131048028   -0.624994356973
-0.323412832942   0.346484677253   0.880541031367
-0.732028117849   0.498050980387   -0.464844119695
-0.599615688729   -0.794917347506   0.0925604476352
0.241370502602   -0.626008448276   -0.741521208841
0.468220962243   0.744414699181   -0.476041895382
0.850005535858   -0.232293302379   0.47279002811
-0.645367782442   0.551719429974   -0.528304927077
0.271180082309   0.812043890962   0.516765016338
0.714116088842   0.190237719028   -0.673682285587
-0.304809529732   0.501416445374   0.809736190924
0.8946682684   -0.140793230314   0.423964569056
0.326588181204   0.853673716712   -0.405686264609
-0.22002574567   -0.972099366672   0.0813110850868
-0.508894530351   0.185495897948   0.840605513201
-0.832234959745   0.143576088399   -0.535509923922
0.825780197114   0.557102407365   -0.0878861409014
0.500040225067   -0.795273978609   -0.342781376772
-0.260857891139   0.239115467202   -0.93529511598
-0.350088932082   0.830534196431   -0.433186666683
0.757189965573   -0.0213361838909   -0.652846171232
-0.551453620597   -0.556558816133   -0.62140259777
0.675632236006   -0.0936059778476   -0.731272180916
0.546742702239   0.729021628616   0.411825063054
0.494563948563   -0.67806001646   0.543728898312
-0.634559810017   0.628204982755   -0.450213668329
-0.306454512893   0.330255510771   0.892758046243
0.709520598035   0.704478386642   -0.0170506221835
-0.783607497738   -0.427307242039   -0.450963202922
-0.372076316558   -0.258507270274   0.891478101735
-0.497512315572   0.866361652035   0.0435773305501
-0.428217027543   -0.903057598177   0.0334238193098
-0.8111799495   0.367823069629   -0.454635325264
0.398267833062   -0.22179531966   -0.890050318423
-0.730732824314   -0.543006189662   0.413731576582
-0.156614293272   0.723236798114   0.672607238287
-0.664455794328   0.426699908416   -0.613535398771
0.93496647348   -0.224042579476   0.275032027318
0.163457960366   0.960195590594   0.226508108017
-0.314832000695   -0.166821312746   0.934372228264
0.827057297346   -0.181311580758   -0.532073620461
-0.360366197935   0.555427269593   -0.749424280083
0.431407499115   0.811558167278   0.394031611462
0.707068948324   0.70592231479   -0.0415594489449
0.703698498027   -0.69661193856   0.139786376052
0.0697275138635   -0.128083927706   -0.98930914343
-0.935908719108   0.249658550882   0.248486372803
0.161198544518   0.930804744452   -0.328051149901
-0.313193069436   -0.266970289877   -0.911392871148
0.454794808575   0.192963401031   -0.869440514329
-0.753185487153   0.604303081934   -0.259864208977
0.475261300797   0.773034870512   0.420171137677
-0.477769626602   0.835177238923   0.272424601462
0.369710319314   0.472464537598   -0.80005721077
-0.796900535631   -0.281524848454   -0.534502849397
0.825698659495   0.314377692583   0.46838914389
0.490416158101   0.0102785247995   -0.871427761665
-0.278771798396   0.949242339097   -0.145688936041
-0.98676087393   -0.139563632674   -0.0826133773431
-0.146544593767   0.549041842243   0.822847335478
-0.0694813623852   0.82406009969   -0.562225303931
0.273386735981   0.421341598107   0.864714374978
0.961456103499   -0.0922591213902   -0.259018176128
-0.0293573437792   0.902197047337   -0.430323871219
0.468138663687   0.852533099736   0.232451081769
0.863827925084   -0.386105298281   -0.323610899824
-0.186138409273   0.352292509846   -0.91719271699
0.544559874384   0.712050628367   0.443213769927
0.822189758943   -0.557606464543   -0.114363591184
0.165706196321   0.426683645506   -0.88909084078
-0.0236788995285   -0.974371213301   -0.223696330789
-0.996735213259   0.0402863167584   -0.0699709034693
0.077189535349   0.221309175981   -0.972144034729
-0.226020057774   -0.853030982134   -0.470375463862
-0.640571874889   0.493936412165   -0.587957901417
0.73388187509   0.168419013941   -0.658067191978
0.447591330633   0.557117633105   0.699486914549
0.832028058085   0.0271999746682   -0.554066306444
-0.327706135586   0.829988014528   -0.451363029543
0.415902008629   0.240982017289   0.87689975856
0.178757719476   0.923777021679   -0.338646854328
-0.891667649377   0.29759650798   0.341123322996
0.998864602237   -0.00161060967849   -0.0476121028109
0.00696952603636   0.993615566326   0.112603428283
0.047126766327   -0.112807412393   0.992498642621
0.845208692812   0.501186115413   0.185566007967
0.522039231441   -0.699884454871   -0.4874800413
-0.114443463912   0.50889510466   -0.85318723972
0.986835795588   -0.0179138274157   -0.160730231549
-0.07079015384   0.845733040832   -0.528889759557
0.145409307356   0.533305464469   0.833331515606
