-0.502632091778   -0.804750684367   -0.315812153544
-0.0860751950225   0.410082878167   -0.9079774743
0.860204650718   -0.429195024488   -0.275389886957
-0.179799982867   -0.857008254959   0.482916987787
0.695249968965   0.236587064625   0.678714992841
-0.695916264227   0.457780964856   0.553296612497
0.789985024604   0.198979432201   -0.579940381817
0.275276744224   0.730076281099   0.625468894404
0.547856162684   -0.653755160085   0.521974918623
0.953425311392   -0.158694800101   0.256507574971
0.0488709883009   0.920444859879   0.387805217118
-0.297643750311   -0.357207531195   0.885330998869
-0.608878099522   0.754259171629   -0.245683865843
0.280816881908   -0.0847114161338   -0.956015614314
-0.741895773514   -0.651089147498   -0.160229782664
0.550225337756   -0.737167573792   0.392219384835
0.556747348344   0.673942804381   0.485626900547
-0.622321836193   -0.0488371229009   0.781236499163
0.238613730534   -0.952179939086   -0.190831997326
-0.783252744296   -0.0725326681967   -0.617457812808
0.574089388644   0.296803597767   -0.763104840896
0.946498231636   -0.188368566093   0.262027442873
-0.0964654408233   -0.939986334066   -0.327292087432
0.307953756654   0.284504789198   -0.907866459721
-0.995340246994   0.0792796320346   0.0548865435016
-0.0896597433347   -0.551488176579   -0.82935030085
-0.0354813068848   -0.830406846695   0.55602656935
-0.986602105763   0.0171480837097   -0.162241265184
0.0119665667286   0.999388302212   0.032860655553
0.162705519833   0.0304789210394   -0.986203807125
-0.872027749822   -0.26004900581   -0.414659038388
-0.485785759162   0.356275091028   0.79817307378
-0.0598314276534   0.897464525254   -0.437009869654
0.889983089114   0.00879457801337   -0.455908715082
-0.447871278167   0.204726049678   -0.870343933613
0.0856820826299   0.97877980158   0.18614156101
0.227882218194   0.644526606893   0.729832273634
-0.344501058185   0.75444130939   -0.558692519723
-0.91070781019   -0.124111899881   0.393963857184
-0.483063794286   0.773390005791   0.410508549962
0.837109437078   0.27047823877   0.475488499027
0.256704423422   0.573331859653   -0.778070316682
-0.820172386411   0.566008217753   0.083378378523
-0.546873878799   -0.818426843551   0.176370242507
0.168066109781   0.0990565454183   0.980786206853
-0.00667327166059   0.540191740217   -0.841515508619
0.488292795233   0.736145171572   0.468679456019
0.872654349424   -0.407778334604   -0.268684231504
0.696189672946   -0.710330776942   0.103682817345
0.711011594479   0.662419725219   -0.235929269393
0.0989062778552   0.237971206178   0.966223190175
-0.149596037657   -0.935410937939   0.320355119673
-0.967607383452   0.205140529847   0.147150652405
-0.203364148773   -0.287964824584   -0.93579874054
0.0525268043591   0.932720823183   0.35675313709
0.861881844861   -0.222780363594   0.45555306507
0.504381423451   0.283550305231   -0.8155970844
0.942499257535   0.0503463732484   -0.330394298145
0.00247791306179   -0.98961363781   -0.143731373775
-0.33419905669   0.134648024721   -0.932834872818
0.827030776699   0.151609752879   0.541326682536
-0.547982554398   0.00254806278444   0.836485880007
0.125440083181   -0.9884371453   0.0851868259982
0.159928797938   -0.691287145233   -0.704659394619
0.985553587786   0.0715111849307   0.153526141199
-0.0557396195863   -0.719032845748   0.69273722402
-0.460299339286   0.392736031914   -0.796167650366
-0.847934347598   0.071117663249   0.525309071059
0.262929382945   0.916897315521   0.300278957594
-0.243871204091   0.89044445357   0.384233667086
-0.178357083321   -0.43061791558   0.884735532016
0.953265748176   0.147230723319   0.263832385173
0.135065229896   0.7720416432   -0.621054816291
0.634029033993   -0.549014716219   -0.544600794554
-0.761422726038   -0.320210153711   -0.563649616103
-0.133689554079   0.453982068705   -0.880924164968
-0.924762601338   -0.376722247082   -0.0538003691353
-0.356288133813   0.807453175019   0.47018946804
0.93501999093   0.139262455068   0.32610364176
0.0614936595751   0.842033989761   -0.53590791179
-0.349222202033   0.521137917154   0.778754855466
-0.0590436588627   -0.870677123409   -0.488298262459
-0.0216730958579   0.490154404806   -0.871366132211
0.998020101633   -0.0408657096053   -0.0478107782243
0.92241977933   -0.145324160005   0.357802514272
-0.0674556081518   0.851623785318   0.519794833766
-0.380251879192   -0.503604822058   0.775751694533
-0.963630655951   -0.227930096957   -0.139512830278
0.209586445317   -0.968478447745   0.134621759727
-0.165799520055   0.100485656457   0.981026580678
0.181005284298   -0.114546870503   0.976788667785
0.268298922038   -0.949770376097   -0.161095999706
0.946177982987   0.291230573852   -0.141180655065
-0.346634849623   -0.239723543137   0.906849989741
0.855938855021   -0.476298881512   0.201266122174
0.383683407892   0.845973993889   0.370290486203
0.619736057514   0.523954389023   -0.584293605339
0.192150249295   -0.823144101783   -0.534333294299
-0.760924109693   0.21887344728   -0.610810046875
-0.35877048981   0.0941639644676   0.928664031519
0.794772355883   0.552564993464   0.251015597768
-0.489510610678   0.828133489115   -0.273082929236
0.73888071892   -0.303292649944   -0.601721573236
0.488394693496   -0.374183539544   0.78832563202
-0.464247678047   -0.876356233061   -0.128350481897
-0.992428533305   0.00610145551084   0.122671832639
-0.119715824532   -0.271301996401   -0.955020077331
0.0274541005832   -0.962474934214   0.269978283148
0.717107002729   0.62441801108   0.309612167195
0.277390045176   -0.663230790892   0.69511127228
0.639384320635   -0.412585827982   -0.648814784876
-0.504400766889   0.395566478925   0.767533078839
-0.851105584853   -0.0778773155958   -0.519186293297
-0.145599278135   -0.915129654457   0.375950217104
0.374760036026   0.874535878819   -0.307801741477
-0.429923293721   -0.130217523174   -0.893425631026
-0.821413949793   0.467151360178   0.327183021824
0.725001667653   0.666855704312   0.172267383819
0.565201297178   -0.718976980106   0.40449919128
0.393598876484   -0.195896839446   -0.898167218688
0.607777539876   -0.793024062822   0.0414644161705
-0.737719971472   -0.544526007927   0.39907476791
-0.293897440809   -0.273137808581   -0.915980366498
0.488974858647   -0.844058999436   0.220154475499
-0.792509519624   -0.324416338729   0.516413303925
-0.36446158771   -0.42698763991   -0.827556225551
0.635580211402   -0.691115042569   -0.344089803408
0.0461947113654   -0.410849621942   0.910532062473
-0.770651570761   -0.594611289907   -0.229202029657
-0.1874886656   -0.589612062595   -0.785624347837
0.33118160471   0.71503203602   -0.615668687012
0.924752261405   -0.375615232795   0.0612082667517
0.886408750154   0.45061389645   0.105955858621
0.338891981701   -0.475790347008   -0.811650029528
-0.315328007618   0.755361279138   -0.574454163177
-0.241214532344   0.789759223002   0.563999928252
0.630462000445   0.569344039963   -0.527603099075
-0.737789411269   0.22831498821   -0.635247235947
0.104092519367   -0.019572518915   0.994375011711
0.876699497166   -0.470309121134   -0.101031293399
0.469641074737   0.882284674627   -0.0317964438091
0.00726247623814   -0.722843810219   -0.690973286363
0.966909929833   0.181293760526   -0.179493063893
0.25501459572   -0.666805367722   0.700241499447
0.108613178605   -0.527820327589   -0.842382857861
0.992881516678   0.0159305403221   0.118036061115
-0.0488822183612   -0.849206641324   0.525793314011
-0.398286127638   0.310968928235   0.8629406041
0.542376159543   0.838534684247   -0.0518428864376
-0.739727153815   0.44739010828   -0.502638865312
-0.0770588181979   -0.996756494835   -0.023204063039
-0.952099182432   0.066658930777   0.29843547671
-0.295920741668   0.0450896545921   -0.954147702245
0.480962334189   0.0905274179386   -0.872055055425
-0.227714341152   0.973418680352   -0.0245408144938
0.846653064676   0.210382649817   0.488792111977
-0.833672647578   -0.457654744878   -0.309098772517
-0.207092365878   -0.259789788625   0.943197761724
-0.511959635788   0.850330171296   0.121802837024
-0.696957690675   -0.122633301271   -0.706548689637
-0.341929410237   -0.809225772777   0.477742532217
-0.63034455326   0.574556108743   0.52206419345
0.0791262454415   -0.270499095124   -0.959463014826
0.665018893955   -0.702684995531   0.252949931289
-0.74262299181   -0.658076011258   0.124286183631
-0.89057576458   0.436876684038   0.126544737093
-0.454782970869   -0.851110437265   -0.262266034756
-0.00687436907942   -0.291118165909   0.95666240468
0.488144514133   -0.868853623603   0.082512508586
-0.551790516004   -0.233990527344   0.800484640428
-0.676196835078   -0.436281805562   -0.593646381582
-0.593272328275   -0.145489413269   -0.791745397921
-0.465748795837   -0.740166243037   0.485007208033
-0.65658663075   0.656495821231   0.37135863128
-0.34847399709   -0.899318257995   -0.264182785567
0.937104781048   -0.34028789447   -0.0777095760721
-0.0200125632734   -0.274646718012   0.961336921998
0.64098948267   0.380053967322   -0.66685190637
-0.534069245405   -0.403157007626   -0.743124799959
-0.551273547542   0.832480275517   -0.0554442662117
0.750327853016   -0.560038232181   0.351233955482
-0.484912721085   -0.827386547146   -0.283356938386
0.449296968516   0.0422927901265   -0.892380834613
-0.678570921387   -0.40050055755   -0.615744109229
-0.636973308329   -0.0966145828522   0.764807575052
-0.365795720483   0.911188743227   -0.189548318625
-0.898430889985   0.209590027476   0.385867796407
0.0724242698044   -0.795978756448   0.600976326012
0.433101213419   0.567881888834   0.699952497866
0.577598361218   0.16491723423   0.799488861068
-0.362968740285   -0.825355652779   0.43248322511
0.731186588153   -0.539991066852   -0.416864271707
-0.451220084884   -0.473616190567   0.756365083164
0.422353329164   -0.85995543854   -0.286521044726
0.786141272509   0.190169260815   0.588062540806
0.769500155709   0.118694128323   0.62751989153
0.202537755418   0.886502349123   -0.416043318213
-0.605679756962   0.447241868457   0.658123653355
-0.6516803256   0.514299321781   -0.557502431242
-0.0457029844642   -0.760302157711   -0.647959772047
-0.757115572708   -0.396783110269   0.518978971605
-0.57964488653   -0.377295380497   0.722260341826
-0.548355234079   0.836239213252   -0.00324275770085
-0.602758942511   -0.397934886728   -0.691613680567
0.588266165456   0.530997107314   -0.609905722718
0.0672787401546   -0.783733012803   -0.617443224731
-0.805863815854   0.322187269562   -0.496768430588
0.91244534194   0.398452615501   0.0931612106629
0.38190341632   -0.910975365569   0.155800076794
0.146946516034   -0.106580469724   -0.983385644037
0.673877635248   0.737172833046   -0.0496502460384
0.312766469646   -0.223738664068   0.923102456755
0.669377373518   -0.63758703282   -0.381335426366
0.227497801513   -0.194976724791   -0.954059131866
0.792850646273   0.605915020895   0.0652291358064
0.565360595559   -0.771265884273   0.292431757416
-0.273463535201   0.224966407307   -0.935204689091
-0.337423730603   0.888043645373   0.312287863898
0.900756860058   0.400959598333   -0.166938550262
-0.169273056173   0.123438029097   -0.977808613905
0.0384445861444   -0.99054371626   -0.131701024953
-0.984819093159   -0.0598848824848   0.162926838181
0.56168414438   -0.819077025277   -0.116720814832
0.364894526564   0.11863164771   0.923460078534
-0.742538151502   -0.561283670548   0.365510238898
0.202822395243   0.888773657242   -0.411028541807
0.327221566862   0.334106295641   0.883911211261
0.922924223416   -0.313774392525   -0.223061669561
-0.476272302798   -0.599050743565   0.643663654576
0.144450195455   -0.775379410049   -0.614752723869
0.867351621097   -0.199812354738   0.455824734162
0.165542924171   0.483249430762   -0.859689204262
0.787565703726   0.459892300312   0.410169884838
0.593578809065   -0.744962455284   -0.304458761816
0.223269181068   0.535526201287   -0.814470724164
0.351922667131   0.734919944262   0.579692256189
0.909011171078   -0.416058124858   -0.0243788349693
0.257763415096   0.262733487492   -0.929800589583
0.782101413606   -0.62179314456   0.0411176873641
-0.567340639012   -0.737796991   -0.365759756393
0.946178873977   0.317970629683   -0.0603342116829
0.272527378696   -0.883324334336   -0.381401295529
-0.174569087474   0.344431123781   -0.922438526228
0.735710255469   0.596843712686   0.320168709627
0.00118630876287   -0.473850625185   0.880604438828
0.677295365899   -0.647489897712   -0.349324805435
0.604769039216   0.014353638229   0.796271550588
0.367284970325   -0.892188752073   -0.262870654977
0.706651370747   0.451434606277   -0.544840009981
-0.751341321336   0.525301051981   -0.39943087467
-0.198448701451   0.397407020285   0.895927325803
0.629368200456   0.752413759188   -0.194343004093
-0.782696412166   -0.398111811582   -0.478427958905
0.365899350876   -0.916137246927   0.163738235672
-0.503491798753   -0.046899150009   0.862726189655
0.0289568306819   -0.970527563469   -0.239244123237
0.9074640708   -0.0748344542414   0.413411132731
-0.419130602753   -0.22907652216   0.878551924949
-0.623568180489   0.565209832053   0.540093112372
-0.649184296136   0.0105473715602   -0.760558020537
-0.435571433788   -0.824879748026   0.360348341698
0.993876515273   -0.10977587078   0.0125988326516
-0.00233524770472   -0.13486248736   -0.990861572633
0.110471801868   0.984764625531   -0.134293012829
-0.451661433476   -0.891491317722   0.0352871072415
-0.86798336622   0.429913133034   -0.248554971806
0.206414208512   -0.142891316991   -0.967974816849
0.109438251029   -0.986967047616   -0.117980151429
-0.0221685146225   0.116240057362   -0.992973718698
0.993746359073   0.111284751804   -0.00915848484983
0.37547814334   -0.351546270942   0.857572960896
-0.841820627037   0.257748231077   0.474240320167
-0.387755329775   -0.899989482585   -0.199160074983
0.432250886273   0.214460933012   -0.875879945842
0.451207081348   0.789533478496   0.415991653853
0.780750498596   -0.575015995035   0.244510254175
-0.44943592473   0.206776506836   0.869051681882
-0.880271256331   -0.26813768042   -0.391439266831
0.152085057911   -0.940928084691   0.302530121806
-0.777711309886   0.621400341545   0.0950091258979
-0.612784508836   -0.783121057221   0.105908240793
0.14021506412   0.0241459161268   0.989826606294
-0.613904590514   -0.736105835756   -0.285077800453
0.743343431564   -0.660613863097   0.105023171899
-0.265634516765   -0.147436503112   0.952733321057
0.0219097599049   -0.723944775875   0.68950991574
0.839698304665   -0.360990129949   -0.405700484621
0.542611020496   0.587869107508   0.599985993898
0.992487458728   0.107411316359   0.0585786085974
-0.0821265180888   0.230001473274   0.96971880322
0.0906856068723   -0.967244607847   0.237094895129
-0.751304960758   0.108029660216   -0.651053337642
-0.0257359471141   0.980965128184   0.192470980445
0.659453195433   0.161359876676   -0.734223721513
0.723300914324   -0.572608228281   -0.385947670344
-0.360737730759   -0.78991164389   0.495891000578
-0.588815825998   -0.219452527331   -0.777905207144
0.0507543264747   0.911817297639   -0.407447191758
0.864793318593   0.163943650811   0.474610361745
0.499556317607   -0.37644613836   -0.780212657199
-0.382061232035   0.8424812557   -0.379808568585
0.914134784028   0.404836799332   -0.0215583519024
0.135597977883   -0.355432834304   -0.924813867053
-0.972476562223   0.2291527958   -0.0421702751186
0.136996475856   0.415941846397   -0.899012984344
-0.188470956727   -0.880046235486   -0.435886822326
0.589008591365   0.736871281072   -0.331797520229
-0.802092802881   0.482984133634   -0.351245586767
-0.0985698476424   0.473019071274   0.875520955401
-0.654529441302   0.190230958818   -0.731712643581
-0.381117080347   0.752839929121   0.53663936884
0.652947916404   0.630114452642   -0.420255630581
-0.8049927302   0.475571600881   -0.354708833778
0.411253085016   0.0163660758585   -0.911374265396
-0.427618526715   -0.879524760309   -0.208754860096
-0.975415812728   -0.142746434071   0.167891178565
0.178927825823   -0.0682707421953   0.981490671839
-0.12864223811   0.987401924912   0.0921336705764
-0.605238008715   0.484762338842   0.631420959145
0.648869465405   0.759922793468   0.0385456201665
-0.461145714143   0.4330390546   -0.774481637948
0.937822000082   0.346542473819   -0.0199551998832
-0.343279876044   0.917398651247   -0.201342100399
-0.0514667160979   0.195673269839   0.979317695441
0.997270279333   -0.0546627619126   -0.0496384167597
-0.0243100772168   0.391711789574   -0.919766760682
0.0697209445148   0.918462768091   0.389313669843
-0.844557818074   -0.404064585362   0.351360075685
-0.526700972579   0.508649276315   -0.681074151021
0.0964788962099   -0.760268192522   -0.642404933064
-0.343036636558   -0.766969011923   0.542295492079
-0.411154113388   -0.396481588034   -0.820825587683
0.844557967829   -0.504540271039   -0.179334753677
0.412254995809   0.252154070833   -0.875479378965
0.388233355513   0.82070233994   0.419192713302
0.824209124008   -0.512704587243   0.240444018686
0.200024616343   -0.383717395985   0.901527100466
-0.947175674675   -0.31115691994   0.077714943719
0.25069581999   -0.869449441424   -0.42568682696
0.0473982190331   -0.578919694162   -0.814005771812
0.998136227793   0.058809493151   0.0162946089823
0.0384379968137   -0.813260985924   0.580628184964
0.979734703046   -0.088396155663   0.179738786331
0.169305761418   0.844971268637   -0.507305740484
-0.107030233104   0.527455851083   0.842813653402
-0.623582217389   -0.125911005026   0.771551448038
0.316944715105   0.861474543211   0.396746340836
-0.714626661777   0.491943116847   -0.497293378263
-0.820099289964   0.56832322803   0.0666773056055
-0.0309062349255   -0.160346196775   0.986576860575
0.571385998467   0.807030238381   0.149064533323
-0.946716108008   -0.0345691783171   0.320208655017
0.22171394204   0.651184206452   0.72581130962
-0.233605519504   0.758131981371   -0.608822108731
-0.594599380049   0.188724502207   -0.781559108137
0.520431367844   -0.650612225912   -0.553041520012
-0.612864396591   -0.73558602064   0.28863547535
0.282681199596   -0.109926439673   0.952894284407
0.754518509173   -0.587911470193   -0.291653771672
0.592277940422   0.801421412913   -0.0832499862696
-0.218321408695   -0.82934964343   -0.514310151025
-0.230226931165   0.555919636203   -0.798717045173
0.94833080867   -0.055968982713   -0.312307781367
0.956474066618   -0.151383122598   0.24948048036
-0.175254979906   0.385586080829   0.905874751988
-0.233330349304   -0.910168404452   0.342272440652
0.996972281918   -0.0434557284828   0.0644815380548
0.0500135937701   0.993335260691   -0.1038445969
-0.0595391428062   0.106755138186   0.992501098712
0.895921852443   -0.376159526317   -0.236279590901
-0.189826112105   -0.805098616072   0.561945073439
-0.401609364281   -0.458606835056   -0.792710343922
0.829710395055   -0.557929895079   0.0171724347101
0.557580518124   0.829848124776   0.0213554586661
-0.026165361555   -0.00814383100333   0.999624455419
