-0.497816844605   -0.811927181559   -0.304881355731
-0.0888138978642   0.397413506559   -0.913331591675
0.862722713723   -0.427594149457   -0.269949555615
-0.188443078261   -0.858331796029   0.477237607678
0.690764397942   0.229579917651   0.685665813605
-0.698092939938   0.458867725317   0.549642299929
0.788475974324   0.193286249968   -0.583905868687
0.282273254108   0.729746140371   0.622729781389
0.546468158203   -0.655828480769   0.520827760285
0.954457647803   -0.159257744628   0.252284698955
0.0498582462102   0.91886207653   0.391416197415
-0.29415090317   -0.361011710462   0.884955248063
-0.610259394307   0.75758865384   -0.231609376393
0.264398412975   -0.0808220250469   -0.961020956839
-0.746777711823   -0.647709218585   -0.150982837711
0.540478861361   -0.750450152906   0.380403954271
0.564178494293   0.658679856669   0.497838802219
-0.624167627324   -0.0544556188214   0.779390376243
0.242252727868   -0.953176238709   -0.181021197106
-0.773746942304   -0.0772384675489   -0.628768549155
0.585345440844   0.292385493984   -0.756228429637
0.946738885488   -0.181022909625   0.266300936716
-0.0867183481618   -0.939796897967   -0.330547604233
0.310105483339   0.289849093086   -0.905440275468
-0.994860576188   0.0834681512164   0.0573192958673
-0.0941636048788   -0.554560654452   -0.826798461567
-0.0372243127867   -0.827946585394   0.559570194231
-0.986283877533   -0.00119667921666   -0.165053569723
-0.00484208779198   0.999753113512   0.0216856221656
0.164986869493   0.0221873833912   -0.986046171796
-0.867418897092   -0.268450824281   -0.4189494145
-0.493107901615   0.351165857729   0.795944180034
-0.0665511407242   0.897004289459   -0.436983123656
0.891553523272   0.00310026383455   -0.452904739991
-0.443916258705   0.204329432844   -0.87246079461
0.0898369100062   0.978897273077   0.183546883283
0.234371816395   0.636041347928   0.735201506667
-0.34013956517   0.762115994962   -0.550894079138
-0.910700240412   -0.120957074821   0.394961337557
-0.491729012121   0.768225884111   0.409916539822
0.831052462673   0.273535307664   0.484283222656
0.259912260049   0.578798260573   -0.772941259497
-0.813983545949   0.576152641226   0.0740197334042
-0.558593579111   -0.811325680515   0.172406071565
0.159386324072   0.0989887576688   0.982240920322
-0.00914228450602   0.526984896119   -0.849825474963
0.483464248384   0.746257775258   0.45756054616
0.87531636519   -0.406677085819   -0.261600857608
0.684018229288   -0.719912751563   0.117663469857
0.722974823313   0.647586343684   -0.240705904229
0.0970899936009   0.24971495272   0.963439658479
-0.134235828598   -0.938600912759   0.317819239332
-0.968437082551   0.192230873668   0.158672330128
-0.210024663933   -0.286488425207   -0.934780200241
0.0395470068931   0.934692397441   0.353250840638
0.859265701203   -0.212251503222   0.465415678847
0.509998518608   0.285130534222   -0.811543029957
0.944831479332   0.0649133268852   -0.321060330243
0.0169430506513   -0.988539849047   -0.150006332805
-0.32711834051   0.136290963896   -0.935103397739
0.830907638554   0.153178454413   0.53491013946
-0.542066118437   0.00596722544086   0.840314652653
0.125526170321   -0.988180526687   0.0879910634115
0.145834785511   -0.695542719917   -0.703528634886
0.987502853428   0.059392419342   0.145981694045
-0.0597522368319   -0.716025743458   0.695511901335
-0.449691232735   0.397575977513   -0.79981944044
-0.85132197417   0.080143817652   0.518486127864
0.270238212502   0.91406253101   0.302425193903
-0.233647203909   0.895164194577   0.379591950458
-0.180654215534   -0.423566154374   0.88766872609
0.955391562929   0.138826429816   0.260680232985
0.126770520271   0.776709906926   -0.616969169144
0.635690878325   -0.541087681546   -0.550564463159
-0.761463290254   -0.322406329595   -0.562341369839
-0.11606487674   0.457821702576   -0.881435325499
-0.926553021535   -0.369600093227   -0.0699662016393
-0.357810624035   0.808575945559   0.46709367111
0.933446932153   0.126253008084   0.335763313667
0.0764622382508   0.844475283528   -0.530108499868
-0.350471612226   0.520501367396   0.778619275104
-0.0552044380182   -0.876468135188   -0.478284515768
-0.0213726515519   0.47994250268   -0.877039568028
0.998246302166   -0.0381942681746   -0.0452274041912
0.922027833471   -0.157517242567   0.353628325504
-0.0554280234935   0.85034899232   0.523291816744
-0.38313497428   -0.5020905392   0.775314569662
-0.965630338436   -0.216499203952   -0.143826785338
0.19702764266   -0.970605864519   0.138218536341
-0.169523324413   0.105130159558   0.979902797236
0.173023803138   -0.105296494486   0.979272899552
0.275619091437   -0.949368109266   -0.150779008964
0.945566962189   0.295994664408   -0.135241556702
-0.35216318422   -0.237609396017   0.905275022634
0.857500199389   -0.469520593004   0.210342151726
0.375065993831   0.850348274338   0.36909797155
0.616422461316   0.532876004787   -0.57971243967
0.195458797417   -0.816729495392   -0.542907717637
-0.762770743866   0.221350615268   -0.607605708846
-0.367910207003   0.093935046899   0.925104473315
0.789645233946   0.556919931925   0.257489017108
-0.491021877404   0.82523717584   -0.279071889523
0.732125414259   -0.308934604495   -0.607084662911
0.488368140267   -0.383238399159   0.783980158539
-0.474856754578   -0.870452606151   -0.129704753483
-0.991132100068   0.0262096632149   0.130269773043
-0.13249885354   -0.269156290214   -0.953938648577
0.0100605181325   -0.962739811679   0.270242189494
0.709477786154   0.630396888687   0.315025449269
0.284588047258   -0.665234245724   0.690270267123
0.644709945876   -0.400078943522   -0.651372339479
-0.502804982459   0.396637582786   0.768027198435
-0.851462801405   -0.0741172009919   -0.519150978368
-0.148990762927   -0.914978288507   0.374988645326
0.374169221524   0.875517612676   -0.305722592488
-0.426158141796   -0.130465708562   -0.895191564454
-0.823642296051   0.465239302707   0.32429270632
0.722751097507   0.669346028805   0.172066105827
0.564103692077   -0.715192268701   0.412658506971
0.399271681487   -0.20118626323   -0.894486563259
0.608802929175   -0.792913051325   0.0254536139877
-0.733944055221   -0.550766892141   0.397469438231
-0.301139697206   -0.260662086923   -0.917262317556
0.494064477728   -0.843963125269   0.208869660395
-0.78688709955   -0.331898542892   0.520242299114
-0.369741780718   -0.421390081057   -0.828082976023
0.633144199372   -0.688339976267   -0.354000706037
0.0520963266027   -0.418412239654   0.906761914982
-0.772278703291   -0.592553183081   -0.229055298266
-0.191827265583   -0.596610593621   -0.779267668878
0.325551629582   0.71037552335   -0.624005410475
0.925860916475   -0.373393111084   0.057958156798
0.883385375483   0.454699410235   0.113484469042
0.346978486412   -0.471806034248   -0.810558447007
-0.315017790528   0.75541214736   -0.574557463855
-0.242955938792   0.786819433781   0.5673513818
0.629622347707   0.572842100766   -0.524811991916
-0.737935031743   0.229710918798   -0.634574489489
0.096146593254   -0.00949878810102   0.99532186032
0.876056227295   -0.473896681457   -0.0891483141783
0.472526527533   0.880529220599   -0.0372420790089
-0.00584040654457   -0.731352909342   -0.681974201601
0.964980343899   0.17473677206   -0.195652744367
0.26225717443   -0.65923439116   0.704720648181
0.100134894509   -0.535721839572   -0.838436111762
0.994155085728   0.0196917836176   0.106150361182
-0.0403567642735   -0.844164879786   0.534562426021
-0.409210716344   0.306523726697   0.859412470588
0.543661489641   0.838343991117   -0.0401439564438
-0.732788355742   0.450802126802   -0.509704491014
-0.0641558459822   -0.997616154084   -0.0254172487993
-0.951102630306   0.0534136482202   0.304221578473
-0.30213873312   0.0436920049211   -0.952262145974
0.482801232429   0.071678923487   -0.872791556955
-0.223005869185   0.973851343449   -0.0433813689478
0.846859700466   0.215582218169   0.486161449455
-0.833616288039   -0.463754291405   -0.30002640137
-0.1920963893   -0.265860166032   0.944678437001
-0.517863748039   0.845133320442   0.132539839844
-0.69338637923   -0.115798762537   -0.711200376613
-0.349026623109   -0.809512842357   0.472090430343
-0.630393325996   0.575568939967   0.520888327653
0.0779335269545   -0.259258213491   -0.962658581281
0.66462053817   -0.706217677055   0.244000272248
-0.743105581744   -0.658818466159   0.117270299005
-0.886719539904   0.444822988602   0.12594032858
-0.462233154814   -0.84815201314   -0.258802382519
-0.00830470602834   -0.287698924951   0.957684896216
0.492545437145   -0.866729119715   0.0786105933415
-0.553408749752   -0.242213031984   0.796913798873
-0.671667885227   -0.436020045611   -0.598956402236
-0.590617362587   -0.135979765981   -0.795412241705
-0.473982764293   -0.739283526553   0.4783306456
-0.653078456362   0.659522077425   0.372181621289
-0.352215526513   -0.899589100658   -0.25823182
0.935805652299   -0.342794960742   -0.0822155460678
-0.0145603574522   -0.270612388605   0.962578272726
0.640456918193   0.387338518408   -0.66316197727
-0.530912608644   -0.400638747534   -0.746739844898
-0.554929489144   0.830335755061   -0.050948954318
0.74757409227   -0.554741057844   0.365233261504
-0.478570291967   -0.831211843401   -0.28294407051
0.460546905551   0.0367318680803   -0.886875029333
-0.673750194428   -0.410645878652   -0.614353837666
-0.640187969894   -0.0908747875717   0.762824446506
-0.369079989584   0.907255055279   -0.201663645604
-0.900250102483   0.213618012453   0.37936407017
0.0647550201472   -0.795964113497   0.60187034932
0.430530533581   0.566399571664   0.702733936048
0.577877090969   0.171566192157   0.797886652001
-0.357438331959   -0.825694903448   0.436423836729
0.733686517921   -0.537394611183   -0.415825835287
-0.455698898498   -0.474471964294   0.753136686802
0.423275332567   -0.859818303705   -0.285570442193
0.783055877155   0.188650045624   0.592650532387
0.759207244019   0.114190726672   0.640753336762
0.210976515604   0.888151550093   -0.408259395397
-0.615705506304   0.445137396776   0.65019952899
-0.657426046202   0.5139858537   -0.551007745836
-0.050532094414   -0.759672778116   -0.648339245783
-0.751822785774   -0.398391531517   0.525401452611
-0.575167765096   -0.379450435563   0.724706429491
-0.556735472499   0.830660941504   -0.00692920775064
-0.599356034136   -0.407455233382   -0.689022914811
0.590124739337   0.539101482046   -0.600934592179
0.0715873966045   -0.776376045495   -0.626191249244
-0.804131852789   0.326511604752   -0.496751583081
0.907616027975   0.410483806192   0.087955617313
0.394704809043   -0.905772630366   0.154220802093
0.142972932686   -0.105256766691   -0.98411368936
0.667256950074   0.742543138365   -0.0582910820321
0.318789509276   -0.213982373263   0.923355182315
0.673157790829   -0.634697748223   -0.379496188449
0.225366005463   -0.203777365406   -0.952725012231
0.793741867523   0.605458396494   0.0582578566104
0.56496372567   -0.769347070875   0.298196366868
-0.263687909882   0.211991116886   -0.941025213554
-0.355345544464   0.885597226088   0.299077075642
0.896771002103   0.413252125834   -0.158191182693
-0.175214385442   0.194980199587   -0.965029865291
-0.080667739618   -0.979740571989   -0.183306102961
-0.981219972748   0.0457289117188   0.187393254184
0.557770205064   -0.819403551479   -0.132174952873
0.378739845753   0.109569657187   0.918994352247
-0.738544871745   -0.562647589569   0.371455464855
0.204068152962   0.887640091509   -0.412857429256
0.323242648315   0.336982719833   0.884283233384
0.924051069615   -0.313907174941   -0.218155692714
-0.478685886912   -0.591306092075   0.649012270413
0.139740342981   -0.781093584711   -0.608576575681
0.866794357512   -0.200623820617   0.456527791472
0.158893927263   0.485091176714   -0.859906547337
0.783748968571   0.467693281067   0.40865700668
0.600408422778   -0.738883986238   -0.305876087229
0.215476844559   0.533280589207   -0.818035172003
0.351980930404   0.738986813873   0.574463152478
0.910867253825   -0.411716288356   -0.0284700511309
0.248258709851   0.268831221328   -0.930643534025
0.785252705694   -0.618407016001   0.0308374895261
-0.567226410865   -0.738446028495   -0.364625371878
0.943681882684   0.326926448743   -0.050829139341
0.284344832873   -0.879941788464   -0.380592255483
-0.169152358282   0.344705013058   -0.923344970019
0.731906714008   0.605296583153   0.312935470048
0.0120769447163   -0.470701430032   0.882209901992
0.681297812558   -0.64191604606   -0.351819670305
0.602392375142   0.0158183224203   0.798043361633
0.378377216055   -0.885990469158   -0.268051433369
0.702818688383   0.463433565073   -0.53969919587
-0.752001439395   0.523336440846   -0.400765273984
-0.199623251431   0.398629321143   0.895123020491
0.628207284768   0.753135866898   -0.19529970137
-0.788617292914   -0.384975971062   -0.479454134429
0.354834619197   -0.921742700801   0.15646976238
-0.502170447493   -0.046732164782   0.863505035561
0.0255272886623   -0.967287338152   -0.252395647711
0.904517322594   -0.0851587449821   0.417847342077
-0.42567213987   -0.23896274522   0.872754281419
-0.619260815474   0.567592400557   0.542544845379
-0.653643863021   0.0101937569078   -0.756733630583
-0.43504682823   -0.823246593768   0.364690695106
0.994124556348   -0.106894694759   0.0170261768709
0.00222954721749   -0.137041870223   -0.990562746586
0.108219201557   0.98478071165   -0.135998361667
-0.442235998257   -0.896160203598   0.0363897146582
-0.872594476371   0.420516789869   -0.248484424551
0.207379366504   -0.14164222155   -0.967952105955
0.111662376576   -0.98777911561   -0.108737907017
-0.0149620893836   0.107738686895   -0.994066653312
0.993633558984   0.112626791268   -0.00274888159128
0.383302866619   -0.362996318815   0.849301233349
-0.838527089904   0.248756459277   0.484760294852
-0.387235370207   -0.897972102292   -0.209033182931
0.4390530264   0.205489674326   -0.874646462152
0.454618519542   0.788862147848   0.413543846988
0.774954477178   -0.579198157315   0.252932901902
-0.447728905616   0.208285370536   0.869572326777
-0.880207356569   -0.27384812127   -0.387610907894
0.157397066422   -0.938948566694   0.305944035053
-0.776568258609   0.623376098787   0.0913453840203
-0.614023485767   -0.781314819402   0.111903136279
0.141127242754   0.0308122125679   0.98951185385
-0.621519645727   -0.730583025709   -0.282775127128
0.735940887216   -0.668229611749   0.108904529315
-0.268522513953   -0.140419473463   0.952983751683
0.0168143996712   -0.722829846935   0.690821459093
0.837759802099   -0.366958181469   -0.404351588398
0.545779983098   0.58554137807   0.599387607994
0.992765081719   0.103324060544   0.0611688730594
-0.0838070091835   0.231445448642   0.969231339524
0.0859876603383   -0.967345410293   0.238430240225
-0.748928660301   0.100663548644   -0.654960084092
-0.0410684003124   0.979443207828   0.197495288893
0.661376782383   0.174808045049   -0.729398998567
0.721924452111   -0.57237406941   -0.388861170742
-0.347366415633   -0.785789638659   0.511733541079
-0.598466088208   -0.23435564521   -0.766104283256
0.0425114855032   0.909445635575   -0.413644061403
0.860405589859   0.177117554326   0.477840551741
0.507833628799   -0.376215374331   -0.774962578179
-0.381316620159   0.838582139199   -0.389072783688
0.913726012011   0.405793524837   -0.0208899539147
0.140365274069   -0.363471609643   -0.920970129168
-0.974407857739   0.222498042313   -0.0319991865999
0.124531648912   0.415810562032   -0.900884812239
-0.187139507308   -0.881814151434   -0.432877127064
0.592847085604   0.73343955109   -0.332563915642
-0.798738134419   0.482854971853   -0.358982546627
-0.102711857721   0.478453238105   0.872085301579
-0.654582686744   0.189315186992   -0.731902497734
-0.386030084562   0.74870343652   0.538909953477
0.650001753865   0.635297508351   -0.417006949409
-0.808843893608   0.474731785568   -0.346988886773
0.405200264178   0.0223529477982   -0.913954644189
-0.426127095692   -0.879846621574   -0.210441490257
-0.976973175029   -0.142227680825   0.15904308247
0.169153890296   -0.0619995343015   0.983637646262
-0.130039904153   0.987890350471   0.0846302473961
-0.614500328332   0.472863172136   0.631498033977
0.634815204737   0.771631355871   0.0399337760805
-0.468400472155   0.425423872243   -0.774348452966
0.941084084529   0.337592766353   -0.0197957054062
-0.335141899648   0.923231160244   -0.18794715176
-0.0451735868207   0.183508443569   0.98197963227
0.997083184965   -0.0557625148964   -0.0521120350041
-0.0259749545908   0.394101942251   -0.918699603161
0.0717664545164   0.917373534089   0.391503990988
-0.841990598903   -0.403825723885   0.357738194895
-0.530786035919   0.501436805756   -0.683247622686
0.0965298680792   -0.76517051339   -0.636550131574
-0.344527250935   -0.755930647858   0.556659526993
-0.41026652358   -0.412100373075   -0.813544505323
0.84438282372   -0.508667020889   -0.16815323032
0.401366212172   0.239457828892   -0.884061712727
0.398413075439   0.823474086928   0.403927529982
0.824725521034   -0.514344608546   0.235111545046
0.211826409242   -0.378797258393   0.90091187659
-0.944362925785   -0.316663398744   0.0888985730947
0.251611281046   -0.869618841177   -0.42479975791
0.0456738682514   -0.578237873271   -0.814588767215
0.998401430752   0.0536007592407   0.017931583357
0.033293855767   -0.814105595438   0.579761674005
-0.99567984798   0.0745566396377   0.0553439049254
-0.0570090037924   -0.020391822347   -0.998165390638
-0.0732912942514   -0.997008265295   0.0245541263264
-0.635493419969   -0.126232978568   0.761717367728
0.309586456781   0.862108435025   0.401154922736
-0.707321948588   0.490748694731   -0.508784217194
-0.81704430661   0.573746343384   0.0570415155002
-0.0406381365958   -0.155990018415   0.986922315083
0.575140976536   0.804041197706   0.150766738708
-0.9500128119   -0.0381672948316   0.309869189871
0.211626291018   0.65098144785   0.72899757716
-0.229542959325   0.758133505499   -0.610363512723
-0.598277899075   0.193727992877   -0.777517215407
0.516990657303   -0.648023454659   -0.559272976706
-0.612196223232   -0.736569797771   0.287542548629
0.277677576199   -0.107431849389   0.954648396748
0.759969091445   -0.583312181755   -0.286694748232
0.587658186129   0.805111977524   -0.0803278278253
-0.211025020738   -0.832016121844   -0.513047379502
-0.236168921646   0.552715294341   -0.799205883268
0.948521312924   -0.0474865917202   -0.313133106738
0.95787950604   -0.15865127187   0.239367136093
-0.162237850612   0.388800677815   0.906924976367
-0.236950905752   -0.907559258046   0.346684959869
0.996080214872   -0.0549015730956   0.0693543279923
0.0628327119995   0.991035393427   -0.117902074948
-0.0622595843418   0.121797644665   0.990600362362
0.898117492295   -0.366894126621   -0.242432815196
-0.173857752108   -0.802617484324   0.570595001633
-0.403928771029   -0.470312527696   -0.78463219041
0.822569367347   -0.568428707265   0.0163841587981
0.568143439959   0.822707515808   0.0191147865589
-0.0243447639967   -0.00641468554637   0.999683041906
