0.600991108086   -0.759401284176   0.249233019685
-0.203542233834   0.156133371513   0.966534069979
-0.772902301429   -0.63160687059   -0.0607349455282
0.547591334156   0.329382558397   -0.769188297858
-0.513869038011   0.857867240791   0.00152930041646
0.660365140745   0.394424716784   0.639020223006
0.928446198407   -0.136220332886   0.345588885303
0.225346971686   0.946137402988   -0.232470981143
-0.295307296031   0.293714207402   0.909134514455
-0.879149989652   -0.390007295155   -0.273844205031
-0.398442863364   0.916808752749   -0.0265526213499
0.261418483543   0.0857675159466   -0.961408029165
0.70001725546   -0.185871411649   0.689512679789
0.528032492392   0.784769936108   -0.324527176541
-0.480788523403   0.591259688857   0.647498621205
0.258922662739   -0.566772641519   0.782129583645
-0.953446882444   -0.279566702207   0.113046581897
0.154586400259   -0.774989845189   -0.612773448813
0.871043021273   0.490730483204   0.0216267286695
0.462100086321   -0.833565353873   0.302709877686
0.166576207066   -0.253679626066   -0.952837885449
0.157320297144   -0.939044356251   0.305686453285
-0.973154423366   -0.200065405181   -0.113761678478
0.167985055918   -0.279583526339   -0.945309413176
0.0841631397815   -0.996220939838   0.02154112792
-0.970707981115   -0.0868556591852   -0.224023213586
0.225047098546   -0.00205520153311   -0.974349718181
0.205278881475   0.972447424435   -0.110485695954
0.963321635058   -0.18082548084   0.19827838517
0.17283665621   -0.147135642541   -0.973899295883
0.582373955967   0.0187449549331   0.812704803105
-0.744730014769   0.413108784563   0.524135659482
-0.325910532858   -0.910488666104   0.254543760268
0.463649577304   -0.40962581028   0.785644031607
-0.409688879391   0.687109147658   0.600030412543
-0.785611144875   -0.600073470023   0.15075872669
0.667486075483   -0.740811140272   -0.0752405161652
-0.727881851496   -0.670445619392   0.143841542203
-0.157004111691   -0.041246011302   -0.986736098283
0.421057889698   0.53927714087   0.729308717353
0.866728696515   -0.476241857524   -0.148246635325
0.267380639742   0.694532838376   -0.667932627873
0.729761233932   -0.300898277051   -0.613928909169
-0.664999931164   -0.103796360697   -0.739595261298
0.158819300457   0.947990657048   -0.275843882376
0.814962786458   -0.0965600764222   0.571412127336
-0.179617646055   0.895375478901   0.407480378904
-0.550974744295   -0.434717045453   0.712353801522
-0.134242035615   0.990944044435   -0.00304934513594
0.87418531753   0.116974330612   -0.471293207192
-0.466668435104   -0.0659329760338   -0.88197162559
-0.863352659092   -0.433360551755   -0.25849787972
-0.496181336893   0.635896278973   0.591134560725
-0.0917965280162   0.638619307685   -0.764028203017
0.401859463197   0.903003474095   -0.151966031119
0.87448700014   -0.427678650427   -0.228830512961
-0.271627383426   -0.0409346167603   -0.961531510823
0.311157982706   -0.0353000337721   0.949702090515
0.876673705561   0.396471547645   -0.272494106626
-0.366910570971   0.917367827965   0.154312078871
0.988247921168   -0.149118424576   0.0336116433886
-0.0345523808523   -0.00372176126431   0.999395993019
-0.148903257509   -0.988812375194   -0.00883041966024
0.337402820895   0.93765971456   -0.0833981112983
0.469502886197   -0.0908316008056   0.878247900426
0.815921580258   -0.335479648326   -0.470881132144
0.0489440205197   0.853383005015   -0.518999699112
0.875740748723   0.213196768734   0.43317525007
0.480313836936   -0.475710103949   -0.73690757412
0.153786872984   -0.789025683374   -0.59479967264
-0.691174019076   -0.516081815764   0.505900676133
-0.706135011843   0.333309900444   -0.624720043361
-0.57382748923   -0.0862429580566   0.814422245117
0.259132404887   0.92422812723   0.280450954825
-0.7768988595   0.371973780676   -0.507999134891
0.991420114586   0.0707245458865   -0.109928135265
0.010874685688   0.793439280903   0.608552254778
0.130260882558   -0.604526380064   0.785862555587
0.853685697558   0.456676816264   0.250333652595
0.359445637276   -0.168841913481   -0.917763924867
-0.37685472795   0.873463263927   -0.308288414116
0.981314440942   0.162617889507   -0.102846438922
-0.0670147901031   0.789907065389   0.609553808805
0.180363482707   -0.591271722589   0.786045014006
0.360430227384   0.932775334653   -0.00444987385151
0.885629676767   -0.340706800611   0.315559916652
0.292830500362   -0.117678207125   -0.948894537317
-0.843136903923   0.504250959264   0.18668544123
0.347839486148   0.776258629772   -0.525766365173
-0.410034359246   -0.378356378236   -0.829890713052
-0.150179440603   0.427682651198   -0.891364152639
0.987378507701   0.110719166572   -0.113234888018
0.0502611706529   -0.897120954609   -0.438911451984
-0.627251022697   -0.774680237513   0.0801660788336
-0.512173998529   0.487852153645   0.706879087962
-0.586714467028   0.402331678312   -0.702776825866
-0.210327118027   -0.661410512655   0.719932058096
-0.559277407676   0.685402112941   0.466297804704
-0.801857104345   -0.304566897672   -0.514070623866
-0.208106886728   0.596332544605   0.775292466267
0.183105933736   0.80238598834   -0.568021868144
-0.960813784786   0.0237512505931   -0.276174044588
0.626514980969   0.611625908728   -0.483107377917
0.620361285344   -0.766555390031   -0.165966163371
-0.471837754394   -0.195720820329   -0.859687475066
0.346131280366   -0.816908723121   -0.461362259403
-0.870867085017   -0.0968435196249   -0.481886887447
0.348977816698   0.56858120805   -0.744939498081
0.916286330121   -0.399789173188   0.0242448925374
-0.252239253968   -0.528972532257   0.810284168738
-0.311118235676   -0.748567760695   -0.585532796602
0.788088794197   0.59411145465   -0.161083015079
0.202419510176   -0.00299105694603   0.979294591219
0.58132822071   -0.804377482246   -0.122616991147
-0.629283409798   0.363559894391   -0.686895911088
0.707911921654   -0.096596848448   -0.699663744782
-0.320721843127   -0.926548891194   -0.196581307402
-0.729994352439   0.322576108059   0.602537370744
0.6765936635   0.465667995901   0.570415491324
-0.0965797242998   0.824073705891   -0.558187627866
0.975119826509   0.210327421938   0.0700264094486
0.212498553171   -0.796912631263   -0.565486086466
-0.0631323002873   0.566297205244   -0.821779579593
0.983200676227   0.177694398931   0.0417268736686
0.121704969948   -0.467842820938   -0.875391965939
-0.136030627755   0.865764341105   -0.481609669498
0.462966140382   -0.35933414403   0.81027229162
-0.757266961374   0.314744302163   0.572260950803
-0.460661440588   -0.878529919545   -0.126395908158
-0.49289446048   0.0120575254398   -0.870005197009
0.678876664957   0.630751615416   -0.375870614796
0.54422504584   -0.775891011271   -0.319079436325
-0.131555702544   -0.798451919783   -0.5875098289
-0.721172834037   0.483718519033   -0.495909483087
0.680149256198   0.358456418219   -0.639457764067
0.560860589795   0.27405546348   0.78123580671
0.798213221697   -0.429464544557   -0.422394492671
0.219753123884   0.86049698295   -0.459624610966
-0.0175808113485   0.544910280434   -0.838310489665
-0.628938629274   0.645756278828   0.43293798518
0.777256644495   0.534856882429   0.331361937508
-0.0217594285541   0.509573178353   -0.860152622749
0.302478075882   0.823389553938   0.480142478602
0.952908375516   -0.249729778061   -0.172051211386
0.289659288991   0.777925496495   -0.557609869339
0.758047612741   0.169222753238   0.629862456629
0.584346353886   -0.6051403303   -0.540687622926
-0.755420733685   -0.404724243005   -0.515302541831
-0.603169652314   0.122293761616   0.788181489308
-0.255978110434   0.906224021247   -0.336500220531
0.680177251205   0.30828611836   0.665070349033
0.217408508578   0.781609721911   -0.584653554019
-0.700066025697   0.542259999498   0.464609126988
-0.678192436246   -0.734826663975   -0.00920514568643
-0.7345122769   0.677397424505   0.0403042564525
-0.0233811009019   0.0340953356914   -0.999145015686
0.928832585516   0.334664619965   0.158964162722
0.315098919401   -0.939232160757   0.136217491719
0.19489146692   -0.0764338027451   -0.977841892912
0.465213296256   0.330592335085   -0.821148924594
0.848068476965   -0.432304740523   0.306419915186
-0.253686236831   -0.838941007477   -0.481478969208
-0.826296495916   0.429256539422   -0.364655034222
0.303605273058   0.884771983514   0.353556782838
0.474403107906   0.181431485368   -0.861408546636
-0.204374653658   0.876331260003   -0.436205614011
0.532732945334   0.473413111827   0.701481283011
0.821235303618   -0.0890163142362   -0.563604230554
-0.691336588313   -0.718528485831   -0.0759688673763
-0.696222788423   0.690584243477   -0.195875893038
0.193205286267   -0.0825248546938   -0.977682065788
-0.0165633903475   0.229489555709   -0.973170132862
0.871250019703   0.480841917731   0.0985616920459
0.490559850417   -0.846242014906   -0.207907137732
0.0887435292146   0.965515137871   -0.244754587879
0.155436387263   0.229289850707   0.960867026855
0.983851522976   -0.123314363819   -0.129728104539
0.194218924399   0.908899298455   -0.369026461828
0.801986116016   -0.363749563499   -0.473818110817
-0.564886478842   -0.203929884247   -0.799571542044
-0.690979896226   0.678785223762   0.248593905097
0.450183380801   0.135006480594   0.88267148746
0.565582207375   0.721820373173   -0.398865113147
0.450891449045   0.88202985242   0.136822022577
0.871852129711   -0.468058200779   0.144206283115
0.191234908787   0.0542671872581   -0.980043046541
0.329172041236   0.915272313271   -0.232211836847
0.533640022404   -0.383194882656   -0.753916415578
-0.779021226348   0.124250664986   -0.614562972053
0.00646921067191   -0.565751867244   0.824549246248
-0.973005790954   -0.193780812736   -0.12532720211
0.230686725988   -0.801481129865   -0.551732967536
0.692234027941   0.0434815507537   -0.720362065377
-0.0730772077638   0.997275875455   -0.0100275034444
0.717963698383   0.059583419371   0.693525805901
0.0700429637303   -0.922045825229   -0.380690465877
-0.995319942402   -0.0391286376411   -0.0883565741141
0.0665728690151   0.385097608549   -0.920471276908
0.556910141952   0.830573133955   5.57467696495e-05
0.528755221409   -0.354590228043   0.771158636782
0.640522950243   -0.429436836337   -0.636644891905
-0.526347370742   -0.810908841509   -0.255704873438
-0.596016348897   0.566355673216   -0.569214963013
0.606401388014   -0.147200587745   -0.781414728151
-0.422503140519   0.895220289106   0.141675677168
0.90379521481   0.427882481707   -0.00842015628515
-0.0681584419947   0.124488245701   -0.989877506234
0.169877492228   0.464255757792   0.869256890556
0.929011805573   0.218817443345   -0.298421421646
-0.328752209922   0.858245227862   -0.394126831367
0.230921354739   -0.0364880119207   -0.972288207923
0.748033373569   0.645682383184   0.153429199575
0.622191133259   -0.762733945908   0.176396022108
0.451308237091   -0.871579177524   -0.191495288525
-0.241792952895   0.0871287470593   -0.966408025458
0.858985958064   0.482450039948   -0.171419737649
-0.956665885734   -0.291166363182   0.00354987036296
-0.249058170748   0.82450836295   0.508090536467
-0.150865768853   0.485188741229   -0.861296389948
0.260562430575   0.16144873391   -0.951862559984
-0.846056276023   0.51311738707   -0.144567825821
0.46507720282   0.842997855738   0.270293557129
0.0178856803075   0.621333014179   0.783341631177
0.628956906972   0.602043712652   -0.491890292511
-0.777233578029   0.501485928203   -0.380023729391
-0.22002028692   -0.970118350284   -0.10230328186
-0.724687811086   0.232749855057   -0.64858146171
0.653010835669   -0.0685618148219   -0.75424306357
-0.244488225997   0.400102930798   0.883256961203
0.294347894856   0.898541301102   -0.325550031719
-0.923896385717   0.180391660354   -0.337452223099
0.737696003714   -0.536350472164   0.410040134169
-0.332994206934   0.239273932678   0.91206536685
-0.587298560162   -0.809367991873   -0.00209018155658
-0.785478464558   -0.506586472465   0.355609762844
-0.203974094134   0.754303765067   0.624042694916
-0.584365233767   0.417618081591   -0.695825944333
-0.332161629041   0.900245259604   0.281475009749
0.866949521961   0.408949303968   -0.284884997568
-0.37157534219   0.149396813983   -0.916304467201
-0.195407459075   -0.852801256347   -0.484294095327
-0.347318518612   0.52198926938   -0.779034647113
0.917158983069   0.0159734763335   -0.398193670507
0.627887533478   -0.542848974136   0.557738592719
-0.302934715079   -0.830553908011   -0.467344907161
0.716929497878   0.124481706001   -0.685942314314
0.4303880642   -0.894273851429   0.122642117155
-0.682908892104   -0.233750091632   0.692096703769
-0.59025609301   -0.381623742622   -0.711310870803
-0.884055865356   0.0162531436446   0.467100246117
0.273183791438   0.828874328088   0.488198840259
-0.379232673561   0.559198825871   -0.737211439924
-0.022912110403   0.116372767336   -0.992941322308
0.176877816525   0.978005602581   0.110540854577
0.983966121646   -0.173096567072   -0.0429919333822
0.233136292115   0.890883966601   -0.389835296635
0.71829057771   0.1124719261   0.686590693479
0.655518456202   -0.440083960686   -0.613692226939
0.824324587527   -0.561467909866   -0.0724057285005
-0.11250118346   -0.0371193989652   -0.992957513698
0.554826357565   0.82666494209   -0.0937641796209
-0.334737824749   0.935566423266   -0.112544167704
0.893072313675   0.276873285125   -0.354630933189
-0.300620299671   -0.219218438742   -0.928208437893
0.5618142023   0.270975833026   0.781624119634
0.822514588487   -0.0818808592143   -0.562817650119
-0.088509424382   0.959096477668   -0.268883223216
0.344387036666   -0.749431541852   0.565462912807
-0.466736091028   0.385931153158   0.795746845533
-0.814587848555   -0.537966527697   -0.21687699661
0.969942309766   -0.211038393619   0.121139184723
-0.0798704620018   0.194136291164   0.977717515323
-0.229853464094   -0.958005024459   0.171445269896
0.347105266747   0.360123481823   0.865927401854
0.926876761618   -0.272418494161   -0.258244217796
0.142893863457   0.892245305447   -0.428348457817
0.646252534412   -0.646318241431   -0.405746629027
-0.749323265899   -0.436779236174   -0.49773313695
0.144472278845   0.625696702269   -0.766570981614
-0.334357851214   0.255367461451   0.907182860615
0.870261269294   0.453113768877   0.193205859546
-0.361716195556   0.854090534211   -0.373736361871
0.70804865856   0.62962459809   -0.319750529614
0.446817359079   -0.0488200802743   0.893293021927
0.546828842814   -0.775365101664   -0.315894211165
0.330031153849   -0.027191991143   0.94357828672
-0.516689953154   0.831347328977   0.204678035809
-0.790006885958   -0.555087562147   0.260320693289
0.398992782074   -0.868435968862   0.294320461957
-0.365025681257   -0.444876773847   -0.817828128022
0.841166938463   0.21887339479   -0.494504422785
-0.935901240921   -0.234741207571   0.262651014721
-0.232631806063   0.971759788329   0.0395646102746
-0.264521138803   -0.0240724125576   -0.964079462851
-0.429679149878   -0.746267545936   0.508390284471
-0.741455438372   0.612929025317   0.273060196294
-0.51538312387   -0.259620468713   -0.816686952951
0.928294291331   0.293941749901   0.227745405816
0.228439694096   -0.93407411757   0.274447105658
0.293402502317   -0.20274159738   -0.934243641195
-0.436112726328   0.601027904962   -0.669754330914
0.691966076376   -0.251844226321   -0.676577554749
-0.575315874512   -0.758511500178   -0.306058312585
0.702328207253   0.441951639921   0.558044674835
0.0195091824298   0.771687531463   -0.635702573802
-0.71158590693   0.457358850914   0.533355803187
-0.56919660651   -0.762475972844   0.307616366012
0.236107832098   0.206801432385   0.949461567965
-0.787559857678   0.61306979069   0.0623239493503
-0.896434473301   -0.442789017792   -0.0185346890788
-0.441138849687   0.895537505315   -0.0583876242853
0.042451905418   -0.0441642966129   -0.998122130164
-0.620906187108   0.422984677454   -0.659966870835
0.697580358472   -0.0858832341758   -0.711339279512
-0.35756670907   -0.902056478133   -0.241738925823
0.530775580722   -0.594708530888   0.603821636589
-0.844848607373   -0.427735240485   0.32136898981
0.067153824489   -0.680712097939   -0.729470366525
0.901067163242   0.0856944340133   0.425128735014
-0.0748716233249   0.996302563509   -0.0421359981633
-0.427167668927   0.00613728764725   0.904151605672
0.431124374419   0.0807652533581   -0.89867055459
-0.410856176074   0.904312219655   -0.115830112668
0.803323717077   0.419161527658   0.423053941742
-0.851682320812   -0.5240243763   -0.0059037557629
-0.466533748329   0.753017117245   0.464016565454
-0.238710416528   0.397949198251   -0.885806375206
0.255378022672   0.703353458188   -0.663382124301
0.890263483222   -0.438689158022   -0.122402986809
-0.377111204326   -0.559325909997   -0.738201428853
0.319632843951   0.101485604888   0.942091278368
-0.473647205428   0.878231257754   0.0660928511236
-0.820666576367   -0.467344211669   0.328779883481
0.544457755057   -0.578239990344   0.607621240934
-0.83843802055   -0.396097714212   0.374334288191
0.0242228108088   -0.713262214887   -0.700476750009
0.645650760526   0.209411968441   -0.734357597599
0.72822362974   0.120592659629   0.674645212579
0.229836460916   -0.970362017621   -0.0746378572777
0.576605082135   0.618677744655   0.533632774586
0.585483360045   -0.768440219582   0.258276634362
0.569855529897   0.163509733702   -0.805311837258
0.816403695826   0.448640256   0.363602499679
0.544933997763   -0.390114302053   -0.742197174648
-0.191132925362   0.804071905161   -0.562970081911
-0.255000892972   -0.907430202232   0.333987749894
-0.547774513107   -0.149070060143   -0.823239821856
0.796818970528   -0.392875488642   -0.459055209679
-0.257260401584   -0.838379106355   -0.480562492313
-0.96463415575   0.252363007104   0.0761281356822
0.0574524199011   0.483151137335   -0.873652273505
0.145034953977   -0.968372929425   -0.203024173501
-0.866833829802   -0.223292056205   0.445802521747
-0.477036745942   0.111331246478   -0.871803578249
0.795684854531   0.546259967465   -0.261697882299
0.565864001664   -0.516264053532   0.642860995447
0.216064030497   -0.659600163578   -0.719892339677
-0.0785208054284   -0.0783169618236   -0.993829085007
-0.98168062655   0.179664608134   0.0634051378863
0.173588433287   0.980603649567   -0.0909878987112
0.376795204261   0.517977881576   0.767935180668
-0.18238668581   0.854295394649   -0.486738647942
-0.90816332471   0.0433396903472   0.416366654058
0.999999999876   -4.45295205343e-06   -1.51001035587e-05
4.45245498201e-06   0.999999999448   -3.29182849307e-05
1.5100250134e-05   3.29182176941e-05   0.999999999344
-0.446621245127   0.616930213641   -0.648017781811
0.890707594535   0.375115608982   -0.256765387535
0.084675351107   -0.691871082424   -0.7170390846
0.902097774395   0.0138551152575   -0.431309216356
-0.130993452024   0.961114805304   -0.243102953737
0.411169453947   0.275801316839   0.86883445621
