0.143905529683   0.140860218387   -0.979514980609
0.792061951256   0.576976592645   0.199338598446
0.59323609443   -0.80452247348   -0.0285398972271
0.633103570796   -0.253777966933   0.731284221176
0.585846468526   0.77456583347   -0.238393970004
-0.505928635241   0.579348352132   0.639055320705
0.896350923675   0.173135193717   0.408141184302
-0.1279895242   0.982451881027   -0.135672337494
-0.424468730677   0.0693722290446   0.902781142091
-0.754780418334   -0.490323195484   0.435763334904
-0.652869682347   0.626089724109   -0.426348255811
-0.0637785069456   -0.606295984921   -0.792677412757
0.688288571591   -0.631341262635   -0.357305264893
0.351718622301   0.721198753217   -0.596796756939
0.634470529617   0.285097471859   0.718447338776
-0.100957129252   -0.637764758832   -0.763586124907
-0.992721223317   0.11523561221   0.0350046599458
0.0656675759771   0.761562122111   -0.644756468127
-0.742013544479   0.423975109872   -0.519288942759
0.669581884319   0.430811086496   -0.605030501679
-0.0328024397814   -0.796647295846   -0.603553714275
0.528378873039   -0.838107698205   -0.135614353035
-0.81574494655   -0.545432139857   0.192520032803
-0.235320948317   0.00890320519526   -0.971876938853
-0.919464124903   0.365839587792   0.144038602576
0.361725171039   0.930676240613   -0.0547415362993
-0.154079926223   0.00176950938392   -0.98805680261
0.779188381392   -0.623514973698   0.0639886230919
-0.590493182195   -0.764467584898   -0.258664093915
0.210198163865   0.16376321099   -0.963845601069
0.805436597015   0.112158284216   -0.581972858016
0.535626979969   0.282611850226   0.795760190275
0.25372352377   -0.95265474406   0.16755092387
0.231878238743   0.0483594682898   -0.971541993017
0.442042973546   0.88444322139   0.149526578479
0.866504755848   -0.464135271187   0.183706173284
-0.0727553782582   -0.993167315992   0.0912432865338
-0.968627795071   0.0485665240463   -0.243724203395
0.237627543665   -0.106113030066   -0.965542943253
0.687405781093   0.723132774354   -0.0674706066987
0.641207568621   -0.560640969708   0.523960453653
0.341066190139   -0.403436108579   -0.849066051729
0.607977858098   -0.659207728754   -0.442502084077
-0.539197939598   0.0662762497559   -0.83956717459
0.58277654894   0.749034464539   -0.315148956742
0.761978075494   0.482606504468   0.431833734577
-0.311358492202   0.857702187873   -0.409148929189
-0.567842673465   0.177307413177   0.803813896017
-0.378270226945   -0.662168149478   -0.646873231214
-0.907933815005   0.129160981983   0.398714971284
-0.180465572931   0.7381400833   -0.650062608105
0.681814773028   -0.719487403603   0.132160854038
-0.702420992961   -0.694368470939   -0.156387899874
0.20428745417   0.013795022133   -0.978813737873
0.0190821333094   0.898212156431   -0.439147804538
0.95640306666   -0.14442418753   -0.253840162588
-0.291425884702   -0.415158495154   -0.861808782522
0.471056664994   0.0302630341602   0.881583669959
0.841692324948   0.28361002471   -0.45947729435
-0.263931143483   0.958462050716   0.108124228813
0.655937256605   -0.372283818929   -0.656620951209
-0.571377172929   0.323542023706   -0.754220581237
0.493228589661   0.869899601719   -0.000491208560727
-0.550042103598   -0.0108384423301   0.835066591704
-0.557395933248   0.749373728924   -0.35741962456
-0.621903093746   -0.66205856432   -0.418228405933
0.959890808476   -0.266800541146   0.0861806651669
-0.253892793879   -0.696746229966   0.670882359483
-0.118945723004   -0.665854460294   -0.736539036784
-0.270331078566   0.676624710455   -0.68490883276
0.795543284774   -0.243682997176   -0.554733700948
-0.542247166928   -0.694836382264   -0.472409157273
-0.141857404672   0.732733429726   -0.665566073125
0.674878658405   0.563468128731   0.476489731611
0.724165225043   -0.381582741831   -0.574438280379
0.835543263333   -0.364652068255   0.410969979701
0.208721448003   0.90259188566   0.376514601422
-0.508234997065   -0.228815989516   0.830265277306
-0.0153677688836   -0.521134469682   0.853336215233
-0.570754252659   0.705307055594   0.420453969434
-0.820977109785   -0.480583834362   -0.3082787106
0.833674956731   -0.141522942635   0.533813940646
-0.0503884931672   0.943082216399   0.32872014369
-0.549951876327   -0.300943831668   0.779092898122
0.773967694188   0.589439042891   -0.231377663276
0.630636346402   -0.750510766756   0.197563629077
-0.0571997110464   -0.298823030661   -0.952592772045
-0.911167296769   -0.212358091504   -0.353098000943
-0.316409552331   0.909540651291   0.269482464816
0.263930203825   0.357267189401   -0.895935825205
0.765504925133   -0.597538614303   -0.238641601759
-0.250462698546   -0.61836542873   0.744911158272
-0.592680897542   -0.510462340921   -0.623022915087
-0.228143629666   -0.896910452885   0.378816741539
-0.483446982582   -0.233367601055   -0.843693414536
0.845120996779   -0.375621088605   -0.380367320508
0.975165853719   0.141166084872   -0.170656655957
0.218943554409   -0.498264181396   0.838925816483
0.0333957740321   -0.855455984876   -0.516797620212
-0.0666392567976   -0.390555333721   -0.918164332117
-0.677570898627   0.693206154605   -0.245688633346
0.732432172152   0.605748923668   -0.310823671384
-0.072144440112   -0.991730584731   -0.106139658456
-0.993825596722   0.0624841225745   0.0916865189083
-0.0842962815775   0.112098981971   -0.990115122197
-0.431725859249   0.901908911366   0.0131566563968
0.0970464754517   0.0319429862325   0.994767121959
0.896769069277   0.430743497835   -0.101317694002
0.952453984659   -0.283609593891   0.111341840089
-0.257513734548   -0.554010761047   0.79168096667
-0.162843739888   -0.782711744336   -0.60070312258
0.106056343722   0.186140930567   0.976782271481
0.756187462019   0.622788272834   -0.200786676566
-0.645703162605   0.759925207615   -0.0747067907288
-0.844080084359   0.404611200559   -0.351878654655
0.50573487285   0.818809208135   -0.271631587007
0.17821630005   -0.40723611954   -0.895766539546
-0.228317470241   0.907407932527   0.352820034536
0.924476275714   0.315707581146   -0.21371087677
-0.305310904531   0.277379824778   -0.910958662279
-0.754058818196   -0.014445915481   -0.656648014731
-0.582335957776   0.477097524398   0.658227000965
0.303776450709   0.878731624584   -0.368171971705
0.633636036883   -0.762895582766   0.128435596881
-0.160998895919   -0.292416622358   -0.942640904289
0.756693285462   0.576613257497   -0.30811105623
0.0170022970386   0.253662260648   0.967143411897
-0.913984599295   0.396129062191   -0.0878289143206
-0.405392493647   -0.882460890613   0.238578503737
-0.365657196821   -0.0416629712605   0.929816654692
-0.877297052192   0.349100504099   -0.329361078912
-0.310877301731   -0.936158659049   -0.164201913643
0.840974651432   -0.491829574061   0.225533380466
-0.480486252442   -0.48717891741   0.729239098943
-0.248786247288   -0.721637285825   -0.646022469134
-0.00447667490668   -0.99481799442   0.101573212036
-0.421366866189   0.0939930667087   0.902006245836
-0.906879222114   -0.0387615973366   -0.419604117151
0.726350093731   0.572130744126   0.380896249588
0.300236865416   0.234397288301   -0.924616534487
-0.618282593941   0.785954402512   -0.00152024889553
0.699743897237   0.502914349097   0.507381154284
0.526919812551   0.116259232433   -0.84192594801
-0.482404383678   0.856481726754   -0.183643846162
0.631890084526   -0.205579406284   -0.747296479873
-0.762367804133   -0.338623213331   -0.55147951074
-0.139679104879   0.918189211033   -0.370699771457
0.107739586471   -0.985312407342   0.132482608073
-0.927957241953   -0.147487629422   -0.342261239801
0.356773791933   -0.0860631111536   -0.930218040183
0.674888062156   0.623285013064   -0.395021386818
-0.205724447005   0.673015714716   0.710441622967
0.708663217232   -0.398203013838   0.582435236147
0.575156366019   0.816057085368   0.0569735732506
0.815642183149   -0.57740799295   0.0364395217623
0.0626337265033   0.0255116267517   -0.99771046562
-0.92682700153   0.351872297525   -0.131063326197
0.366920661151   0.922855163982   -0.117079352291
0.0797554867057   -0.156602147326   -0.984436300528
-0.105924460337   0.882995278028   0.457273821446
0.76062921938   0.36815070177   -0.534703891389
-0.640486689498   0.291177608724   -0.710628173451
0.822056717857   -0.28810888331   0.491137479717
-0.478777322753   -0.816627697191   0.322322011952
0.308212634138   -0.500112462881   -0.809254284276
-0.24792721305   0.804454779164   0.53980052366
0.591050157972   0.567084810297   -0.573650179728
-0.767588306206   0.176825694463   -0.616068880887
-0.513219609559   -0.790426402871   0.334412520676
-0.854050248932   0.431808637212   -0.290068049118
0.0848752298357   -0.434473707449   -0.896676526328
-0.348803972941   -0.684963849323   -0.639656402368
0.417377935938   0.497569148086   -0.760408180705
0.839125405742   -0.532211863652   0.112334702132
-0.23932593321   -0.322262460739   0.915898468049
-0.580261412149   0.803793911032   0.131194672559
-0.778472729739   -0.50006225106   -0.37936519841
-0.737461143829   0.629844135841   -0.243818428035
0.67029437799   0.72680137896   -0.149883963018
0.0828040345465   -0.273963720376   -0.958168759528
0.304945003463   -0.739525140363   0.600092585907
-0.558021655375   -0.649356728424   -0.516669789562
0.771764456957   -0.177308787386   -0.610689132829
-0.42743668301   -0.863068784871   0.269091350464
-0.833314849695   0.26072052152   -0.487453763027
0.350548489643   -0.43259343776   -0.830649549687
0.329490419615   -0.903865724294   -0.272878756666
-0.85906435565   -0.167090266403   -0.483827733543
0.391719920665   0.393837016213   -0.831533468026
0.23142462926   -0.956844087572   0.175761293915
-0.861405144291   -0.117576931397   0.494122294278
-0.452132522331   -0.265753751417   -0.851440617064
0.82142779899   0.223597616498   0.524652720322
-0.463225545825   0.798212604863   0.385069774369
-0.332683730802   -0.559339559958   0.759250151086
0.758539553373   0.630347662054   -0.165165283481
0.648508088459   -0.705487393524   0.285875491193
0.063678922159   -0.323958889683   -0.943925649777
0.645242184857   -0.76392432798   0.00906333357607
-0.508745562299   -0.420796768828   0.751071256435
-0.569947783343   -0.489233789227   -0.660158938293
0.798126766281   -0.446984069764   0.403978843911
-0.591523268433   -0.708697218575   0.384510695995
0.114428527272   -0.545851164521   -0.830031697219
0.906011076205   0.377251674712   -0.191898680875
0.398844510015   -0.912711474464   0.0887739895323
-0.141657991747   -0.156967953141   -0.977391464596
-0.266358509412   -0.900623574832   -0.34340984419
0.00678608241625   0.354519785715   -0.935023887773
0.963850140693   -0.251381976439   -0.0883176559288
0.710851806534   -0.231111484559   -0.664286979281
-0.602775779863   0.286494402134   -0.74470283787
0.362423879384   0.929789459623   0.0643466579796
0.918135027198   -0.152416645791   0.365783047617
-0.39405985852   -0.253871029609   0.883326852489
-0.0417719970941   -0.955153739725   -0.293149166553
0.914428361195   0.390820425578   0.105262373114
0.381224348189   -0.919015354474   0.100393100334
0.135973411337   -0.0516737186348   -0.989363966504
0.0745426062571   -0.055384763707   0.99567862679
-0.374692045372   0.923740203861   0.0794349224798
-0.924147862105   -0.378994147347   0.0481057719033
0.0543202942906   0.882311260139   0.467521278486
0.301192718801   0.431926290576   -0.85013094617
-0.952014837986   0.186993368138   -0.242283364051
0.904922005625   0.311929473615   -0.289510219547
0.41504965661   -0.797235641604   0.438348165559
-0.0940741530942   -0.516832018349   -0.850902296666
0.175045978713   0.176373583883   0.968633710091
0.939858637293   0.263146242244   -0.217760871528
-0.293299586295   0.948496923649   -0.119703544706
0.582622572491   0.170733733514   0.794607406361
0.727123025124   0.327293717716   -0.603465764268
-0.363101975123   0.929370117095   0.0665442789769
0.888784566919   -0.444008865189   -0.113657913236
-0.438383250814   -0.751204950934   -0.493468587756
0.13372404052   0.488412990542   -0.862305416694
-0.695073367222   0.554274720512   -0.457878311644
0.668062113266   0.733276224722   -0.126487118151
0.265642667677   -0.393808979635   -0.879970715734
0.849551593066   0.518771205204   -0.0955956451583
0.175742329794   -0.44921698499   -0.875967313282
-0.497369806322   0.727379225075   -0.472803065463
-0.414138112558   0.84268713825   0.344046524169
0.473498442908   -0.123359885946   0.872113274256
0.777360179279   0.5240808388   -0.347923017506
0.322976101113   -0.93444812762   -0.149977114445
-0.709153808966   -0.134010036735   -0.692200971696
0.626727463336   0.329921212981   -0.705949488154
0.0317171998906   0.693592922507   0.719668588218
0.986960400024   -0.135417253305   0.0870134245055
0.157807439002   0.70752457562   -0.688843804297
0.150488977655   -0.247870590693   0.957033561348
0.881842574789   0.471251221317   -0.0166120285216
-0.446885601206   0.846452867248   0.289500954555
0.402450127415   -0.477740646752   0.78089549202
-0.914390987271   -0.168922775887   0.367905175726
-0.0438522224494   -0.862107284721   -0.504824734338
-0.0788543918089   0.351078268872   0.933019846547
-0.799007507814   0.537421484606   -0.269750162844
-0.596128331302   -0.766760847347   0.238136128334
0.42608065232   0.600776688774   0.676404204556
0.501331932831   -0.779167231111   0.376250872523
0.753074744523   0.178789810046   -0.633176620678
0.835423010406   0.518576471519   -0.182062727803
0.347418401125   -0.24158933198   0.906054661213
0.425874216439   -0.820190854456   -0.3819922956
0.980822121961   0.154102180495   0.11933349504
0.152668615282   -0.226826517053   -0.96189501768
-0.121162118584   0.961666391789   -0.246003032281
0.350738361325   -0.151654567296   0.924112273561
0.736662092668   0.653949833462   -0.172274712473
-0.578196820428   0.741181831638   0.341083463876
-0.547906835664   0.139704904526   -0.824791270437
-0.808737032976   0.163614660921   0.564955444796
0.213874990659   0.976582194576   0.0233389385252
-0.669989030402   -0.400384507118   -0.625145540787
-0.454799462954   0.886936513989   -0.0806292053584
0.586747091346   0.230295173028   -0.77633239385
0.176195060535   -0.194346262636   -0.964979186741
-0.968751392786   -0.208093160564   -0.134973980839
-0.174573880118   0.958606679889   -0.224938199635
0.932742680508   -0.342376557963   -0.113001701327
-0.212391962132   -0.268518046062   -0.939567833155
0.291343004665   0.900375672281   -0.323176270981
0.954389844126   -0.143640885197   0.261739033255
-0.219325472894   0.257509612767   0.941055331146
-0.202574337885   -0.95553968805   0.214260454117
-0.497888411835   -0.847463423283   0.184154488541
-0.249557157851   0.343368477294   0.905438741057
-0.830559061367   0.404850385993   -0.382449749155
-0.750480257371   -0.631585374541   -0.194626046489
-0.580694842864   0.770776988936   -0.262099852728
0.315551711733   -0.0836824234475   -0.945211282856
-0.107595940469   0.948243830002   -0.298758686248
0.79631819552   0.262111092919   0.54513769504
0.595231421575   -0.179252374971   -0.783305905174
-0.152108743594   0.830153709655   -0.536383956236
0.970710958932   0.0233669399464   -0.239111313742
-0.185965492418   -0.557044706012   -0.809393619443
-0.419231578955   -0.76504562748   0.488825194387
-0.825931930812   0.0978423072624   -0.555214668675
0.376936769841   -0.636499859011   -0.672894197132
0.57531252286   0.364283049639   -0.732334186558
-0.0198017852663   0.901287370984   0.432768950144
0.817693946631   -0.234475872221   0.525735365947
-0.633232723512   0.266127922135   -0.726768358767
0.0672201533059   0.954386623703   0.290908273337
0.771036814448   0.135359157675   -0.622238000743
0.060362995782   0.987151583734   0.147946136597
0.992374156153   -0.0753072187335   0.0975825642672
0.107470194949   0.140927546563   -0.984169489227
-0.740147541589   -0.432666405803   0.514763439056
-0.654580942279   0.288302650239   -0.69886005177
0.15396560299   -0.854213886122   -0.496601681471
0.732011672179   0.680931584976   -0.022160514028
0.548450713447   -0.569672073461   0.612107460887
0.404179077538   -0.460223755728   -0.790464020677
0.979921415556   0.00823166499866   0.199214103482
0.0706551289682   0.919972729722   -0.3855619656
-0.186445359516   0.391895925289   0.90091937023
0.893602409824   -0.134739772354   0.428158763664
-0.319233187066   0.479781920916   0.817251173531
-0.315539071165   -0.866980104794   0.385720873767
0.0612350313269   -0.900888771672   -0.429708845657
-0.960891685094   -0.169695996787   0.218838840748
-0.270069325319   0.399503053527   -0.876047869576
0.290556702055   0.769885397223   -0.568201793378
0.919609837914   -0.388750831435   -0.0564848386876
-0.264375772089   -0.506111910679   -0.820948344848
0.393000859213   0.801085091025   0.451456533372
-0.391042323269   0.589952338522   -0.706429146933
-0.8322476951   0.101088650018   0.545109951097
-0.641905266774   0.52596716064   0.55795714389
0.411572153567   0.850291146376   -0.328044705494
-0.646966761819   0.0190659991146   -0.762279802161
0.911838047764   0.38753792771   -0.135520217076
0.178401632316   -0.0767233740034   0.9809619674
0.369762399707   -0.918655473223   -0.139096690457
0.0371758393424   0.99924169967   -0.0115750850814
0.997417463617   -0.0363906939758   0.0619202765525
0.0614520970079   -0.0138471302558   -0.998013976218
-0.450719650323   0.848372158289   -0.27769853651
-0.243143235863   0.182651932434   0.952638251412
0.858913943881   0.496893300658   0.123951136989
0.730720249561   -0.666770016013   0.146511646797
-0.670943448423   -0.661807960468   0.334432523239
-0.126027004725   -0.342677646379   -0.930961451883
0.343278118472   -0.939012908432   -0.0203688775694
-0.863657794923   -0.307058725593   -0.399762619938
0.369127818843   0.154821499894   -0.916392359483
-0.913520626711   0.404397593991   -0.0440755095769
0.127539883834   0.181840169277   -0.975021913019
-0.386281817591   -0.896324014411   -0.217691567558
-0.455503242075   0.889976940929   0.0213972168748
-0.00788408141492   0.0200016941035   -0.999768859972
-0.890199212276   -0.455566654535   -0.0020941857614
0.812398883572   0.420789029286   0.403664027122
0.548103217106   -0.314843626057   -0.774891188782
-0.198974665116   0.850770288554   -0.486414430982
0.349848311098   0.224730001707   -0.909451804972
-0.463893917449   0.884976770751   0.0402311892187
0.813884876741   0.407814346934   0.413858509467
0.999976896539   -0.00203902298425   -0.00648450250628
0.00202693521797   0.999996197073   -0.00187012669537
0.0064882910775   0.00185693982247   0.999977226667
0.733527099518   -0.638588273486   0.232686508499
-0.446668419235   -0.710979894765   -0.543134341104
0.512274650485   0.294470042949   -0.806760234682
0.868702150103   -0.206933054895   -0.450039204068
0.246818041184   0.968563573342   0.0310718351697
0.429461789864   -0.138069964824   0.892468069939
