0.123616462811   0.159829868452   -0.979373975266
0.764746762908   0.613585274186   0.196660875601
0.632361731052   -0.773283599025   -0.0463801333064
0.62256442221   -0.245652655821   0.743012996441
0.571275113818   0.791563003706   -0.21696256703
-0.534844168449   0.559538009297   0.633134212961
0.897649650814   0.169370814097   0.406864389847
-0.117888753685   0.981840761012   -0.148630285507
-0.424649674612   0.0854531880477   0.901315930462
-0.736831124972   -0.502508941859   0.452288245107
-0.674569637535   0.591090682353   -0.442230267349
-0.0451187037217   -0.630948942939   -0.774511287211
0.698191527796   0.332522708411   -0.634000977053
-0.622751569123   0.718931649659   -0.308735754771
0.353141718958   0.610381791594   0.709031025288
-0.0693860029756   -0.591261696708   -0.803489383028
-0.997524205683   0.0318793760181   0.0626830479425
-0.011447345097   0.805849434714   -0.592009836848
-0.752405944301   0.404119891475   -0.520165750718
0.657761499361   0.418819629635   -0.626051058434
-0.0351440587395   -0.813189541941   -0.580936884649
0.545792584079   -0.825432188492   -0.144125491786
-0.802644485678   -0.564405456329   0.192894558084
-0.240566591181   0.0104011119122   -0.970576906874
-0.917973654224   0.369588785408   0.143973955475
0.365426816138   0.929193653327   -0.055338925394
-0.154232331894   0.00181226859123   -0.988032946559
0.807074533146   -0.578366745874   0.118838567897
-0.534057451228   -0.800893269209   -0.270836870031
0.251820048329   0.155118917762   -0.955261631523
0.777413414024   0.143264823206   -0.612456997781
0.550980336855   0.314565242372   0.772961432867
0.303395866976   -0.93836234938   0.165611138455
0.240607821178   0.0968908408173   -0.965774322163
0.419280323903   0.887007726631   0.193445865513
0.875392418503   -0.451474758832   0.172796573352
-0.060384142833   -0.996891801054   -0.0506013071705
-0.993455231517   0.0649453901502   -0.0939616904511
0.0969559604601   0.0445963371931   -0.994289046728
-0.563324164845   -0.627456378846   -0.537554069796
-0.728610540067   0.684038522553   -0.034899578347
0.389605654749   0.372007785283   -0.842506760498
0.645425664162   -0.657655877924   -0.38847710135
-0.495942665866   0.0259876211026   -0.867966310246
0.580918741491   0.752870101532   -0.30938653171
0.766583356059   -0.3637671396   0.52917239758
0.52480671119   0.829781051516   -0.189845522558
-0.370037665791   0.423245643441   0.827003779438
-0.382467235615   -0.619615221694   -0.685416508992
-0.893889329467   0.0603934588314   0.44420096448
-0.23383900534   0.782578818538   -0.576965954316
0.692782474888   -0.710285700156   0.124686272863
-0.694068181008   -0.703661877072   -0.152083276051
0.195759553021   0.0188198537688   -0.980471320585
0.0138742467043   0.892938583627   -0.449964655445
0.953204431246   -0.14773045908   -0.263774569877
-0.302007975941   -0.425248630017   -0.853202663579
0.467387071958   0.112003402837   0.876929052276
0.814177319566   0.331982680078   -0.476343145685
-0.344477310251   0.936612373338   0.063973782477
0.691933461134   -0.391116911923   -0.606840709375
-0.531449217637   0.292990917508   -0.794806927056
0.488661247103   0.872458528201   -0.00512855721395
-0.546381200314   -0.00413567763703   0.837526405477
-0.57221456988   0.732055021324   -0.369683556206
-0.611586518587   -0.681232957132   -0.402347596215
0.973119079915   -0.217134266641   0.0767591464007
-0.211343915867   -0.709524688301   0.672241374789
-0.0915041284964   -0.670393486695   -0.736342018038
-0.292899651855   0.671899381016   -0.680265400971
0.792593157765   -0.227323137669   -0.565791726139
-0.534795175961   -0.704893901871   -0.465959984229
-0.146993017137   0.756802861903   -0.636900683901
0.640338880234   0.563568192665   0.521878348552
0.753895995081   -0.33111979772   -0.567450886151
0.833125623642   -0.372141232899   0.409160846133
0.219712302999   0.901589710006   0.372642588443
-0.507570880905   -0.220560417092   0.832901496739
-0.01663296293   -0.521416293564   0.853140312815
-0.567738180815   0.70728906468   0.421207237626
-0.823041130558   -0.477354404808   -0.307792250749
0.832873574155   -0.12049557612   0.540187398603
-0.0712194433326   0.944565676623   0.320505028724
-0.54886191375   -0.305412014632   0.778122163258
0.77329014847   0.617696328269   -0.143085961304
0.63306623919   -0.739589868977   0.228547506011
0.0353480279253   -0.267316426259   -0.962960251087
-0.881066689615   0.400169436003   -0.252162469326
0.306280617564   0.88894215164   0.340549606287
0.360435391925   0.222814437429   -0.905781460794
0.766180110857   -0.586898215072   -0.261760430298
-0.226180402455   -0.62754776377   0.745000825313
-0.601506827285   -0.511599735454   -0.613559489697
-0.251859793555   0.458486947144   -0.852265430328
0.885827880718   -0.245415296323   -0.393802359207
-0.389712214559   -0.854143460826   -0.344330274879
0.977655769947   0.13389908544   -0.16205008611
0.207852304301   -0.500559082504   0.84037969069
0.0314104295833   -0.855284537359   -0.517205708662
-0.0329951588949   -0.395884353525   -0.917707414223
-0.713967948423   0.651880773171   -0.255541046004
0.699400520525   0.646782062369   -0.304157649391
-0.157797301763   -0.986712097934   -0.0387201154764
-0.987320932429   0.156967122928   0.0236368082431
-0.0172449395243   0.0419590050791   -0.998970497034
-0.458190483865   -0.887909291529   0.0409703643115
-0.0330337438976   -0.0290513403085   -0.999031927197
0.888239974612   -0.459100326521   -0.0160199205885
0.949058537454   -0.287216374671   0.129594161154
-0.274326306001   -0.550790735097   0.788273203863
-0.155025708577   -0.783668501481   -0.601523656581
0.0733842911393   0.159086011917   0.984533588414
0.744008856676   0.648663351215   -0.160270639895
-0.664127673787   0.744263056746   -0.0707597016327
-0.800449101218   0.480423419865   -0.358433500125
0.575323595495   0.783575769253   -0.234545889555
0.168178467212   -0.393957296525   -0.903611449512
-0.228393125336   0.907524086581   0.352472144379
0.924521798617   0.315637491454   -0.213617456835
-0.305116410851   0.277079422291   -0.911115233961
-0.753482538929   -0.0754181989363   -0.653127980567
-0.554230428446   0.607258618721   0.56926760159
0.35368445812   0.790916598197   -0.499357826567
0.652762271706   -0.747310689137   0.124210106415
-0.165234643524   -0.300461994743   -0.939372185176
0.739323291404   0.592662908916   -0.31961186957
0.0233741810129   0.251996248869   0.967445883848
-0.918527007007   0.387440643387   -0.0787266487486
-0.394666675837   -0.886785001215   0.240521468
-0.338595980321   0.00880549687582   0.94089065537
-0.915711346151   0.226882446957   -0.331658085697
-0.216391988455   -0.973882343255   -0.0687581911583
0.842238821951   -0.478139634629   0.249030633809
-0.490895189153   -0.489256385705   0.720867603745
-0.222835544842   -0.72939062145   -0.646787168311
-0.00807114652315   -0.993124324385   0.116785841851
-0.433600280154   0.108714792891   0.894523275723
-0.901069172479   -0.0434185452961   -0.431496438292
0.740143767934   0.567671939252   0.36046604859
0.286310101545   0.219003397711   -0.932772232424
-0.608451911456   0.79359062571   -0.000436210600095
0.74839503552   0.517082234299   0.415368310983
0.448576910763   0.0666920802825   -0.891252445447
-0.488552582561   0.853333539337   -0.182039129481
0.59798063017   -0.206272046861   -0.774513401187
-0.78931017361   -0.31951098744   -0.524311146858
-0.139314808152   0.924859217161   -0.353874006732
0.0935073196665   -0.990977708907   0.0960185482657
-0.941468252359   -0.119381573432   -0.315254769537
0.32387329461   -0.0609197863199   -0.944137102679
0.668296920315   0.632672694212   -0.391285686289
-0.223415878254   0.672415687712   0.705650400879
0.709552374134   -0.384164554476   0.590722458895
0.572794634355   0.816846175338   0.0683273934182
0.816398916095   -0.575975394936   0.0417750431499
0.0734786816305   0.03185388936   -0.996787947902
-0.91238387665   0.381791833365   -0.147616589881
0.404719773016   0.895398709001   -0.185642283033
0.0612989964173   -0.229120378613   -0.971466049405
-0.141827491013   0.875255950003   0.462398080477
0.74480923166   0.40204204211   -0.532561174737
-0.652030805467   0.268866543823   -0.708919325743
0.833042569975   -0.277368028785   0.47865128561
-0.463038135929   -0.82304169777   0.328934717538
0.302713992547   -0.495650421501   -0.814060746122
-0.22309375306   0.813296844363   0.537380145074
0.612997616472   0.54568052408   -0.571372634844
-0.757933440066   0.20194308257   -0.620286943168
-0.511148298983   -0.81543280225   0.271655593522
-0.859325180898   0.478614268522   -0.180245985955
0.0169602462349   -0.325572921159   -0.945364809528
0.279396480956   -0.595348563344   0.753324428571
-0.7611389635   0.340948116468   0.551744379433
-0.585324768654   -0.727540012726   -0.357883284497
-0.278458333609   -0.339120584542   0.898586771298
-0.472246198821   0.863026135764   0.179358347125
-0.836327976401   -0.3744103606   -0.400465226617
-0.715323976927   0.667215717627   -0.20768917687
0.688598302253   0.723618249742   -0.0470000720762
0.118928491838   -0.176634693062   -0.977065094576
0.285788571473   -0.778684032044   0.558548181127
-0.605486972275   -0.598501122478   -0.524577861492
0.742772117683   -0.188275289405   -0.642527817733
-0.405819130724   -0.867299559269   0.288274708543
-0.836628937575   0.22555008613   -0.49917850458
0.367916911688   -0.443755149958   -0.817140448713
0.323051416514   -0.919515088179   -0.223896817519
-0.837721947787   -0.167774513046   -0.519686108107
0.44029503799   0.355448611441   -0.824497764784
0.207363834976   -0.957371390193   0.201097640983
-0.874223554246   -0.0891011542163   0.477277866188
-0.439014142335   -0.274774463135   -0.855432976507
0.818140260505   0.226500899168   0.528529901535
-0.465964870234   0.799725412091   0.378571003859
-0.336932120534   -0.556000546701   0.75982901907
-0.942727885915   -0.0408154258699   -0.331056240469
0.181333746729   0.770310195342   -0.611343009509
0.279968222554   -0.636361771314   -0.718791687882
0.6242171932   -0.780753277933   0.0278785710432
-0.530746998278   -0.397609600892   0.748474601537
-0.573289211085   -0.482007182855   -0.662577207718
0.806011206678   -0.448942362643   0.385741739685
-0.583698691063   -0.710982508852   0.392173061502
0.0981925290528   -0.54125283107   -0.835106939325
0.886621870357   0.385334515116   -0.255771324555
0.415341562058   -0.9066651582   0.0738219325941
-0.20345280984   -0.17168460142   -0.963914597774
-0.270670832683   -0.896688541402   -0.350266983843
0.0100310227781   0.361201921602   -0.932433670763
0.962619695848   -0.255896134219   -0.0887721216762
0.698798557221   -0.242772928301   -0.67286096761
-0.604850102802   0.301640831308   -0.737000109959
0.381886016489   0.921994638934   0.0639449470739
0.919138260946   -0.177518682171   0.351670264229
-0.387665752795   -0.248967294207   0.887541858441
-0.0700008669392   -0.952104198003   -0.297653279388
0.910600827005   0.385980121871   0.147734489464
0.373214251662   -0.921527150293   0.107232614556
0.177531000711   -0.0425094905662   -0.983196667505
0.0767347468834   -0.0895857080942   0.99301872063
-0.349325825404   0.930411565305   0.11093145114
-0.933853974839   -0.35539938105   0.0401002945368
0.428369376643   -0.313584848896   0.847445703114
-0.880644398613   0.0651862846531   0.469271980341
-0.202398419895   -0.947320057259   -0.248232932554
0.899967478911   0.27283640276   -0.340027696279
0.40650334972   -0.806997003918   0.42838167843
-0.157523215984   -0.523751976681   -0.837179970753
0.141231751065   0.123811522712   0.982203797289
0.950983609665   0.25874295148   -0.169358375264
-0.275106827821   0.957978492434   -0.0812000086962
0.57908371861   0.167959800819   0.797779137458
0.729827284246   0.329307338566   -0.599089986529
-0.363337559337   0.929164238495   0.0681148728856
0.883151777822   -0.415677538352   -0.217382431308
-0.468059567329   -0.750222454157   -0.466997334839
0.0310351214577   0.514177453244   -0.8571221429
-0.658263476758   0.600407342131   -0.454092742381
0.706235893693   0.701383093684   -0.096398227967
0.260614768631   -0.384152026429   -0.885724089638
0.846980568896   0.529352020319   -0.0490953612732
0.221019366159   -0.434612690039   -0.87307631365
-0.483502177551   0.728627647196   -0.485105551465
-0.399093544645   0.855323460024   0.330372700681
0.495631151228   -0.10189695086   0.862535085279
0.77141046438   0.507975186538   -0.383258535857
0.343906694227   -0.927228189133   -0.148243282771
-0.708351451217   -0.152541159712   -0.689180249321
0.61641415231   0.342022045739   -0.709263359348
0.0498065446124   0.686802628475   0.725135475297
0.983781790376   -0.158999132526   0.0830220733254
0.172315689765   0.709240033595   -0.683583116841
0.14435234065   -0.190112257146   0.971092030344
0.848527519578   0.528666904227   -0.022635213158
-0.509080985928   0.827265757806   0.237629787059
0.421153441442   -0.571766659666   0.704068651227
-0.893509957168   -0.128214981979   0.430349712222
-0.155787468009   -0.810335612732   -0.564877384492
-0.0831900239221   0.31759115369   0.944571479041
-0.765173462246   0.586885290492   -0.264717261391
-0.638426967314   -0.744782864264   0.194189321292
0.405643601242   0.604476693517   0.685610090187
0.503449713339   -0.773816761105   0.38437742698
0.762883775493   0.189249959651   -0.618217435747
0.829635757468   0.52731781917   -0.183413269706
0.350696985866   -0.236589771976   0.906110867289
0.434414702817   -0.816064456585   -0.381212104458
0.967494898042   0.169949541304   0.187271929747
0.221891566179   -0.215239842666   -0.951018371494
-0.12131675531   0.961659484158   -0.245953819526
0.349421981969   -0.209556530847   0.913230715026
0.768641003697   0.621483874512   -0.151488617198
-0.535812734007   0.754880026285   0.378233869405
-0.541767024495   0.11215677409   -0.833012214414
-0.810928610832   0.190945837928   0.553113437914
0.221095634221   0.975172059224   -0.0124970215181
-0.673590584935   -0.433845818639   -0.59837574277
-0.410182720672   0.892907545351   -0.185650885043
0.614838075877   0.120390701904   -0.779410174007
0.191271506697   -0.264761197949   -0.945154335967
-0.975228394114   -0.16026337691   -0.152463862443
-0.111107110711   0.950903337936   -0.288856455474
0.912532760704   -0.385016262827   -0.138008833082
-0.246962809671   -0.249715238082   -0.936296785545
0.326026580649   0.888484539732   -0.322958033635
0.262428968292   -0.256499647047   -0.930235974185
-0.12095204159   0.947676849908   -0.295430519384
0.957340921636   0.190043466643   0.217673702018
-0.495724070582   -0.856040445174   0.146466387254
-0.21441920847   0.284062449816   0.934522834335
-0.841594943787   0.431860256427   -0.32436810875
-0.726087272533   -0.661099104255   -0.189064134683
-0.607672511076   0.745617975295   -0.273473863835
0.321762943721   -0.0836768144235   -0.943115474786
-0.139993967428   0.968677089167   -0.20510091622
0.717736677259   0.24197240138   0.652919151942
0.682096584823   -0.0558037075753   -0.72912975178
-0.149596124579   0.802350933987   -0.577800985004
0.960766105307   -0.0200802030148   -0.276632023395
-0.233558323412   -0.596514680627   -0.767867661389
-0.564600591215   -0.795287239253   0.220781293161
-0.820434472124   0.511583970291   -0.255282428439
0.0900746872289   -0.325269193747   -0.941321678404
0.569065969798   0.366923244199   -0.735888072251
-0.0335272531436   0.904532434754   0.425084694824
0.821608084984   -0.217228928422   0.52704055569
-0.633045279197   0.238600143719   -0.736426266449
0.100692012952   0.968611898844   0.227271001112
0.767538137831   0.0697205911913   -0.637200318698
0.0194489232429   0.952148986261   0.305014831433
0.963915751176   -0.0988676919377   0.247167158377
0.265496071662   0.289201465256   -0.919714275479
-0.744556018065   -0.413812177818   0.5238280419
-0.645976043836   0.248696035201   -0.721709936801
0.168378403547   -0.875733842887   -0.452480883204
0.72397764834   0.689815584775   -0.00328993552998
0.543191030316   -0.567139018387   0.619109714222
0.425205678771   -0.450008658429   -0.785297611032
0.976895922288   0.00300237398985   0.213694508043
0.0796742436908   0.922701810332   -0.377191442244
-0.198308779205   0.38550273016   0.901144424124
0.887039416082   -0.158121263389   0.433772682843
-0.31156053016   0.488345467176   0.815137252698
-0.340721455683   -0.858205319695   0.383917333399
0.22273264574   -0.864868408625   -0.449880877849
-0.925380338342   -0.332743358931   0.181529850013
-0.306694306928   0.375878295194   -0.874445029277
0.307025832035   0.767101105437   -0.563285924323
0.915128216963   -0.400464865611   -0.0465643426985
-0.261295780718   -0.50118238749   -0.824948925422
0.396315810536   0.803222010804   0.444711344249
-0.390445537693   0.5858413224   -0.710170561965
-0.830954908788   0.107816261973   0.545792628416
-0.621942942604   0.556761952219   0.550638815106
0.441959229998   0.830061810654   -0.340102086898
-0.646420153738   0.0318358140197   -0.762317168756
0.906410180759   0.395525351718   -0.148257479964
0.190770577955   -0.0701700072123   0.979123463445
0.376864923816   -0.915770640625   -0.139057408864
-0.0126364785677   0.999582933251   -0.0259668840503
0.998761057261   0.0138676060795   0.0477916321401
0.0481317983574   -0.0253307946337   -0.99851974494
-0.474536181388   0.832723835452   -0.285283062962
-0.296847938264   0.153719545115   0.942471008978
0.828671656142   0.531922282936   0.174246867961
0.714822052692   -0.656840236889   0.239979866199
-0.698282422238   -0.651866475088   0.295756246602
-0.0378297736051   -0.378986809551   -0.924628523441
0.328727659191   -0.940155298788   0.089700279952
-0.81860441226   -0.331010775525   -0.469381169919
0.470982953291   0.0808695283005   -0.878427673201
-0.920291127241   0.385237383536   -0.0682378145178
0.0761946336481   0.00540653874718   -0.997078305391
-0.383742907175   -0.922801672953   -0.0343286108864
-0.400524255707   0.053497495728   0.914723093794
0.916285263164   0.021990729085   0.39992214766
0.00127940571485   0.998325811362   -0.0578267872468
0.793639943816   0.445164738829   0.414685416777
0.567364569626   -0.295504785604   -0.768618479377
-0.219620319455   0.845284139808   -0.487095101902
0.352193524594   0.255172888528   -0.900470165079
-0.498945336127   0.865188366158   0.0500264192524
0.791841696802   0.431666408267   0.432031062752
0.999956659904   -0.00317544750099   -0.00875184821423
0.00315385168111   0.999991950707   -0.00248027016435
0.00875965373574   0.002452560638   0.99995862585
0.726700455133   -0.650474239119   0.220883935024
-0.46127281316   -0.700318915044   -0.544775925554
0.509051903393   0.294001158955   -0.808968156466
0.867758887763   -0.201517359606   -0.454296452206
0.239497039054   0.970522665973   0.0269615117795
0.435471791272   -0.13219874663   0.890442480117
