0.0848239740103   0.255021298595   -0.963207677833
0.661040267628   0.708911470623   0.245907078742
0.745540513955   -0.657577876805   -0.108446659311
0.605385339514   -0.264785317214   0.750597979274
0.566897721465   0.805394567866   -0.173108530841
-0.558690937907   0.530309650902   0.637680256916
0.903300122377   0.173321928709   0.39243903723
-0.103172141281   0.975673902424   -0.193432017493
-0.416418537264   0.13423838928   0.899208349976
-0.678834181568   -0.554618074706   0.481230656884
-0.734055461215   0.529184980628   -0.425588811099
-0.0186207888098   -0.642154224063   -0.766349279847
0.713111213115   0.0738426745747   -0.697151100652
-0.458672014927   0.801203402505   -0.384308587645
0.530181459928   0.59381846319   0.605216698647
-0.0259278219936   -0.520434846096   -0.853507656112
-0.992858639393   -0.0860472842389   0.0826292144803
-0.116445138394   0.849554845711   -0.514487214527
-0.764991100139   0.364593256167   -0.530905240367
0.641797196753   0.362806668875   -0.675623918503
-0.053711962648   -0.857579779713   -0.511538802519
0.58791244561   0.79131820848   0.167852462672
0.767445352112   -0.611218982379   0.193491568566
0.255708012817   0.0150614910371   -0.966636727874
-0.893257022047   0.425101779492   0.146220277783
0.423703580792   0.904819378938   -0.0421564600336
-0.150223727109   0.0242975013313   -0.988353410093
0.836214516423   -0.486700832468   0.252720363641
-0.414091666934   -0.862504796065   -0.290884114642
0.35954606645   0.138592122613   -0.922777789969
0.71027201331   0.216755861122   -0.669724244579
0.563489073859   0.395144866021   0.725493348348
0.421893032354   -0.892679915493   0.158520780101
0.255535320125   0.174663276023   -0.950891392419
0.378173244046   0.887121155129   0.264577122235
0.889767777375   -0.427210482235   0.160637810656
-0.0465164740564   -0.948597682361   -0.313047368088
-0.984256140438   -0.0099707762822   0.176466522705
-0.170517059724   0.316327394712   -0.933199288314
-0.578788616948   -0.587219505804   -0.565841840881
-0.729437288914   0.683030431424   0.0372917053625
0.364588779901   0.434330152938   -0.823670043049
0.680436833931   -0.675052634794   -0.285148479371
-0.404452368487   -0.0214664892132   -0.914307099101
0.611084279503   0.737457205605   -0.287633226952
0.865697245909   0.254364474463   0.431122943668
-0.449960985482   0.772797604143   0.447570077837
-0.219324850323   -0.581448688332   0.783462847152
-0.365483606537   -0.542639259765   -0.756283258515
-0.86629657   -0.0989339940089   0.48963488196
-0.340517233271   0.834119115347   -0.43392777654
0.700773333104   -0.697088279201   0.151606947765
-0.678188830141   -0.716909943904   -0.161555077304
0.221306679252   0.0103953514563   -0.975148855502
0.0243907062726   0.894881303565   -0.445637235851
0.954881899235   -0.152833757585   -0.254641711145
-0.295982519687   -0.419320038958   -0.858233682028
0.459945912566   0.21012476833   0.862726688615
0.770418496597   0.388635018679   -0.505389119745
-0.441480574448   0.897112258299   0.0168670802071
0.76501595899   -0.417217552779   -0.490591577738
-0.435728126396   0.22562253019   -0.871341192501
0.47422735303   0.880354466982   -0.00918858626913
-0.538126427004   -0.0485325291904   0.841465710606
-0.554755679575   0.772006233734   -0.310245888043
-0.634559756441   -0.633759393365   -0.442360652392
0.985998451231   -0.128527282507   0.106244020163
-0.166483538675   -0.722426736819   0.671105685626
-0.00950186925547   -0.67939704708   -0.73370932044
-0.350536257065   0.622695284079   -0.699553368709
0.756596454744   -0.251953252846   -0.603391550365
-0.551983819649   -0.740790214278   -0.382810294113
-0.122557110965   0.793387112759   -0.596252164632
0.615121046229   0.53219558213   0.581716392098
0.778849056626   -0.295473774905   -0.553253463879
0.827541375467   -0.379558320755   0.413655355383
0.232780426809   0.9024840331   0.362402873739
-0.510870379632   -0.203612502429   0.835196625992
-0.016681545769   -0.535054142791   0.844653059139
-0.55147507475   0.709581062005   0.438599998145
-0.834024560765   -0.458488582983   -0.306905932353
0.831281200052   -0.0669693656143   0.551803108462
-0.123377324466   0.945722925608   0.300642950669
-0.541986717777   -0.317998823974   0.777899187366
0.737870471103   0.66978186982   0.0833031496062
0.619396663638   -0.721000408425   0.310654444878
0.268132319848   -0.177625048656   -0.946865566562
-0.871771624939   0.424885198213   -0.243899164186
0.32892461022   0.876565082282   0.351343503306
0.363074144966   0.226066859276   -0.903919764357
0.806246143302   -0.537559617008   -0.246975331913
-0.205749166171   -0.646223996194   0.734888989826
-0.554648029863   -0.541686445197   -0.631618047607
-0.25818535587   0.462834253951   -0.848012249542
0.888798972602   -0.230239700017   -0.396265147128
-0.378651169688   -0.856022274182   -0.351922090507
0.985819977137   0.0906224584085   -0.141232229713
0.167744600648   -0.509356934604   0.844048139697
0.00455210184031   -0.85577046175   -0.517335669722
0.0288117816901   -0.392369813994   -0.91935619338
-0.776777219676   0.570073617939   -0.267643832589
0.629116072145   0.72184624346   -0.288359096572
-0.271800549667   -0.956912447353   0.102191141015
-0.955043227838   0.255146959375   -0.150971726104
0.118392965003   -0.138631155311   -0.983241836282
-0.52809454533   -0.83052991592   -0.177020365696
-0.14674049106   0.294573787245   -0.944295246262
0.836411011043   -0.47270111338   -0.277435177918
0.934558101662   -0.30017690923   0.191036587551
-0.331277536343   -0.538158914534   0.775009791315
-0.129832001187   -0.787577809416   -0.602382640516
0.0194002204231   0.0903361225712   0.995722359108
0.733213497568   0.675783458389   -0.0755955313438
-0.679721706622   0.731543643492   -0.0531253163389
-0.642554292025   0.712254028655   -0.282521115075
0.729497633876   0.681448132059   0.0588357500444
0.234429486133   -0.168293321252   -0.95745505067
-0.248130901227   0.908908773049   0.335135641391
0.91227184215   0.335617365161   -0.234778768676
-0.32586982351   0.247478941482   -0.912448920021
-0.745131004849   -0.157021075367   -0.648169860139
-0.537704472959   0.71638680281   0.444594026652
0.394529701623   0.679804626834   -0.618232952822
0.670667296423   -0.735543103636   0.0958212930587
-0.19311313428   -0.297868477163   -0.934869877408
0.716179233766   0.608482302956   -0.34181368041
0.040838813804   0.255661910492   0.965903296804
-0.933329018999   0.354866583738   -0.054466962614
-0.356691930868   -0.899281210326   0.253109010469
-0.279466490515   -0.957445232398   0.0720909678449
0.0617813377611   0.0569954547631   0.996461030069
-0.958165720004   0.282931343439   0.0432239275688
0.842533975866   -0.438987560564   0.312132057279
-0.51691133602   -0.496012381505   0.697692187205
-0.151456826211   -0.749173971159   -0.644824930296
-0.0110549968439   -0.991739372985   0.127792030608
-0.444390207562   0.119358379478   0.887846225788
-0.895765108964   -0.0469743897703   -0.44203877231
0.765935478805   0.552688295343   0.328448611661
0.267129581868   0.191106970414   -0.944520996253
-0.584794518444   0.811180481807   -0.00126378435174
0.849061160982   0.468397430091   0.244333772524
0.296994517852   -0.0407120714975   -0.954010892809
-0.436908916454   0.882579387204   -0.173678507605
0.530907935498   -0.308419149498   -0.78931260743
-0.847060355316   -0.220627198408   -0.483541511946
-0.025010367384   0.92531144354   -0.378382364782
0.0782011429096   -0.993960945281   0.07698194921
-0.948326967742   -0.0979840954901   -0.301786479623
0.307506981221   -0.0494040108441   -0.950262437547
0.656868014201   0.63169884903   -0.41168067243
-0.225033071919   0.685350562575   0.692571095931
0.719641944623   -0.36228603411   0.592337995596
0.55548755773   0.821822659954   0.126653419985
0.821304620445   -0.566065686766   0.0709109208807
0.129970356783   0.0646309047725   -0.989409193663
-0.879925823508   0.438360437277   -0.183223012087
0.474643410928   0.828169678224   -0.298074850556
0.0210755211325   -0.34924935376   -0.93679277928
-0.193484792728   0.863631720677   0.465514646407
0.716468496752   0.448524427332   -0.534320813039
-0.670251093353   0.230143627165   -0.705547576516
0.847152748546   -0.279389039718   0.451966796476
-0.452201476534   -0.82573719667   0.337152645932
0.279009041524   -0.489999843391   -0.825865672023
-0.173485475729   0.812408841263   0.55668183404
0.674800897508   0.509768259321   -0.53364789001
-0.717318993499   0.283069243167   -0.636651604208
-0.515069872089   -0.847287069095   0.129644318847
-0.846710896349   0.526476138168   0.0768344580422
-0.133355483082   -0.0701961429416   -0.988579190883
0.407793581431   -0.625399041899   0.665267189442
-0.724688527762   0.221549010533   0.652489519976
-0.555455608204   -0.748192538282   -0.36287324647
-0.343563288711   -0.317605365158   0.88379358374
-0.277375301769   0.933411234797   0.227610212255
-0.897233084881   -0.166943998924   -0.408781717551
-0.679049563118   0.719992638039   -0.143186214406
0.711300835718   0.693555134911   0.114159519734
0.181501548021   -0.0243285019691   -0.983089676507
0.231455788829   -0.785810662285   0.57352403686
-0.605311329023   -0.577843212344   -0.547444441843
0.761594651225   -0.220451411851   -0.609405252881
-0.333362469784   -0.88702901756   0.319451069394
-0.856384022957   0.143186042227   -0.496088865558
0.394304284729   -0.438950201403   -0.807370331212
0.301146496814   -0.942750915319   -0.143288168134
-0.798613559462   -0.16723248795   -0.578143301981
0.521082690276   0.288537704031   -0.803255142068
-0.852412220073   0.395894671987   0.341556460042
-0.103148929452   0.513073663542   -0.852124236269
-0.512595069287   -0.761592295376   -0.396514148916
0.813382809673   0.224770915783   0.536550501209
-0.466685940674   0.802764218249   0.371178990081
-0.347293302134   -0.552311185219   0.757852041612
-0.941739813616   -0.0356245512745   -0.334450317376
0.205315947425   0.726719792528   -0.655533145525
0.266404739409   -0.686009646065   -0.677066673469
0.615844213853   -0.786966642401   0.0376750316127
-0.541061286343   -0.387681993554   0.746294416619
-0.57270287993   -0.479985599371   -0.664548896391
0.79772020479   -0.458565107571   0.391612713007
-0.595337900472   -0.702260849183   0.390387607343
0.0959961412317   -0.544561972437   -0.833208856798
0.858963049576   0.399617195165   -0.320138371321
0.438597913064   -0.896855507457   0.0572893480703
-0.264224052879   -0.18962145468   -0.945637009538
-0.281663441484   -0.885111570746   -0.370463511143
0.0183177745269   0.381064682953   -0.9243669004
0.959338399572   -0.267146429416   -0.0911187158526
0.664890406285   -0.227762982711   -0.711368238915
-0.633936170562   0.331601604856   -0.698688276207
0.395026175441   0.915513189071   0.0760915327215
0.929819683044   -0.23158379573   0.286014514631
-0.340360750188   -0.245567693171   0.907662419513
-0.139963983781   -0.941310497987   -0.307155709076
0.8865705529   0.380028454088   0.26376320595
0.35916727308   -0.924831105836   0.125244942509
0.291533059322   -0.0163033665085   -0.956421808389
0.0932633423221   -0.228718473437   0.969014865152
-0.269006841044   0.931271479162   0.245700532297
-0.95861215747   -0.283586480652   0.0253266567282
0.439435526313   -0.331260948295   0.834962635302
-0.871322495079   0.068794078932   0.485864676918
-0.218388479058   -0.941027926707   -0.258404553708
0.898882504898   0.20227930486   -0.388707248727
0.368878824667   -0.828112288322   0.422088202445
-0.23651354105   -0.522793573752   -0.818992200295
0.0523762852746   0.00504038554542   0.998614700099
0.964723501199   0.258098442314   -0.0519014480385
-0.258002501875   0.966105474878   0.00865565925289
0.56371036838   0.201845846235   0.800930006271
0.719490596968   0.356248410985   -0.59617141038
-0.405664764876   0.912329613701   0.0555947345875
0.867974389878   -0.354672528481   0.347603015028
-0.119870475426   -0.828886001314   -0.546423888527
0.481924815336   0.432614602588   -0.761966585879
-0.540585155148   0.705850365105   -0.457758617744
0.810732109453   0.582397452227   -0.059385640874
0.224680076416   -0.403222605669   -0.88709097253
0.841479196404   0.539564377246   0.0279829380949
0.292449373899   -0.411317598482   -0.863302494421
-0.454297397883   0.734634681984   -0.503910466541
-0.373086191034   0.878763986015   0.297624849349
0.535732019748   -0.0578607458343   0.842403310246
0.757494486503   0.473736204   -0.449194959838
0.38392265963   -0.917996321264   -0.0994290982165
-0.675644669664   -0.205894270576   -0.707892526945
0.629370853932   0.338954721897   -0.699286797196
0.0651291974915   0.6813707647   0.729035025691
0.980517918258   -0.179376843814   0.0800534816656
0.185318103939   0.709618086695   -0.67977891366
0.132937215596   -0.141762974582   0.980933716267
0.812588698878   0.582258414517   -0.0259758572861
-0.567474495575   0.800548810344   0.192598803458
0.446824341744   -0.694260233814   0.564225784035
-0.8348844682   -0.096999740957   0.541810829545
-0.32142795831   -0.71315761091   -0.622968931502
-0.0931247167828   0.245914582554   0.964807651924
-0.679525607818   0.6925517226   -0.242109602955
-0.727717483261   -0.678157894307   0.102611573157
0.358895351168   0.631462009699   0.687349879766
0.530192190955   -0.743991127999   0.406661335886
0.768173396805   0.218478675758   -0.601811183575
0.81457307469   0.549190270766   -0.186710343817
0.358646426136   -0.223857595443   0.90623425117
0.455898505165   -0.805157017898   -0.379313497692
0.92827965314   0.234354492631   0.288747047348
0.333524719131   -0.181205048649   -0.925162684134
-0.164493608681   0.955113973392   -0.246371976039
0.345170740582   -0.275738408631   0.897120666274
0.796741237716   0.591291614973   -0.124810360898
-0.496044917294   0.757853914729   0.423788725617
-0.527748031021   0.050172408918   -0.847917888201
-0.8164430336   0.245412161546   0.522679293495
0.234313441002   0.968119620887   -0.088552871302
-0.699326689534   -0.397936246196   -0.593791988218
-0.347097071414   0.915244685954   -0.204574651042
0.624872630481   0.0630389466638   -0.778177542006
0.215351114955   -0.440141945452   -0.871721839317
-0.974534291808   -0.0397271507149   -0.220691340086
0.0625044908789   0.89704895148   -0.437488705307
0.846438492523   -0.499450577271   -0.184637480601
-0.31571938803   -0.191507861039   -0.929325565774
0.428792661319   0.844910563339   -0.319785855812
0.269169384543   -0.323812778847   -0.907024325297
-0.0647521726089   0.933567158198   -0.352504634406
0.960913627007   0.153615251164   0.230320116453
-0.498917865631   -0.85957855739   0.110479261131
-0.168981997097   0.221518770779   0.960403310545
-0.850015322286   0.460493363606   -0.255772973641
-0.689988961454   -0.698292094137   -0.19053447021
-0.643843060725   0.712381799499   -0.279245921904
0.33072850834   -0.0700023071715   -0.941126097164
-0.189959124726   0.973930929416   -0.123992240107
0.623981874633   0.217266987116   0.750627521746
0.757998780348   0.0652196366227   -0.648987093798
-0.100245025282   0.764406427182   -0.636893828673
0.946396094463   -0.124292766509   -0.298137117099
-0.307059224425   -0.632640594879   -0.71097152575
-0.823462926171   -0.567122412911   0.0167623981028
-0.553432109772   0.809391468935   0.196464627577
-0.124986835667   0.152504487767   -0.980367620903
0.526410406308   0.132871350529   -0.839784072448
-0.356703037971   0.931098720827   -0.0762765676773
0.771786905065   0.339706308865   0.537535670336
-0.636552438033   0.149158685566   -0.756672108744
0.167996044917   0.984377042486   0.0527178064651
0.752713971256   -0.0935602733353   -0.651665675578
-0.0399142122473   0.865697647562   0.498973384694
0.885743314041   -0.20046699917   0.418654707173
0.462456092251   0.458672612231   -0.758784420948
0.223542897632   0.718305182052   0.658837034748
0.87785072856   -0.442110996192   0.1841628774
0.423564246939   0.537192267706   -0.729395500556
0.568274909707   0.822700336729   -0.015092480297
0.63785712488   -0.42886031837   0.639700801646
0.519809499004   -0.37315276139   -0.768475830124
0.969631735074   0.01233267163   -0.244258476921
-0.101395166356   0.929123420914   -0.355596244283
0.222560819951   0.369564032231   0.90215802801
0.877795871531   -0.202407393105   0.434172379521
-0.288156909522   0.500924298354   0.816113008605
-0.382674801127   -0.841490400739   0.381384192183
-0.867875954607   0.363830788075   -0.338258015476
0.480834172728   0.444073796084   -0.756040317681
-0.124859223614   -0.818795225482   -0.560343245682
0.36586361379   0.747652685747   -0.554219521135
0.892993050868   -0.449741387465   -0.0172074262582
-0.262120634848   -0.488618609871   -0.832192662125
0.405354933068   0.809254067455   0.425200226397
-0.389103535447   0.573625908771   -0.720799386429
-0.827215701569   0.126732675669   0.547405710586
-0.570083714989   -0.643682545518   -0.510565704386
-0.487244407793   0.765240527218   -0.420713468499
0.661511485141   0.0089283872042   -0.749881883314
0.895303468349   0.409680196417   -0.174910937981
0.216193888228   -0.056309829194   0.974725297622
0.389476446341   -0.910489615424   -0.138984739973
-0.0550099518907   0.997708599673   -0.0393885175196
0.997959694981   0.0562185929651   0.0302641203715
0.0324091401901   -0.0376433251241   -0.998765551904
0.142619608838   -0.918183102287   -0.369593611487
-0.595799478705   0.218539901729   -0.772828113067
0.790368665973   0.33042412419   -0.515884938384
0.680785675084   -0.646904802466   0.343576834413
-0.730274365677   -0.635830312158   0.249838277625
0.0568349842408   -0.420991675308   -0.905282162575
0.297586427249   -0.908001987744   0.29491474799
-0.70311163587   -0.417412432119   -0.575674290759
0.64581448252   -0.0360451354501   -0.762643037343
-0.931318916045   0.129024786212   0.340584323149
0.362272068906   0.424392552397   0.829849329436
-0.0374703178902   0.896238565348   -0.441986888122
-0.289959936775   0.284312699297   0.913832328239
0.952219571222   0.181409718402   0.245699821496
-0.0959224858816   0.941412132448   -0.323329667111
0.754982220543   0.488024859519   0.437988108467
0.60369960456   -0.256504507418   -0.754819332782
-0.256024674827   0.834288423856   -0.488276757297
0.359133769778   0.301576483266   -0.883218296995
-0.559303875623   0.827135915595   0.055003198495
0.747129245926   0.474233910505   0.465725335374
0.999968835267   -0.00624423385163   -0.00483094597818
0.00632525618106   0.999836464867   0.0169420971551
0.00472436553222   -0.0169721261301   0.999844801609
0.720817350076   -0.660195100659   0.211103711228
-0.470612670966   -0.689765997564   -0.550224120271
0.508867430433   0.29726301093   -0.807891478217
0.864770409646   -0.175565947994   -0.47047713707
0.208332499057   0.977892152735   0.0180140904914
0.456913239508   -0.113593730129   0.882228290205
