-0.513828765654   -0.775303573046   -0.367266074131
-0.0709601550023   0.465045064715   -0.882438521477
0.854953013907   -0.427361038709   -0.293969193293
-0.144371964965   -0.859040894833   0.491126742029
0.709863391073   0.255869959237   0.65621987929
-0.689384291776   0.443372647965   0.572861233886
0.777212575085   0.216014340758   -0.590997815323
0.258420643582   0.74678803245   0.612802093306
0.573724135887   -0.629003528747   0.524590484782
0.949988727213   -0.187257923968   0.249911760587
0.0884410410322   0.928835303511   0.359782102406
-0.299498915573   -0.319686485267   0.89894435351
-0.608242570287   0.733903691393   -0.302367900828
0.387366280779   -0.0580392088802   -0.920097176796
-0.692811908245   -0.676769400899   -0.248987625798
0.593312136845   -0.685560173257   0.421886189767
0.534058570277   0.727382614948   0.430924558344
-0.602297394803   -0.0303608352035   0.797694219548
0.228793653933   -0.948730408526   -0.218091897735
-0.816642030584   -0.0651139791495   -0.573459644268
0.529857771297   0.309306937615   -0.789670792507
0.947346711025   -0.198864653188   0.250972227192
-0.116111082081   -0.943771520171   -0.309537613759
0.298416530587   0.264098783461   -0.917169235663
-0.99472599396   0.0755902279323   0.0693275874422
-0.0990828654678   -0.53348031004   -0.839988895504
-0.0265100492288   -0.842427965016   0.538156428048
-0.98599070971   0.0742130612594   -0.149381196622
0.0639367919589   0.995319635323   0.0724631642634
0.154059751394   0.0618970522689   -0.986120858678
-0.890090147314   -0.220378626859   -0.398964648156
-0.454911975152   0.375410733178   0.807540634444
-0.028189085075   0.900277758383   -0.434402271224
0.893002530505   0.0354040136771   -0.448656924974
-0.446869607207   0.188089402456   -0.874602727436
0.053423166002   0.981513592621   0.18378529004
0.194695853171   0.682308541658   0.704662031571
-0.371736215053   0.716145425701   -0.590718135548
-0.907692520172   -0.146938025124   0.393069339425
-0.44447306794   0.801097945246   0.400856300934
0.863124683204   0.263247963368   0.43094813032
0.239707056883   0.537533805361   -0.808454040113
-0.839684544427   0.523190686783   0.145606906136
-0.489759838664   -0.845377182959   0.213243332752
0.234659681843   0.107744715856   0.966087941092
-0.0110231557374   0.593125024181   -0.805034903422
0.511773814681   0.694995317677   0.505043632783
0.859049505351   -0.406428608858   -0.311206897832
0.733450567478   -0.679178445398   0.0276930383397
0.667722284563   0.712254285829   -0.216427315781
0.127268282629   0.177229996404   0.975905893317
-0.213579915463   -0.920488171247   0.327238668719
-0.962362948418   0.255862779835   0.0916067323266
-0.168051108961   -0.295357011919   -0.940490861352
0.111966431869   0.922643461968   0.369042762051
0.869249089376   -0.270898522594   0.413545657789
0.481528336398   0.274486853136   -0.832338530107
0.921196339857   -0.00710666802964   -0.389033158873
-0.0529118316416   -0.992833503028   -0.107153970241
-0.385483646223   0.119294302192   -0.914970615899
0.815961061756   0.132378979452   0.562746258537
-0.566168263414   -0.0138200381637   0.824173831208
0.116880465436   -0.991102826322   0.0636721638956
0.207426570613   -0.665020350137   -0.717441392525
0.97695506682   0.103091438111   0.186898241838
-0.0503290693112   -0.739675664932   0.671078904071
-0.503426945011   0.352802573198   -0.788727871564
-0.843427505879   -0.00246616192425   0.53723734082
0.187593585614   0.935694534765   0.298804926744
-0.292735846929   0.866646305162   0.404017209623
-0.174371394907   -0.463825671629   0.868596778129
0.940159742044   0.183820369077   0.286896725934
0.16103015782   0.750337741699   -0.641141608114
0.638542300927   -0.574543231518   -0.512019340498
-0.752551007042   -0.326945482458   -0.571641175302
-0.214931166478   0.431783455098   -0.8759952292
-0.912147849213   -0.409266604921   0.0220714130154
-0.348985522411   0.803780998781   0.481814498689
0.945875936046   0.186204712966   0.265794127998
-0.00747097731961   0.831293228379   -0.555783908502
-0.324442441902   0.523716882791   0.787691391709
-0.0791421248542   -0.846870468729   -0.525877298681
-0.0255850829813   0.529083809098   -0.848183781075
0.996534960552   -0.0536724523764   -0.0635400680949
0.922470152871   -0.105852216839   0.371273652784
-0.106244507325   0.854942833828   0.507725177187
-0.371161584387   -0.507807108139   0.77741302999
-0.960793376526   -0.264995767397   -0.0815679525649
0.258007250072   -0.962221656203   0.0869582845092
-0.101530027745   0.0625038206552   0.992867023256
0.206781631893   -0.155280686692   0.965986161936
0.243937545444   -0.947962428925   -0.204601337406
0.947489224548   0.277948091712   -0.15814242846
-0.335209325804   -0.242705057652   0.910345518407
0.841539746057   -0.511580665429   0.173482213976
0.423610155332   0.82424479237   0.375732562536
0.636718291111   0.49209271106   -0.593662009468
0.188104601237   -0.845757616968   -0.49931023656
-0.747801094382   0.206249404996   -0.631074247756
-0.32832316078   0.0891187439643   0.940351929636
0.81186988322   0.535452733449   0.232717990198
-0.482774476143   0.839850117412   -0.248154358149
0.763334659197   -0.266918381306   -0.588281204689
0.499833630342   -0.332873074283   0.799601062028
-0.409251194315   -0.904405934378   -0.120678771181
-0.991203221451   -0.0820848216927   0.103818379073
-0.0772037594606   -0.278526953646   -0.957320382953
0.107497689793   -0.956914216709   0.269739556885
0.744192531347   0.609577096536   0.273117629725
0.24966121768   -0.633084456149   0.732716417019
0.61955367215   -0.477095205133   -0.623324484169
-0.497613869572   0.394381250575   0.772556707307
-0.858118571481   -0.093894394513   -0.504793383434
-0.126542301581   -0.914137446927   0.385149028347
0.383196286156   0.874213032455   -0.298181455094
-0.455668417352   -0.101887305017   -0.884299310474
-0.803446886672   0.474732083351   0.359308432039
0.721746036947   0.670204999883   0.172939053665
0.585723406058   -0.724518254284   0.363319956521
0.368796352676   -0.160930287209   -0.915472934013
0.617648752602   -0.779906824413   0.101268769336
-0.741404511424   -0.534466072331   0.405789807619
-0.262353518843   -0.325716690947   -0.908338740993
0.471506418065   -0.842097839521   0.261826137729
-0.810289239501   -0.29653535603   0.50546822944
-0.348012996988   -0.45048641633   -0.822161141522
0.645689959008   -0.697306196691   -0.31120498854
0.028070455196   -0.385599133234   0.922239317094
-0.763083564481   -0.604216332537   -0.229403786179
-0.163098011939   -0.565622799458   -0.808374843272
0.350293086469   0.732765935633   -0.583394238185
0.922330630562   -0.378318559298   0.0786210888803
0.890305669612   0.448387166026   0.0794025440395
0.319126419254   -0.489995940635   -0.811210396072
-0.32482940629   0.74756466443   -0.579338354768
-0.231128933106   0.796014948923   0.559410061916
0.627420514914   0.561394701605   -0.539610495149
-0.743587865518   0.226265751059   -0.629190667566
0.114304496233   -0.0666069432914   0.991210369824
0.880546913168   -0.45516918887   -0.132129267063
0.45996914663   0.887910200757   0.00662265347624
0.0619397813752   -0.684893178545   -0.726006058835
0.968722436978   0.216378954527   -0.121478344296
0.24029212134   -0.695774016489   0.676873854127
0.14630898398   -0.512895232622   -0.845891341462
0.983813938738   -0.0139881542844   0.178646201989
-0.103459243918   -0.858337236693   0.502546886324
-0.396209267653   0.343728105086   0.851392509951
0.526190556952   0.844903502042   -0.0962370511411
-0.752423892497   0.409864687442   -0.515625080836
-0.114403185895   -0.993377417569   0.0106403628109
-0.962511706585   0.11348731422   0.246357147649
-0.245933173329   0.0179425687913   -0.969120703773
0.469012901885   0.177330788024   -0.865205576429
-0.232467432809   0.969878214344   0.0727677265335
0.852047997796   0.16700311662   0.496109028835
-0.811949374413   -0.368183465749   -0.45296705061
-0.379798570929   -0.256058246006   0.888924755068
-0.443273345589   0.893798137278   0.0680707785267
-0.702046008754   -0.141436805311   -0.697944862934
-0.327559121757   -0.806110194325   0.492840112368
-0.63232620011   0.574614640179   0.51959752881
0.0628280048485   -0.321848194528   -0.944704388412
0.671464024855   -0.686673203954   0.278596436262
-0.738368949193   -0.65183866919   0.172967176703
-0.900602786849   0.418668369167   0.116753659382
-0.434594028327   -0.863368237892   -0.256365591183
-0.0065307628025   -0.281624009024   0.959502614211
0.485223321474   -0.868990754654   0.0970226603621
-0.542218450052   -0.211983920619   0.813057175002
-0.685971924149   -0.447121779524   -0.57404236216
-0.592567108028   -0.186191319439   -0.783707225339
-0.435034022266   -0.744859739406   0.50589462152
-0.677945146715   0.640715819359   0.36037982306
-0.34197265916   -0.891636132448   -0.29671485925
0.937592982083   -0.344929226903   -0.044082064113
-0.0630404658558   -0.293272630399   0.953948145301
0.644599552057   0.358248403485   -0.675388405948
-0.546882473682   -0.401252801967   -0.734789594982
-0.534238689602   0.843003125922   -0.0627276033184
0.760628160212   -0.582341636434   0.286919884932
-0.517955693883   -0.810821645894   -0.272562208906
0.391365176104   0.0587067034145   -0.918360943152
-0.692941152843   -0.35004820187   -0.63031644042
-0.625257196388   -0.143553628004   0.767102205871
-0.359006959628   0.925666577259   -0.119395940818
-0.896026521851   0.190572388327   0.401021990602
0.0998750583181   -0.79354324975   0.600261679188
0.432621595468   0.577902479302   0.692002369614
0.567744902106   0.147313818716   0.809916270332
-0.381275262694   -0.824911893755   0.417312283069
0.729585430358   -0.545727960029   -0.412172407436
-0.442484303269   -0.467713709296   0.765148042863
0.404881631632   -0.865503189816   -0.294915399369
0.800174047147   0.179298953022   0.572340265679
0.806294170148   0.133065100265   0.576353528901
0.171155073395   0.880205735611   -0.442655400791
-0.566211667167   0.455556299583   0.686929986152
-0.626672033429   0.526525566958   -0.574502384553
-0.0293451100391   -0.752640494591   -0.657777432281
-0.778730394318   -0.395351885339   0.487109699888
-0.591079111891   -0.379831680859   0.711585116273
-0.515064869689   0.856646044876   0.0294233548524
-0.620752497778   -0.349120964731   -0.701983538616
0.569165012023   0.489852501876   -0.66037543526
0.0420810003175   -0.819460092447   -0.571589316117
-0.821145771773   0.297539381079   -0.487021496657
0.927751573296   0.356663463272   0.109855324014
0.339245991212   -0.928656353972   0.150031775547
0.15552869733   -0.101924237523   -0.982559043576
0.68718988727   0.726417350476   -0.00937506059677
0.3004368888   -0.272416006323   0.914071767066
0.66144367461   -0.630957488605   -0.405444093423
0.211924305808   -0.164554771542   -0.963332661011
0.794263349661   0.603331633047   0.0716705793962
0.569415331716   -0.780328563957   0.258560461553
-0.311031099692   0.277183727391   -0.909081314456
-0.261562139806   0.894622284662   0.362265392781
0.913698474358   0.350457057364   -0.205754584152
-0.16773303665   0.0749758337389   -0.982977239193
-0.0355216665712   -0.996915913518   -0.0699776577118
-0.985192285607   0.023179424712   0.169879000027
0.557417310505   -0.82948607156   -0.0351965770806
0.295869067508   0.158857333372   0.941926665153
-0.775723814796   -0.535459806822   0.333969098026
0.17838203818   0.881663755474   -0.436862530709
0.382034969973   0.34709399203   0.856489954649
0.906768509694   -0.319679187592   -0.274911052611
-0.465567274525   -0.630816523298   0.620739580521
0.1918455099   -0.756648025434   -0.625043251254
0.863968988577   -0.171913581607   0.473289876541
0.174602640855   0.454033201779   -0.873709201902
0.811194999716   0.436620929524   0.389004930993
0.558100878195   -0.776669824046   -0.292074295641
0.258944059647   0.526611261657   -0.809708931079
0.366207098596   0.722187683121   0.586802616973
0.893778683406   -0.448470210208   -0.00584257172459
0.28134997052   0.247057994852   -0.927256459276
0.769666739242   -0.635200570959   0.0642910970417
-0.573110202835   -0.731766753709   -0.368865983215
0.949650971225   0.29690575388   -0.100050018316
0.234393980238   -0.885154035204   -0.401947504023
-0.207900204137   0.358258715561   -0.910180310622
0.753299275233   0.562358208871   0.341018250022
-0.035351831491   -0.483145916322   0.874825852128
0.656727074166   -0.671061300073   -0.34407307596
0.608348213743   0.0371272234028   0.792801374947
0.335465617377   -0.917317095318   -0.214457842465
0.719288030203   0.396422648091   -0.570503123293
-0.7390934523   0.526393210709   -0.420298770503
-0.205690067019   0.417788572508   0.884954408436
0.641430015743   0.740515291133   -0.200510943597
-0.762105542424   -0.450281388008   -0.465233074727
0.400061433287   -0.892470249194   0.208441128141
-0.509063838632   -0.0272676716625   0.860296740828
0.0352181743406   -0.982603934837   -0.182343597199
0.925971692898   -0.0365531266891   0.375819495078
-0.375946943262   -0.182080685886   0.9085760946
-0.63480080741   0.556908527721   0.53561257142
-0.626775496614   0.0342399767205   -0.778447237029
-0.451863266659   -0.829867770036   0.327321054163
0.990805284566   -0.134200530797   0.0171786382097
-0.00242265377914   -0.144548976013   -0.98949468128
0.135273866011   0.980354941369   -0.143545010735
-0.474067736403   -0.880007654945   0.0290913825629
-0.851817028212   0.45001743404   -0.26812694663
0.222862136198   -0.151890869699   -0.962944251736
0.106858947928   -0.982617721628   -0.15180111459
-0.0583937509601   0.146209518126   -0.987528706751
0.992557975685   0.114390515133   -0.0417549392417
0.345851023387   -0.291294702785   0.891927388161
-0.852750009655   0.2989621876   0.428297830276
-0.391413452319   -0.908718331781   -0.145005182077
0.379509781555   0.257027788091   -0.888768272303
0.440825897397   0.794345497931   0.417956646198
0.813415548098   -0.550410706714   0.188157381058
-0.434020235685   0.217446328121   0.874267424421
-0.892819261037   -0.233527729187   -0.38514746114
0.120416785118   -0.947724587677   0.295496030049
-0.772416826088   0.624946171315   0.11320127974
-0.620034146754   -0.780611797577   0.0787583541172
0.137585986331   -0.00935438098007   0.990445653189
-0.586846001359   -0.75426381109   -0.294445027074
0.774473175299   -0.62897900591   0.0676513922026
-0.236226737332   -0.188338826069   0.953270903345
0.0344400067774   -0.739310355713   0.672483519403
0.85792753633   -0.323264201243   -0.399325179023
0.512615087898   0.590694890896   0.623141490778
0.990235416523   0.13482500365   0.0354406300019
-0.0646018087054   0.218526228791   0.973690347925
0.123533097493   -0.966472196042   0.225102350282
-0.763611285951   0.110702424615   -0.636115380378
0.0284739512549   0.990007654711   0.138108934229
0.645048089733   0.0873488225343   -0.759133153757
0.738866288183   -0.557659656202   -0.378275449945
-0.416482310743   -0.819226058731   0.394222208321
-0.529734927133   -0.133732466291   -0.837553899421
0.0860024164893   0.924568212953   -0.371183517892
0.88355104151   0.101376170238   0.457231264411
0.460370656542   -0.367282577459   -0.808184611887
-0.408594882829   0.848916978582   -0.335246454421
0.908468005913   0.413661378188   -0.0597507023235
0.0879551246837   -0.328974509152   -0.940233837069
-0.963060503231   0.257365959557   -0.0792289718339
0.176903225691   0.382840607532   -0.906718433674
-0.203026392019   -0.887240571709   -0.414227536576
0.592665026487   0.735083398935   -0.329242407642
-0.803250699182   0.50923192849   -0.308984072841
-0.059468316297   0.447588247853   0.892260208538
-0.645980029762   0.174902243398   -0.743047109141
-0.36266418618   0.786209046185   0.500349901328
0.671702679174   0.592692619282   -0.444444563291
-0.794302191206   0.471984421208   -0.382511091581
0.435699579272   0.00378177530528   -0.900084204282
-0.423379151196   -0.8815987774   -0.208647286155
-0.973365418079   -0.14577931943   0.176941100127
0.191301180797   -0.0911145727465   0.977293196978
-0.1263472244   0.985112442648   0.116575530137
-0.574507039221   0.520740724077   0.631482984865
0.693082352659   0.719914140075   0.0368847306178
-0.435406148692   0.458860250194   -0.774511947276
0.932479575653   0.361188498712   -0.00497085393252
-0.350500228631   0.901386328584   -0.254268119062
-0.0873580604179   0.238842113204   0.967120992555
0.997773113936   -0.0651076418081   -0.0144847535508
0.0114608730145   0.38128914104   -0.924384789638
0.0657073930162   0.922160282111   0.38118624398
-0.852881802475   -0.40690948551   0.32713498989
-0.510884461493   0.521226068992   -0.683608405455
0.107655459744   -0.750165352176   -0.652427962599
-0.341244211408   -0.79731086302   0.497843123776
-0.451687737992   -0.325386549284   -0.830723648931
0.824336445591   -0.50834927093   -0.249099263781
0.439305729549   0.301974424088   -0.846062600037
0.326763391506   0.823580411175   0.463617290769
0.836801148396   -0.480132016768   0.26312940641
0.15697142421   -0.408909039692   0.898973508642
-0.960294924082   -0.275770426935   0.0422413353414
0.230637444411   -0.869910379801   -0.435961351898
0.0393949457104   -0.597092887007   -0.80120417032
0.998037886748   0.0625650796098   0.00244692230508
0.0486663627964   -0.799728513371   0.598386071055
-0.99604112048   0.0176156465218   -0.0871307942765
0.087002285029   -0.00793592283237   -0.996176502197
-0.0182397563958   -0.999813337642   0.00637190397033
-0.570898216883   -0.133283492315   0.810130073899
0.335752200054   0.862553553629   0.378512651414
-0.74923006221   0.488095152401   -0.447680059958
-0.830547663666   0.548699869596   0.0954936201234
0.00166082736584   -0.169018115989   0.985611545245
0.55694507811   0.818755964603   0.139466305593
-0.931438084667   -0.0137741987783   0.363639059894
0.26579767892   0.656762991838   0.705701046076
-0.248545143412   0.753971248789   -0.608072913133
-0.579627790327   0.168244736371   -0.797323857265
0.528818150686   -0.666775266859   -0.525130561871
-0.619986280643   -0.726019594907   0.297510604224
0.300108083407   -0.106795384674   0.947908162264
0.723696868174   -0.621891920355   -0.29918770428
0.621448293318   0.775786816857   -0.10934730688
-0.245899456769   -0.812484660573   -0.528585029577
-0.221438305189   0.577996255878   -0.785420527607
0.943662298789   -0.0760855079765   -0.322044191564
0.948824380461   -0.120880364739   0.291753718852
-0.228434672356   0.375199388301   0.898355731036
-0.218059385281   -0.919028485108   0.32838506064
0.999893497301   -0.00185055857086   0.0144765150338
0.00205280529974   0.999900331096   -0.013968316425
-0.0144492229877   0.0139965462284   0.999797637849
0.894401065901   -0.404659494212   -0.190518836497
-0.266897795555   -0.824686221811   0.498656397014
-0.358904304856   -0.395149755535   -0.845602962777
0.862122915924   -0.506654097203   0.00676044576015
0.506624959554   0.86214825931   0.00561509799261
-0.00867341894843   -0.00141589409478   0.999961382778
