29954301824.0
29954358016.0
29984165376.0
29871864704.0
29989777536.0
29895223808.0
29897218816.0
29875290496.0
29918098816.0
29851191808.0
29912277376.0
29951572992.0
29966950656.0
29879998592.0
29931108608.0
29941555328.0
29920434432.0
29940324864.0
29883093632.0
29956152960.0
29904637568.0
29906391936.0
29981313408.0
29992026752.0
29993389568.0
29942434432.0
29967193088.0
29975632640.0
29848400384.0
29891838080.0
29981002752.0
29989809152.0
29992575872.0
29921999744.0
29976174848.0
29915687168.0
29958423040.0
29919622528.0
29928662016.0
29907013632.0
29962316544.0
29980445952.0
29990679168.0
29962833408.0
29972393856.0
29994305792.0
29976264576.0
29957420416.0
29900466688.0
29993778944.0
29909254272.0
29991982464.0
29894206976.0
29960585216.0
29970885504.0
29910955776.0
29987365120.0
29901604608.0
29885892608.0
29904412032.0
29860445440.0
29883970176.0
29985925760.0
29926467584.0
29991015040.0
29964109312.0
29937896448.0
29984612096.0
29995315968.0
29891756672.0
29931002496.0
29932779648.0
29977277952.0
29982717696.0
29966992256.0
29952660992.0
29994517760.0
29899416832.0
29953652992.0
29987369344.0
29921308288.0
29912528640.0
29929956608.0
29974874112.0
29897611648.0
29875453568.0
29944017664.0
29919789184.0
29898614912.0
29982355328.0
29978946432.0
29949562112.0
29919320576.0
29890545920.0
29851661952.0
29987513344.0
29909707008.0
29902749056.0
29953930112.0
29951164288.0
29941846400.0
29980989696.0
29968855424.0
29959145600.0
29982141952.0
29909468928.0
29974112384.0
29944094976.0
29963541248.0
29979366272.0
29941062144.0
29978242816.0
29938188416.0
29938886016.0
29937578624.0
29989923200.0
29987639296.0
29961223808.0
29941275648.0
29969608448.0
29965353472.0
29924971264.0
29888903680.0
29973203712.0
29880211712.0
