27881001408.0
26521423040.0
28395267392.0
24529263296.0
28834086912.0
25527664128.0
24985151232.0
26201114944.0
26248575552.1
25125687488.0
26115602496.1
28051970624.0
27537123072.0
23892661376.1
27821336512.0
26968046656.1
26903827648.0
27276073664.0
25655922496.0
29086770368.0
26010852864.1
26483145472.1
29455590912.0
28983230592.0
29640477568.0
27592061696.0
27028376768.0
28456746624.0
22350044672.1
26198571648.0
28726401984.0
29608946688.0
29093627136.0
26964968768.1
28323270080.0
26294207616.1
27450909376.0
26202528256.1
26599437056.1
25866196416.0
28857368832.0
29412499072.0
28422366528.0
27704069440.0
28552167936.0
29645762432.0
28011038016.0
27694785216.0
25333156800.1
29389412992.0
26373139840.0
29171139584.0
26445880448.1
27771117184.0
27686089728.0
27460684096.0
28836906240.0
26094706304.1
26483966080.0
26451617472.1
25618777920.0
26143115904.1
29163725952.0
26684052672.1
28916652928.0
27610011840.0
26415847872.0
29106748864.0
29617133184.0
26653610112.0
27333360320.0
26878274496.1
28004568128.0
28558879616.0
27630898240.0
27453825344.0
29556626048.0
26292795328.1
27967813312.0
29132721024.0
27552052096.0
26344166080.1
25868456768.0
28331951040.0
25619461504.0
25332149824.0
26857332736.0
25903840064.1
26475047936.0
28896437120.0
28873836416.0
26693040640.1
26598681664.1
25830493248.1
24935046144.0
29491159680.0
26389903488.1
25378778560.0
28080136192.0
26505767808.0
28282923264.0
28965106688.0
28435692864.0
27225864064.0
28998498432.0
26423105728.1
28972394368.0
28366184640.0
28497883776.0
28607014208.0
26996501696.1
28045144448.0
27747763456.0
27092715264.0
27419969984.0
28686546560.0
29146391552.0
27816509056.0
25330879488.1
26942160448.0
27879047424.0
26327984896.1
25870830016.0
28749750400.0
25717720640.0
