13545259.0
13377553.0
14974314.0
13896411.0
16024880.0
14674781.0
14400653.0
14015989.0
13471131.0
15321569.0
14267480.0
14765947.0
15511766.0
15557088.0
13656993.0
17549430.0
14670296.0
14120214.0
15026567.0
12955426.0
15196068.0
13968370.0
14565033.0
15478749.0
16791736.0
13866206.0
13662652.0
14835795.0
16093417.0
15350035.0
14060024.0
13326622.0
14609363.0
15103179.0
14759824.0
14154133.0
14170077.0
12958695.0
14915171.0
15560886.0
15498569.0
14184604.0
15963235.0
14060396.0
14565429.0
15121311.0
13306616.0
14998093.0
14194734.0
15253387.0
14561533.0
16497012.0
17517818.0
13741358.0
14943551.0
14898508.0
14292948.0
14729414.0
13663684.0
16347602.0
14110965.0
16322017.0
15166274.0
14808111.0
14950381.0
14975043.0
14293444.0
15413987.0
16110481.0
14314224.0
14659188.0
14450989.0
14239397.0
15493126.0
16161728.0
15580703.0
17643752.0
16926674.0
15811048.0
13479901.0
15114371.0
14771256.0
14754366.0
14590704.0
14862851.0
13494691.0
14935999.0
13961132.0
14074401.0
14054028.0
13146683.0
15896195.0
13945508.0
13758486.0
15282925.0
14956831.0
14407146.0
15611870.0
15007754.0
15249013.0
16351623.0
15241178.0
14721210.0
15733996.0
15740568.0
15503317.0
15739674.0
12643516.0
14435618.0
14821735.0
14915635.0
14094278.0
12868008.0
15960811.0
13177818.0
15256662.0
14823739.0
15312183.0
15776804.0
15293269.0
16839090.0
14223178.0
13661018.0
14227008.0
13725489.0
