$SPEC_ID:
No sample description was entered.
$SPEC_REM:
DET# 1
DETDESC# PHY-R11-75 MCB 129
AP# Maestro Version 7.01
$DATE_MEA:
10/25/2017 12:01:24
$MEAS_TIM:
600 600
$DATA:
0 8191
       0
       0
       0
       0
       0
       0
       0
       0
       0
       0
       0
       0
       0
       2
       0
       3
       3
       2
       1
       2
       1
       5
       3
      18
     239
     176
      96
      96
      90
      83
      70
      74
     110
     134
      96
     102
      98
     102
      99
     100
      99
      79
      91
     101
      85
     105
     110
     104
     112
     162
     288
     284
     171
      90
     103
     101
     114
     107
     120
     157
     223
     191
     163
     167
     157
     163
     159
     179
     194
     189
     197
     221
     193
     230
     259
     228
     254
     258
     292
     326
     381
     352
     338
     412
     413
     463
     532
     631
     739
     744
     859
     833
     786
     792
     722
     667
     580
     472
     462
     435
     382
     340
     363
     347
     306
     291
     250
     221
     251
     239
     235
     333
     609
     512
     167
      67
      74
      76
      86
      87
      89
      93
      97
      77
      93
      96
      95
     101
      89
      71
      99
      92
      96
      94
     106
      91
     105
     115
     103
      98
     115
     118
     128
      96
     110
      90
     107
     122
     102
     101
     115
      98
     124
     105
     106
     115
      82
      85
      87
     104
     125
     126
     102
     109
      92
     109
     118
     104
     109
     100
     108
     100
     112
     114
     144
     113
     113
     135
      97
     109
     130
     132
      97
     107
     109
     103
     121
     113
     106
     100
     100
     106
      82
      98
     121
     103
     113
     100
     123
     112
     101
     122
     110
     101
     111
     116
     105
     104
     126
     105
     127
     131
      96
     114
     105
     126
     115
     109
     114
      97
     104
     110
     103
     113
     112
     106
     125
      96
     116
      96
     114
     132
     103
     111
     113
     113
     115
     119
      95
     130
     117
     104
     103
     103
     111
     106
     130
     106
     117
      97
      90
     116
     132
      98
      96
     109
     110
     101
     125
      93
     108
     111
      99
     121
     110
     115
      97
      95
     105
      94
      96
     123
      79
     103
      78
      97
      89
      90
      96
      96
      96
      98
     116
     116
      91
      86
      99
     102
      94
      95
      91
      97
      86
      83
      79
      87
      82
      90
      87
     109
      83
      93
      91
      89
      93
      91
      99
      96
      91
     102
      83
      97
      89
      80
      81
      83
      87
      82
     100
      67
      85
      94
      67
      98
      82
      73
      86
      71
      88
      80
      77
      69
      65
      87
      79
      73
      86
      69
      86
      76
      77
      64
      68
      63
      79
      69
      72
      62
      63
      64
      82
      57
      75
      61
      59
      68
      79
      72
      66
      67
      62
      72
      65
      73
      56
      55
      58
      51
      60
      72
      69
      75
      73
      56
      62
      61
      72
      49
      64
      60
      51
      52
      82
      58
      56
      62
      71
      58
      64
      58
      54
      59
      59
      57
      73
      57
      78
      51
      70
      58
      62
      71
      64
      60
      72
      79
      69
      56
      56
      50
      78
      45
      45
      51
      65
      53
      70
      78
      57
      58
      53
      42
      61
      47
      43
      58
      49
      62
      44
      53
      56
      42
      60
      59
      52
      52
      46
      53
      56
      54
      46
      50
      56
      57
      53
      53
      41
      65
      53
      48
      44
      53
      49
      49
      45
      39
      39
      51
      41
      32
      44
      47
      47
      37
      41
      38
      32
      43
      49
      59
      42
      46
      45
      45
      41
      49
      48
      48
      31
      35
      33
      56
      46
      45
      42
      38
      45
      43
      40
      35
      48
      49
      53
      41
      42
      39
      33
      38
      30
      39
      53
      45
      51
      41
      38
      38
      39
      44
      42
      38
      35
      51
      68
      95
      71
      44
      38
      31
      36
      39
      35
      41
      32
      30
      44
      21
      39
      33
      33
      21
      24
      29
      38
      30
      37
      34
      32
      42
      29
      38
      36
      31
      40
      27
      28
      29
      39
      33
      17
      33
      37
      37
      40
      53
      38
      39
      24
      24
      27
      23
      28
      22
      27
      27
      25
      30
      31
      24
      26
      32
      21
      18
      28
      22
      24
      36
      24
      29
      36
      29
      26
      32
      31
      37
      19
      26
      28
      22
      30
      26
      31
      29
      28
      22
      27
      22
      28
      29
      25
      29
      26
      17
      28
      27
      28
      23
      32
      26
      35
      25
      18
      29
      34
      24
      27
      19
      23
      33
      38
      29
      10
      16
      16
      22
      15
      17
      24
      25
      33
      16
      16
      26
      23
      16
      22
      26
      25
      18
      30
      34
      44
      34
      21
      30
      25
      21
      30
      23
      30
      22
      21
      20
      25
      18
      18
      22
      18
      28
      15
      20
      11
      27
      17
      25
      18
      22
      24
      15
      22
      19
      18
      15
      21
      23
      23
      21
      15
      19
      14
      22
      15
      26
      11
      14
      25
      18
      27
      16
      21
      19
      17
      17
      17
      18
      21
      25
      18
      23
      17
      16
      19
      19
      14
      16
      20
      22
      19
      23
      21
      21
      17
      21
      22
      23
      18
      21
      19
      18
      17
      17
       9
      10
      17
      12
      15
      14
      12
      21
      14
      22
      26
      15
      36
      14
      15
      27
      27
      19
      28
      22
      20
      18
      16
      22
      23
      22
      17
      13
      27
      35
      27
      17
      17
      14
      12
      20
      16
       9
      11
      13
      18
      17
      22
      16
      17
      24
      49
      39
      29
      16
      12
      15
      15
      16
      29
      27
      21
      21
      18
      16
      10
      10
      14
      18
      13
      18
      10
      15
      10
      21
      10
      20
      13
      15
      11
      10
      10
      16
      12
      11
      13
      14
      12
      16
       9
       9
      17
      15
      13
      13
      13
      16
      18
      19
      25
      11
      14
      23
      11
      15
      16
      16
      11
      14
      14
      13
      17
      13
      11
      18
      12
      16
      18
      11
      15
       9
      12
      15
      17
      12
       7
      13
      11
       9
      14
      12
      10
       6
      10
       9
      12
       6
      11
      11
      14
      12
      17
      16
      12
       9
      10
      14
      15
      16
      13
      10
       8
      20
       6
      18
       9
      11
      15
      16
       7
      15
      15
      16
       8
       8
       9
      11
      13
       8
       8
      13
      11
      11
      12
      17
      14
       8
      11
      10
      13
       5
       8
       7
      13
      14
       6
       5
      21
      16
       6
      19
      15
      12
      11
      24
      37
      62
      83
      51
      19
      17
       9
       4
       1
       6
      13
       7
      13
      14
      11
      17
       7
      10
      17
      11
       8
       8
      11
       3
      11
      14
      13
      12
      10
       8
      10
      10
      13
      10
      15
       7
       9
       7
      13
      15
      14
       8
       6
      10
      14
       9
      12
      16
      14
       9
      12
      14
      14
      12
       7
       9
       8
      13
      16
      13
       5
      12
      11
      10
      13
       8
      11
       8
       6
      13
      10
       9
       6
      10
       9
       8
       8
       8
      10
       6
       6
      15
      12
       4
      12
       8
       9
       9
      12
       5
      10
       7
      11
       7
       7
      10
      12
       8
       6
       9
       8
       9
      13
       4
      11
       8
      15
      13
      11
       8
      14
      11
      13
      11
       6
      12
      11
      12
       8
       4
       9
      10
       8
       8
      11
       7
       1
      11
      10
       8
       8
       9
      10
       8
       7
       5
       5
      11
       7
       6
       4
       7
       7
       5
      10
       9
      14
      12
       7
      11
       7
      10
       4
       6
      11
       9
      11
       7
       7
      11
       8
       6
      11
       6
       5
       6
       6
      16
      12
      10
       9
       6
      10
       4
      10
       2
       6
       6
       9
       7
       7
       6
       6
       7
       7
       7
      13
      13
       8
      10
       6
      10
       9
       6
       5
       8
       7
       5
       7
      10
       4
      11
       2
       9
       7
      11
       7
       4
      10
      12
      18
      19
      17
      14
       8
       8
      10
       5
       8
       8
       7
       7
       9
       7
       9
      10
      10
      10
       4
       7
       9
       9
       7
       4
      10
      11
       6
      13
       5
       6
       9
      11
       5
       5
       8
       9
       7
       8
       6
       9
       8
       8
       5
      12
       8
       5
       8
       8
       4
       8
       6
       7
       7
       8
       5
       4
       5
       9
       9
       8
       9
       2
       6
       5
       7
      11
       9
       8
       7
       4
       5
       8
      11
       8
       2
       4
       7
       8
      15
       3
       5
       9
      14
      11
       8
       4
       6
       5
       6
       5
      10
      13
      10
       7
       6
       8
       7
       8
       6
       6
       4
       8
       6
       8
       6
       8
       8
       9
       9
       5
      14
       3
       6
      12
       8
      11
      14
      11
       8
      10
       8
       4
       7
      11
       7
       6
       5
       5
       5
       8
       6
       6
      14
       9
       5
       9
       3
       4
       6
       6
       4
      10
       8
       6
       3
       8
       8
       7
       6
      12
       8
       5
       7
       8
      11
       6
       5
       5
      10
       3
      12
      14
      19
      23
      25
      25
      10
       8
      11
       9
      12
       5
       5
       5
       7
       4
       3
      10
       8
       4
       6
      10
       6
       7
       3
       1
       3
       5
       6
       5
       5
       9
       6
       8
       6
      10
       4
       5
       7
       4
       4
       9
       8
       8
       5
      12
       6
       8
       6
      11
       7
       5
       5
       4
       3
       7
       9
       7
       9
       3
       7
      16
      23
      19
       5
       6
       6
       5
       8
       7
       7
       5
       7
       3
       4
       6
       9
       8
       5
       8
       8
       6
       2
       7
       4
       4
       6
       3
       6
      10
       7
       6
       4
       2
      10
       4
       3
       3
       8
       2
       6
       7
       8
       5
       5
       8
       5
      10
       5
       5
       7
       6
       6
       4
       9
       8
       8
       0
       3
       8
       1
       7
       3
       5
       4
       2
       6
       4
      10
       9
       4
       8
       8
       6
      11
       1
       4
       7
       5
       6
       5
       4
       3
       4
       3
       8
       7
       4
       9
      10
       9
       2
       2
       2
       3
       7
       5
       5
       5
       2
       4
       3
       9
       5
       6
       9
       6
       4
       5
       7
       7
      10
       5
       8
       5
       4
       6
       9
      14
       6
      15
       9
       5
       4
       5
       4
       6
       7
       7
       4
       5
       4
       8
       7
       5
       6
       3
      10
       5
       5
       1
       2
       6
       9
       7
       5
       4
       6
       8
       6
       3
       8
       6
       4
       3
       3
       5
       7
       6
       2
       6
       0
       3
       3
       5
       7
       2
       5
       9
       4
       2
       5
       4
       5
      10
       4
       6
       4
       9
       9
       5
       9
       4
       7
       3
       6
       4
       4
       2
       6
       4
       6
       5
       6
       9
       7
       8
       7
       3
       4
       4
       5
       6
       2
       4
      10
      10
       5
       4
       4
       9
       6
       7
       3
       9
       4
       3
       9
       5
       3
       4
       1
       4
       4
       7
       4
       6
       7
       5
       3
       4
       1
       8
      12
      11
       4
       4
       7
       6
       8
       4
       6
       4
       3
       9
       5
       3
       6
       9
       6
       3
       3
       2
       7
      10
      11
       4
       8
       3
       7
       6
       5
       5
      10
      12
       7
       6
       6
       3
       6
       3
       6
       4
       5
       5
       6
       6
       5
       2
       7
       3
       4
       3
       6
       5
       7
       4
       5
       6
       4
       5
       3
      10
       7
       4
       6
       5
       1
       6
       6
       3
       4
       2
       5
       5
       7
       6
       5
       5
       2
       4
       3
       6
       3
       3
       9
      10
       5
       6
       5
       4
       7
       7
       5
       4
       2
       2
       6
       7
       4
       7
       7
       6
       4
       4
       2
       3
      10
       6
       3
       4
       5
       4
       5
       4
       8
       6
       6
       6
       5
       3
       7
       3
       8
       7
       4
       5
       8
       4
       3
       7
       3
       6
       5
       4
       9
       5
       6
       7
       4
       2
       3
       6
       6
       4
       5
       4
       7
       9
      14
       6
       7
       9
       4
       5
       4
       3
       6
       5
       2
       9
       8
       4
       7
       3
       9
      10
       3
       1
       5
       3
       6
       4
       5
       1
       2
       9
       7
       3
       3
       8
       5
       8
       4
       8
       1
       5
       6
       2
       7
       3
       6
       4
       4
       4
      10
       3
       5
       4
       6
       5
      12
       7
       8
       3
       1
       4
       8
       8
       8
       4
       4
       5
       6
       8
       3
       3
       3
       3
       8
       3
       6
       6
       3
       6
       6
       4
       1
       3
       1
       5
       3
       5
       5
       3
       3
       7
      10
       7
      19
      17
      14
       4
       4
       2
       4
       1
       4
       0
       4
       5
       5
       2
       4
       4
       5
       4
       2
       4
       4
       3
       3
       1
       8
       2
       2
       2
       5
       8
       5
       5
       1
       6
       7
       4
       2
       3
       6
       3
       3
       9
       3
       3
       5
       3
       3
       6
       3
       2
      10
       4
       6
       5
       8
       5
       5
       4
       6
       3
       2
       8
       6
       4
       4
       4
       5
       7
       2
       2
       5
       7
       6
       3
       5
       3
       3
       5
       7
       1
       7
       1
       4
       4
       5
       7
       6
       7
       2
       1
       4
       3
       4
       7
       5
       4
       8
       6
       6
       3
       3
      10
       5
       7
       4
       5
       7
       3
       6
       3
       6
       8
       3
       4
       4
       5
       6
       5
       7
       4
       3
       6
       2
       5
       7
       3
       5
       6
       7
       5
       7
       5
       4
       4
       6
       5
       5
       6
       5
       6
       2
       8
       4
       3
       5
       5
       5
       1
       4
       1
       6
       4
       4
       4
       5
       1
       6
      10
       3
       5
       3
       4
       3
       1
       5
       2
       8
       6
       4
       5
       2
       4
       5
       3
       2
       4
       3
       3
       2
       4
       2
       2
       4
       4
       2
       2
       2
       1
       3
       3
       5
       3
       5
       3
       4
       5
       3
       3
       4
       6
       5
       7
       4
       2
       6
       5
       8
      17
      13
       9
       8
       4
       5
       2
       6
       3
       4
       3
       2
       5
       3
       1
       3
       3
       5
       4
       3
       2
       0
       3
       6
       6
       5
       3
       5
       5
       2
       2
       2
       4
       4
       2
       2
       3
       6
       2
       1
       4
       3
       5
       8
       5
       9
       5
       6
       0
       1
       2
       7
       7
       4
       3
       6
       3
       3
       4
       4
       2
       3
       6
       4
       4
       4
       4
       7
       3
       6
       2
       1
       2
       4
       4
       3
       6
       4
       3
       3
       3
       2
       4
       2
       2
       5
       3
       2
       4
       4
       5
       2
       2
       3
       4
       4
       6
       2
       4
       2
       5
       5
       1
       3
       3
       1
       3
       6
       4
       3
       8
       2
       5
       1
       9
       3
       3
       3
      12
      11
       8
       4
       3
       1
       6
       5
       6
       2
      10
       8
       5
       9
       9
       7
       2
       6
       6
       2
       4
       1
       2
       6
       0
       4
       2
       4
       2
       7
       5
       7
       5
       4
       3
       5
       0
       6
       4
       1
       3
       3
       2
       2
       4
       5
       2
       4
       2
       2
       2
       2
       2
       2
       3
       2
       2
       1
       3
       1
       4
       1
       4
       0
       2
       3
       3
       5
       3
       4
       2
       3
       3
       1
       2
       1
       2
       0
       3
       7
       4
       6
       7
       5
       7
       2
       3
       4
       3
       5
       2
       3
       4
       3
       3
       2
       1
       3
       2
       2
       5
       7
       3
       1
       4
       4
       2
       1
       2
       4
       3
       2
       6
       5
       4
       1
       5
       4
       2
       6
       4
       2
       6
       1
       6
       4
       2
       2
      12
       4
       4
       7
       0
       6
       6
       2
       2
       4
       1
       6
       3
       1
       6
       4
       2
       3
       3
       4
       5
       3
       0
       5
       2
       1
       2
       8
       2
       4
       5
       5
       4
       3
       0
       2
       3
       0
       8
       3
       4
       8
       6
       3
       1
       2
       3
       4
       4
       5
       6
       6
       3
       4
       2
       1
       3
       4
       6
       3
       3
       3
       1
       5
       4
       3
       4
       4
       2
       1
       7
       9
       5
       2
       3
       4
       3
       4
       5
       6
       3
       4
       4
       5
       1
       1
       3
       5
       4
       3
       3
       3
       2
       5
       1
       0
       2
       3
       3
       1
       3
       5
       5
       2
       0
       4
       5
       5
       6
       9
       3
       7
       3
       5
       5
       3
       3
       0
       3
       5
       4
       7
       3
       1
       5
       4
       3
       4
       3
       5
       2
       6
       5
       7
       2
       4
       1
       7
       1
       4
       8
       1
       4
       5
       7
       0
       2
       5
       9
       3
       2
       3
       2
       3
       3
       3
       7
       1
       4
       3
       5
       1
       3
       1
       0
       2
       6
       7
       9
      29
      36
      37
      36
      22
      10
       2
       2
       2
       3
       5
       4
       4
       1
       5
       5
       3
       0
       8
       5
       3
       3
       2
       2
       2
       7
       5
       4
       6
       3
       4
       4
       6
       3
       3
       7
       1
       3
       7
       5
       3
       2
       3
       3
       3
       4
       3
       1
       3
       3
       3
       3
       4
       5
       5
       4
       2
       2
       3
       3
       2
       1
       2
       2
       4
       1
       4
       1
       5
       2
       2
       2
       5
       3
       2
       3
       3
       5
       1
       1
       4
       4
       4
       8
       3
       4
       3
       2
       3
       0
       1
       2
       3
       5
       1
       4
       5
       0
       2
       3
       6
       3
       1
       1
       1
       3
       0
       3
       4
       2
       1
       3
       6
       2
       1
       0
       4
       3
       0
       3
       4
       1
       2
       1
       1
       1
       4
       2
       2
       2
       7
       1
       6
       2
       2
       3
       3
       2
       2
       5
       2
       1
       3
       2
       3
       5
       6
       6
       0
       4
       3
       4
       3
       0
       5
       2
       1
       2
       2
       1
       5
       3
       4
       2
       2
       1
       4
       6
       1
       6
       3
       0
       4
       3
       1
       7
       1
       2
       1
       2
       5
       4
       3
       3
       4
       1
       0
       3
       2
       3
       1
       1
       4
       4
       2
       3
       2
       2
       1
       1
       3
       5
       1
       2
       1
       4
       4
       3
       0
       3
       1
       2
       3
       4
       1
       3
       3
       2
       0
       0
       3
       3
       3
       1
       3
       1
       2
       4
       3
       2
       3
       5
       3
       3
       4
       3
       4
       2
       0
       0
       0
       4
       4
       4
       4
       1
       3
       2
       2
       4
       3
       4
       0
       0
       5
       4
       4
       4
       1
       4
       0
       1
       4
       8
       5
       2
       2
       2
       1
       0
       4
       2
       2
       3
       4
       2
       0
       0
       2
       1
       3
       5
       2
       2
       2
       5
       3
       1
       3
       3
       2
       2
       3
       2
       1
       3
       2
       1
       4
       3
       4
       3
       0
       1
       1
       0
       3
       1
       2
       1
       2
       3
       3
       4
       4
       2
       2
       1
       1
       4
       2
       3
       2
       4
       0
       2
       1
       1
       2
       3
       2
       0
       0
       2
       2
       2
       3
       1
       3
       4
       5
       2
       1
       3
       3
       3
       1
       1
       3
       5
       1
       1
       1
       2
       0
       1
       1
       2
       1
       2
       2
       4
       1
       0
       1
       0
       2
       0
       2
       0
       5
       2
       1
       1
       1
       1
       0
       0
       1
       4
       0
       4
       3
       2
       0
       0
       3
       2
       0
       3
       2
       1
       1
       2
       2
       2
       2
       2
       1
       0
       4
       5
       4
       3
       1
       1
       2
       3
       1
       0
       5
       3
       2
       3
       4
       0
       0
       2
       1
       3
       0
       0
       2
       3
       2
       4
       2
       1
       2
       1
       3
       1
       4
       2
       2
       6
      12
      12
      27
      31
      43
      53
      25
      14
       4
       2
       7
       3
       2
       0
       2
       0
       1
       2
       1
       0
       1
       2
       2
       1
       3
       2
       1
       1
       1
       0
       2
       1
       2
       0
       0
       0
       0
       2
       2
       1
       0
       1
       2
       3
       2
       0
       3
       2
       3
       4
       2
       3
       0
       2
       0
       0
       0
       1
       2
       0
       1
       2
       2
       0
       1
       0
       4
       0
       3
       2
       1
       2
       3
       0
       2
       1
       2
       1
       0
       2
       2
       0
       1
       1
       0
       1
       1
       1
       3
       2
       1
       2
       1
       0
       0
       1
       2
       2
       1
       4
       1
       0
       1
       1
       1
       2
       1
       2
       1
       1
       0
       3
       2
       1
       2
       1
       2
       1
       2
       0
       0
       2
       2
       2
       1
       0
       1
       2
       1
       2
       1
       2
       1
       1
       0
       1
       2
       1
       1
       1
       1
       1
       0
       2
       1
       2
       1
       1
       0
       0
       1
       1
       2
       0
       1
       1
       2
       1
       1
       0
       2
       3
       1
       1
       1
       2
       0
       1
       0
       0
       0
       1
       2
       2
       0
       0
       0
       2
       1
       0
       0
       0
       2
       1
       0
       2
       0
       1
       0
       1
       2
       1
       1
       0
       0
       0
       0
       1
       0
       1
       0
       1
       0
       0
       1
       0
       0
       2
       3
       0
       0
       1
       2
       2
       0
       1
       0
       0
       1
       1
       0
       2
       0
       0
       0
       1
       0
       0
       1
       0
       1
       0
       1
       0
       2
       1
       0
       0
       0
       1
       1
       1
       2
       3
       1
       0
       1
       2
       1
       1
       1
       1
       1
       0
       0
       2
       3
       2
       1
       2
       5
       2
       2
       0
       0
       0
       0
       1
       1
       0
       1
       0
       0
       1
       0
       0
       2
       0
       1
       1
       1
       2
       0
       0
       1
       2
       0
       2
       0
       0
       1
       0
       0
       0
       0
       1
       0
       1
       1
       0
       1
       1
       1
       0
       0
       1
       1
       2
       0
       1
       0
       0
       0
       0
       0
       0
       0
       1
       0
       1
       0
       1
       0
       0
       0
       1
       0
       0
       1
       0
       0
       1
       1
       1
       0
       0
       1
       0
       3
       0
       0
       1
       1
       0
       1
       0
       0
       1
       0
       1
       1
       1
       1
       0
       0
       0
       0
       0
       2
       3
       0
       1
       0
       1
       1
       0
       1
       1
       2
       1
       4
       5
       2
      11
       7
      27
      21
      35
      38
      34
      29
      11
       2
       0
       2
       0
       0
       0
       0
       0
       0
       1
       1
       1
       1
       0
       1
       0
       0
       0
       0
       0
       0
       0
       0
       0
       2
       0
       0
       2
       0
       0
       0
       0
       1
       0
       0
       0
       0
       0
       0
       0
       2
       0
       1
       0
       0
       0
       0
       0
       2
       1
       1
       0
       0
       0
       0
       0
       3
       1
       0
       0
       1
       0
       1
       0
       2
       0
       0
       0
       1
       0
       1
       1
       1
       1
       1
       1
       0
       0
       0
       2
       1
       0
       1
       2
       0
       0
       0
       2
       0
       2
       1
       0
       1
       0
       0
       2
       0
       3
       2
       4
       4
       9
       6
       4
       2
       0
       1
       1
       0
       2
       0
       1
       1
       0
       0
       0
       0
       0
       0
       0
       2
       0
       0
       1
       0
       2
       1
       0
       0
       1
       0
       0
       1
       0
       0
       2
       1
       0
       0
       0
       0
       0
       1
       2
       0
       1
       1
       1
       0
       1
       1
       1
       1
       0
       2
       3
       1
       0
       0
       1
       0
       1
       0
       0
       0
       1
       0
       0
       0
       1
       0
       0
       2
       0
       1
       0
       2
       1
       0
       0
       0
       0
       1
       0
       1
       1
       0
       0
       0
       0
       0
       0
       0
       1
       0
       1
       0
       0
       0
       0
       0
       0
       0
       1
       0
       2
       0
       0
       0
       0
       0
       0
       0
       2
       0
       1
       0
       0
       1
       3
       0
       0
       0
       0
       1
       0
       0
       0
       1
       0
       1
       0
       0
       0
       0
       0
       1
       1
       0
       0
       1
       0
       0
       0
       1
       1
       0
       0
       0
       1
       0
       0
       1
       1
       1
       0
       0
       1
       2
       1
       0
       1
       2
       0
       0
       1
       0
       0
       0
       1
       1
       0
       1
       0
       0
       1
       1
       0
       3
       1
       2
       0
       1
       1
       0
       1
       0
       2
       0
       1
       5
       0
       3
       3
       1
       0
       0
       1
       0
       2
       1
       0
       0
       1
       1
       0
       0
       0
       3
       2
       1
       1
       2
       0
       0
       0
       1
       0
       0
       1
       0
       0
       1
       0
       0
       1
       1
       1
       1
       2
       1
       1
       1
       0
       1
       0
       1
       1
       0
       1
       1
       0
       0
       0
       0
       0
       1
       1
       0
       0
       0
       0
       0
       2
       0
       0
       0
       1
       1
       0
       0
       0
       0
       1
       3
       1
       1
       2
       1
       0
       0
       1
       0
       0
       1
       0
       3
       0
       1
       0
       0
       0
       0
       0
       0
       0
       0
       1
       1
       1
       1
       0
       0
       0
       1
       2
       1
       0
       1
       0
       0
       0
       0
       0
       3
       1
       1
       0
       1
       0
       0
       0
       0
       1
       1
       0
       0
       0
       1
       0
       0
       0
       0
       0
       0
       1
       0
       0
       0
       0
       1
       1
       1
       0
       0
       2
       0
       0
       1
       0
       0
       1
       1
       1
       1
       1
       0
       0
       0
       1
       1
       0
       2
       0
       0
       1
       1
       1
       0
       0
       0
       0
       0
       0
       0
       0
       2
       0
       0
       0
       0
       0
       0
       0
       0
       0
       0
       0
       0
       1
       0
       0
       0
       1
       0
       0
       0
       1
       0
       1
       0
       0
       0
       3
       0
       0
       0
       1
       0
       0
       1
       1
       0
       0
       0
       0
       0
       1
       0
       0
       1
       0
       1
       0
       0
       2
       1
       2
       0
       0
       0
       0
       0
       1
       1
       0
       0
       0
       0
       0
       0
       0
       0
       1
       0
       0
       0
       0
       0
       0
       0
       0
       0
       0
       0
       0
       2
       1
       3
       1
       0
       0
       0
       0
       0
       0
       1
       0
       2
       1
       0
       2
       0
       0
       0
       0
       1
       0
       0
       0
       0
       0
       0
       1
       0
       1
       1
       0
       0
       0
       0
       2
       0
       0
       0
       0
       0
       2
       0
       0
       0
       0
       0
       0
       2
       0
       0
       0
       1
       0
       0
       0
       0
       0
       0
       0
       1
       0
       0
       0
       0
       1
       0
       0
       1
       2
       0
       0
       0
       0
       0
       2
       0
       0
       0
       1
       1
       0
       0
       1
       1
       0
       0
       0
       0
       0
       0
       2
       0
       1
       0
       0
       0
       1
       1
       1
       0
       0
       2
       0
       1
       0
       0
       2
       0
       1
       0
       1
       0
       0
       0
       0
       0
       0
       1
       1
       0
       0
       1
       1
       0
       2
       2
       3
       1
       0
       2
       1
       0
       1
       0
       0
       0
       0
       1
       0
       0
       0
       0
       1
       1
       2
       0
       0
       0
       1
       1
       1
       2
       0
       0
       0
       1
       0
       0
       1
       0
       1
       1
       0
       0
       0
       0
       1
       0
       1
       0
       0
       1
       2
       0
       2
       0
       0
       1
       0
       1
       1
       1
       0
       0
       0
       0
       0
       1
       1
       0
       1
       0
       0
       0
       0
       0
       1
       1
       0
       0
       0
       0
       0
       2
       2
       0
       0
       0
       0
       0
       1
       1
       0
       0
       0
       0
       0
       0
       0
       1
       1
       1
       0
       1
       0
       0
       0
       0
       0
       0
       0
       1
       0
       0
       1
       0
       0
       0
       0
       0
       0
       0
       0
       0
       0
       0
       1
       0
       0
       0
       1
       1
       1
       0
       0
       0
       2
       1
       0
       0
       0
       0
       0
       0
       0
       1
       0
       0
       0
       0
       0
       0
       0
       2
       0
       1
       0
       1
       2
       0
       0
       1
       0
       0
       0
       0
       3
       0
       0
       0
       0
       0
       1
       1
       0
       1
       0
       0
       0
       0
       3
       1
       0
       2
       0
       0
       0
       0
       0
       0
       0
       0
       1
       2
       1
       0
       1
       1
       0
       0
       0
       2
       0
       0
       1
       1
       0
       0
       0
       1
       0
       0
       0
       1
       0
       0
       0
       1
       1
       0
       0
       0
       1
       0
       0
       0
       0
       2
       0
       0
       0
       1
       0
       1
       1
       0
       0
       1
       0
       0
       1
       1
       1
       0
       0
       0
       0
       0
       0
       0
       0
       1
       1
       1
       0
       0
       2
       0
       0
       1
       1
       0
       2
       0
       0
       1
       2
       0
       0
       0
       1
       2
       0
       0
       0
       0
       1
       0
       0
       0
       0
       0
       0
       0
       0
       2
       0
       0
       0
       4
       1
       0
       0
       0
       0
       0
       0
       0
       0
       1
       2
       0
       0
       3
       0
       0
       0
       0
       1
       0
       0
       0
       0
       1
       1
       0
       0
       0
       1
       0
       0
       0
       1
       0
       2
       0
       0
       0
       0
       0
       0
       0
       0
       1
       0
       1
       0
       0
       0
       2
       0
       0
       1
       2
       0
       0
       0
       1
       1
       0
       0
       0
       0
       0
       0
       0
       0
       0
       1
       1
       0
       1
       0
       0
       0
       0
       0
       0
       0
       0
       0
       1
       0
       0
       0
       0
       0
       0
       0
       0
       0
       1
       0
       0
       0
       1
       0
       0
       0
       0
       1
       0
       0
       0
       0
       1
       0
       0
       0
       0
       0
       2
       0
       1
       0
       0
       0
       1
       1
       0
       0
       1
       2
       0
       1
       0
       0
       0
       0
       0
       0
       0
       0
       2
       0
       0
       0
       0
       0
       0
       0
       1
       1
       0
       0
       0
       0
       0
       0
       0
       1
       0
       0
       0
       0
       0
       0
       0
       1
       0
       0
       0
       1
       0
       0
       1
       0
       0
       0
       0
       0
       1
       4
       0
       0
       0
       0
       0
       0
       1
       1
       1
       1
       0
       0
       1
       0
       1
       0
       0
       0
       0
       0
       0
       1
       0
       0
       0
       0
       1
       1
       0
       2
       0
       0
       0
       0
       1
       0
       0
       0
       0
       0
       0
       0
       2
       0
       1
       0
       2
       0
       0
       0
       0
       1
       0
       0
       0
       0
       0
       0
       0
       0
       0
       0
       0
       1
       0
       0
       0
       0
       0
       0
       1
       0
       0
       0
       0
       0
       0
       0
       0
       1
       0
       0
       1
       0
       0
       0
       0
       0
       0
       0
       0
       0
       0
       1
       0
       0
       0
       2
       0
       0
       0
       2
       0
       1
       0
       0
       0
       0
       0
       0
       1
       0
       0
       0
       0
       1
       1
       0
       0
       0
       0
       0
       0
       0
       0
       0
       2
       0
       0
       0
       0
       0
       0
       0
       0
       0
       0
       0
       2
       0
       0
       0
       0
       0
       0
       1
       1
       0
       0
       0
       0
       0
       0
       1
       0
       1
       0
       0
       1
       0
       0
       0
       0
       0
       0
       0
       1
       0
       0
       0
       0
       1
       0
       1
       0
       1
       1
       1
       0
       1
       1
       0
       0
       0
       0
       0
       0
       1
       0
       0
       0
       0
       0
       0
       0
       2
       0
       0
       0
       0
       0
       1
       0
       0
       0
       0
       0
       1
       0
       0
       0
       0
       1
       2
       0
       0
       0
       0
       1
       0
       0
       0
       0
       0
       0
       0
       0
       0
       1
       0
       0
       1
       0
       0
       0
       0
       0
       0
       0
       0
       1
       0
       0
       0
       0
       0
       0
       0
       0
       1
       0
       0
       0
       0
       0
       0
       0
       1
       0
       0
       1
       1
       0
       0
       0
       0
       0
       0
       0
       0
       0
       0
       0
       0
       0
       0
       0
       0
       0
       1
       0
       0
       0
       0
       0
       0
       0
       0
       0
       0
       0
       1
       0
       1
       0
       1
       0
       0
       2
       1
       1
       1
       1
       1
       1
       2
       1
       0
       0
       0
       0
       1
       0
       0
       0
       2
       1
       4
       1
       8
       6
       1
       3
       3
       4
       2
       0
       0
       0
       1
       1
       0
       1
       1
       0
       0
       0
       0
       0
       1
       0
       0
       0
       0
       0
       1
       1
       0
       1
       0
       0
       0
       0
       0
       1
       0
       0
       1
       0
       0
       0
       0
       0
       0
       0
       0
       1
       0
       0
       0
       0
       0
       0
       0
       2
       0
       0
       0
       0
       0
       0
       0
       0
       0
       1
       0
       0
       1
       0
       0
       0
       0
       0
       0
       0
       1
       2
       0
       0
       1
       0
       1
       1
       0
       0
       1
       1
       0
       0
       0
       0
       0
       1
       0
       0
       0
       0
       0
       0
       0
       0
       1
       0
       0
       0
       0
       0
       0
       0
       0
       0
       0
       0
       1
       0
       0
       0
       0
       0
       0
       0
       0
       0
       0
       1
       0
       1
       0
       0
       0
       1
       0
       0
       1
       1
       0
       0
       0
       0
       0
       0
       0
       0
       0
       0
       0
       0
       0
       0
       0
       0
       2
       0
       0
       0
       0
       0
       0
       0
       2
       0
       1
       0
       1
       0
       0
       0
       0
       0
       0
       0
       0
       1
       1
       0
       0
       0
       1
       0
       0
       1
       0
       0
       0
       0
       0
       0
       0
       0
       0
       0
       1
       0
       0
       2
       0
       0
       0
       0
       0
       0
       0
       1
       0
       0
       1
       2
       1
       0
       0
       1
       0
       0
       0
       1
       0
       0
       1
       0
       1
       0
       0
       1
       0
       0
       0
       0
       0
       1
       0
       0
       0
       0
       0
       2
       0
       0
       0
       0
       1
       0
       1
       0
       0
       0
       0
       0
       0
       0
       0
       0
       0
       0
       0
       1
       0
       0
       1
       1
       0
       0
       0
       0
       0
       0
       1
       0
       0
       1
       0
       0
       0
       0
       2
       0
       0
       1
       0
       0
       0
       0
       1
       0
       0
       2
       1
       0
       0
       0
       0
       0
       1
       0
       0
       0
       0
       0
       1
       1
       0
       1
       0
       0
       0
       1
       0
       0
       0
       0
       0
       0
       0
       0
       0
       0
       1
       0
       0
       0
       0
       0
       0
       0
       0
       0
       0
       0
       0
       0
       0
       0
       1
       0
       0
       0
       0
       0
       0
       0
       0
       0
       0
       0
       0
       0
       0
       0
       0
       0
       1
       1
       0
       0
       0
       0
       0
       2
       0
       0
       0
       0
       0
       0
       0
       0
       0
       0
       0
       1
       0
       0
       1
       0
       0
       0
       1
       1
       0
       0
       1
       0
       0
       0
       0
       0
       0
       0
       0
       1
       1
       1
       0
       0
       1
       0
       0
       0
       0
       0
       0
       0
       0
       1
       0
       0
       0
       1
       0
       1
       2
       0
       0
       0
       0
       1
       1
       0
       0
       0
       0
       0
       1
       0
       0
       1
       1
       1
       2
       2
       0
       0
       0
       1
       0
       0
       0
       0
       0
       1
       0
       0
       0
       0
       0
       0
       0
       0
       1
       0
       0
       0
       0
       1
       0
       1
       1
       0
       0
       0
       0
       1
       0
       0
       0
       0
       0
       0
       1
       0
       0
       2
       0
       1
       0
       2
       0
       0
       0
       0
       0
       2
       0
       0
       1
       0
       1
       0
       0
       0
       0
       0
       0
       2
       1
       0
       0
       0
       1
       0
       1
       0
       0
       0
       2
       0
       0
       1
       0
       0
       0
       0
       0
       0
       0
       0
       0
       0
       1
       0
       0
       0
       0
       0
       0
       0
       1
       0
       1
       0
       0
       1
       0
       0
       0
       0
       0
       0
       0
       0
       1
       0
       0
       0
       0
       0
       0
       1
       0
       1
       0
       0
       0
       0
       0
       1
       0
       0
       0
       0
       0
       0
       0
       0
       2
       0
       1
       0
       0
       0
       0
       1
       1
       1
       0
       0
       0
       0
       0
       1
       0
       0
       0
       1
       0
       0
       0
       1
       0
       0
       0
       0
       0
       1
       0
       0
       1
       0
       0
       0
       0
       0
       1
       0
       0
       0
       0
       0
       0
       0
       1
       0
       0
       0
       0
       0
       0
       0
       0
       0
       0
       0
       0
       0
       0
       0
       1
       1
       0
       0
       1
       0
       0
       0
       0
       0
       0
       0
       1
       0
       0
       0
       0
       0
       0
       0
       0
       0
       0
       0
       0
       0
       1
       0
       0
       0
       0
       1
       0
       0
       1
       0
       0
       0
       0
       0
       0
       0
       0
       0
       0
       0
       0
       0
       0
       0
       0
       0
       0
       0
       0
       0
       0
       0
       0
       0
       1
       2
       0
       0
       0
       0
       0
       0
       0
       0
       0
       1
       0
       0
       0
       0
       0
       1
       0
       0
       1
       0
       0
       0
       1
       0
       0
       0
       0
       1
       0
       0
       0
       0
       1
       0
       0
       0
       0
       0
       0
       0
       0
       0
       0
       0
       0
       0
       0
       1
       0
       0
       0
       0
       0
       0
       2
       0
       0
       0
       0
       0
       0
       1
       0
       0
       0
       1
       0
       0
       1
       0
       0
       0
       0
       1
       0
       0
       0
       0
       0
       0
       1
       0
       0
       0
       1
       0
       0
       0
       0
       0
       0
       0
       0
       0
       0
       0
       0
       0
       0
       1
       1
       0
       0
       0
       0
       0
       0
       0
       1
       0
       0
       0
       0
       0
       0
       0
       0
       0
       0
       0
       0
       0
       0
       0
       0
       0
       0
       0
       0
       0
       0
       0
       0
       0
       0
       0
       0
       0
       0
       0
       1
       0
       0
       0
       0
       0
       0
       1
       0
       0
       0
       0
       0
       0
       0
       0
       0
       0
       0
       0
       0
       0
       0
       0
       0
       0
       0
       0
       0
       1
       0
       0
       0
       0
       0
       0
       0
       0
       2
       0
       1
       0
       0
       0
       1
       0
       0
       0
       0
       0
       0
       0
       0
       0
       1
       1
       0
       0
       0
       0
       0
       0
       0
       0
       0
       0
       0
       0
       0
       0
       1
       0
       0
       0
       0
       0
       0
       0
       0
       0
       0
       0
       0
       0
       0
       0
       0
       0
       0
       0
       0
       0
       0
       0
       0
       0
       0
       0
       0
       0
       0
       0
       0
       0
       0
       0
       0
       0
       0
       0
       1
       0
       0
       0
       0
       0
       0
       0
       0
       0
       0
       0
       0
       0
       0
       0
       0
       0
       0
       0
       0
       0
       0
       0
       0
       0
       0
       0
       0
       0
       0
       0
       0
       0
       0
       0
       0
       0
       0
       0
       0
       0
       0
       0
       0
       0
       0
       0
       0
       0
       0
       0
       0
       0
       0
       0
       0
       0
       0
       0
       0
       0
       0
       0
       0
       0
       0
       0
       0
       0
       0
       0
       0
       0
       0
       0
       0
       0
       0
       0
       0
       0
       0
       1
       0
       0
       0
       0
       0
       0
       0
       0
       0
       0
       0
       0
       0
       0
       0
       0
       0
       0
       0
       0
       0
       0
       0
       0
       0
       1
       0
       0
       0
       0
       0
       0
       0
       0
       0
       0
       0
       1
       0
       0
       0
       0
       0
       0
       0
       0
       0
       0
       0
       0
       0
       0
       0
       0
       0
       0
       1
       0
       0
       0
       0
       1
       0
       0
       0
       0
       0
       0
       0
       0
       0
       0
       0
       0
       0
       0
       0
       0
       0
       0
       0
       0
       0
       0
       0
       0
       0
       1
       0
       0
       0
       0
       0
       0
       1
       0
       3
       3
       3
       7
       6
       5
       3
       4
       2
       1
       1
       1
       0
       0
       1
       0
       0
       0
       0
       0
       0
       0
       0
       0
       0
       0
       0
       0
       0
       0
       0
       0
       0
       0
       0
       0
       0
       0
       0
       0
       0
       0
       0
       0
       0
       0
       0
       0
       0
       0
       0
       0
       0
       0
       0
       0
       0
       0
       0
       0
       0
       0
       0
       0
       0
       0
       0
       0
       0
       0
       0
       0
       0
       0
       0
       0
       0
       0
       0
       0
       0
       0
       0
       0
       0
       0
       0
       0
       0
       0
       0
       0
       0
       0
       0
       0
       0
       0
       0
       0
       0
       0
       0
       0
       0
       0
       0
       0
       0
       0
       0
       0
       0
       0
       0
       0
       0
       0
       0
       0
       0
       0
       0
       0
       0
       0
       0
       0
       0
       0
       0
       0
       0
       0
       0
       0
       0
       0
       0
       0
       0
       0
       0
       0
       0
       0
       0
       0
       0
       0
       0
       0
       0
       0
       0
       0
       0
       0
       0
       0
       0
       0
       0
       0
       0
       0
       0
       0
       0
       0
       0
       1
       0
       0
       0
       0
       0
       0
       0
       0
       0
       0
       0
       0
       0
       0
       0
       0
       0
       0
       0
       0
       0
       0
       0
       0
       0
       0
       0
       0
       0
       0
       0
       0
       0
       0
       0
       0
       0
       0
       0
       0
       0
       0
       0
       0
       0
       0
       0
       0
       0
       0
       0
       0
       0
       0
       0
       0
       0
       0
       0
       0
       0
       0
       0
       0
       0
       0
       0
       0
       0
       0
       0
       0
       0
       0
       0
       0
       0
       0
       0
       0
       0
       0
       0
       0
       0
       0
       0
       0
       0
       0
       0
       0
       0
       0
       0
       0
       0
       0
       0
       0
       0
       0
       1
       0
       0
       0
       0
       0
       0
       0
       0
       0
       0
       0
       0
       0
       0
       0
       0
       0
       0
       0
       0
       0
       0
       0
       0
       0
       0
       0
       0
       0
       0
       0
       0
       0
       1
       0
       0
       0
       0
       0
       0
       0
       0
       0
       0
       0
       0
       0
       0
       0
       0
       0
       0
       0
       0
       0
       0
       0
       0
       0
       0
       0
       0
       0
       0
       0
       0
       0
       0
       0
       0
       0
       0
       0
       0
       0
       0
       0
       0
       0
       0
       0
       0
       0
       0
       0
       0
       0
       0
       0
       0
       0
       0
       0
       0
       0
       0
       0
       0
       0
       0
       0
       0
       0
       0
       0
       0
       0
       0
       0
       0
       0
       0
       0
       0
       0
       0
       0
       0
       0
       0
       0
       0
       0
       0
       0
       0
       0
       0
       0
       0
       0
       0
       0
       0
       0
       0
       0
       0
       0
       0
       0
       0
       0
       0
       0
       0
       0
       0
       0
       0
       0
       0
       0
       0
       0
       0
       0
       0
       0
       0
       0
       0
       0
       0
       0
       0
       0
       1
       0
       0
       0
       0
       0
       0
       0
       0
       0
       0
       0
       0
       0
       0
       0
       0
       0
       0
       0
       0
       0
       0
       0
       0
       0
       0
       0
       0
       0
       0
       0
       0
       0
       0
       0
       0
       0
       0
       0
       0
       0
       0
       0
       0
       0
       0
       0
       0
       0
       0
       0
       0
       0
       0
       0
       0
       0
       0
       0
       0
       0
       0
       0
       0
       0
       0
       0
       0
       0
       0
       0
       0
       0
       0
       0
       0
       0
       0
       0
       0
       0
       0
       0
       0
       0
       0
       0
       0
       0
       0
       0
       0
       0
       0
       0
       0
       0
       0
       0
       0
       0
       0
       0
       0
       0
       0
       0
       0
       0
       0
       0
       0
       0
       0
       0
       0
       0
       0
       0
       0
       0
       0
       0
       0
       0
       0
       0
       0
       0
       0
       0
       0
       0
       0
       0
       0
       0
       0
       0
       0
       0
       0
       0
       0
       0
       0
       0
       0
       0
       0
       0
       0
       0
       0
       0
       0
       0
       0
       0
       0
       0
       0
       0
       0
       0
       0
       0
       0
       0
       0
       0
       0
       0
       0
       0
       0
       0
       0
       0
       0
       0
       0
       0
       0
       0
       0
       0
       0
       0
       0
       0
       0
       0
       0
       0
       0
       0
       0
       0
       0
       0
       0
       0
       0
       0
       0
       0
       0
       0
       0
       0
       0
       0
       0
       0
       0
       0
       0
       0
       0
       0
       0
       0
       0
       0
       0
       0
       0
       0
       0
       0
       0
       0
       0
       0
       0
       0
       0
       0
       0
       0
       0
       0
       0
       0
       0
       0
       0
       0
       0
       0
       0
       0
       0
       0
       0
       0
       0
       0
       0
       0
       0
       0
       0
       0
       0
       0
       0
       0
       0
       0
       0
       0
       0
       0
       0
       0
       0
       0
       0
       0
       0
       0
       0
       0
       0
       0
       0
       0
       0
       0
       0
       0
       0
       0
       0
       1
       0
       0
       1
       0
       0
       0
       0
       0
       0
       0
       0
       0
       0
       0
       0
       0
       0
       0
       0
       0
       0
       0
       0
       0
       0
       1
       0
       0
       0
       0
       0
       0
       0
       0
       0
       0
       0
       0
       0
       0
       0
       0
       0
       0
       0
       0
       0
       0
       0
       0
       0
       0
       1
       0
       0
       0
       0
       0
       0
       0
       0
       0
       0
       0
       0
       0
       0
       0
       0
       0
       0
       0
       0
       0
       0
       0
       0
       0
       0
       0
       0
       0
       0
       0
       0
       0
       0
       0
       0
       0
       0
       0
       0
       0
       0
       0
       0
       0
       0
       0
       0
       0
       0
       0
       0
       0
       0
       0
       0
       0
       0
       0
       0
       0
       0
       0
       0
       0
       0
       0
       0
       0
       0
       0
       0
       0
       0
       0
       0
       0
       0
       0
       0
       0
       0
       0
       0
       0
       0
       0
       0
       0
       0
       0
       0
       0
       0
       0
       0
       0
       0
       0
       0
       0
       0
       0
       0
       0
       0
       1
       0
       0
       0
       0
       0
       0
       0
       0
       0
       0
       0
       0
       0
       0
       0
       0
       0
       0
       0
       0
       0
       0
       0
       0
       0
       0
       0
       0
       0
       0
       0
       0
       0
       0
       0
       0
       0
       0
       0
       0
       0
       0
       0
       0
       0
       0
       0
       0
       0
       0
       0
       0
       0
       0
       0
       0
       0
       0
       0
       0
       0
       0
       0
       0
       0
       0
       0
       0
       0
       0
       0
       0
       0
       0
       0
       0
       0
       0
       0
       0
       0
       0
       0
       0
       0
       0
       0
       0
       0
       0
       0
       0
       0
       0
       0
       0
       0
       0
       0
       0
       0
       0
       0
       0
       0
       0
       0
       0
       0
       0
       0
       0
       0
       0
       0
       0
       0
       0
       0
       0
       0
       0
       0
       0
       0
       0
       0
       0
       0
       0
       0
       0
       0
       0
       0
       0
       0
       0
       0
       0
       0
       0
       0
       0
       0
       0
       0
       0
       0
       0
       0
       0
       0
       0
       0
       0
       0
       0
       0
       0
       0
       0
       0
       0
       0
       0
       0
       0
       0
       0
       0
       0
       0
       0
       0
       0
       0
       0
       0
       0
       0
       0
       0
       0
       0
       0
       0
       0
       0
       0
       0
       0
       0
       0
       0
       0
       0
       0
       0
       0
       0
       0
       0
       0
       0
       0
       0
       0
       0
       0
       0
       0
       0
       0
       0
       0
       0
       0
       0
       0
       0
       0
       0
       0
       0
       0
       0
       0
       0
       0
       0
       0
       0
       0
       0
       0
       0
       0
       0
       0
       0
       0
       0
       0
       0
       0
       0
       0
       0
       0
       0
       0
       0
       0
       0
       0
       0
       0
       0
       0
       0
       0
       0
       0
       0
       0
       0
       0
       0
       0
       0
       0
       0
       0
       0
       0
       0
       0
       0
       0
       0
       0
       0
       0
       0
       0
       0
       0
       0
       0
       0
       0
       0
       0
       0
       0
       0
       0
       0
       0
       0
       0
       0
       0
       0
       0
       0
       0
       0
       0
       0
       0
       0
       0
       0
       0
       0
       0
       0
       0
       0
       0
       0
       0
       0
       0
       0
       0
       0
       0
       0
       0
       0
       0
       0
       0
       0
       0
       0
       0
       0
       0
       0
       0
       0
       0
       0
       0
       0
       0
       0
       0
       0
       0
       0
       0
       0
       0
       0
       0
       0
       0
       0
       0
       0
       0
       0
       0
       0
       0
       0
       0
       0
       0
       0
       1
       0
       0
       0
       0
       0
       0
       1
       0
       0
       0
       0
       0
       0
       0
       0
       0
       0
       0
       0
       0
       0
       0
       0
       0
       0
       0
       0
       0
       0
       0
       0
       0
       0
       0
       0
       0
       0
       0
       0
       0
       0
       0
       0
       0
       0
       0
       0
       0
       0
       0
       0
       0
       0
       0
       0
       0
       0
       0
       0
       0
       0
       0
       0
       0
       0
       0
       0
       0
       0
       0
       0
       0
       0
       0
       0
       0
       0
       0
       0
       0
       0
       0
       0
       0
       0
       0
       0
       0
       0
       0
       0
       0
       0
       0
       0
       0
       0
       0
       0
       0
       0
       0
       0
       0
       0
       0
       0
       0
       0
       0
       0
       0
       0
       0
       0
       0
       0
       0
       0
       0
       0
       0
       0
       0
       0
       0
       0
       0
       0
       0
       0
       0
       0
       0
       0
       0
       0
       0
       0
       0
       0
       0
       0
       0
       0
       0
       0
       0
       0
       0
       0
       0
       0
       0
       0
       0
       0
       0
       0
       0
       0
       0
       0
       0
       0
       0
       0
       0
       0
       0
       0
       0
       0
       0
       0
       0
       0
       0
       0
       0
       0
       0
       0
       0
       0
       0
       0
       0
       0
       0
       0
       0
       1
       0
       0
       0
       0
       0
       0
       0
       0
       0
       0
       0
       1
       0
       0
       0
       0
       0
       0
       0
       0
       0
       0
       0
       0
       0
       0
       0
       0
       0
       0
       0
       0
       0
       0
       0
       0
       0
       0
       0
       0
       0
       0
       0
       0
       0
       0
       0
       0
       0
       0
       0
       0
       0
       0
       0
       0
       0
       0
       0
       0
       0
       0
       0
       0
       1
       0
       0
       0
       0
       0
       0
       0
       0
       0
       0
       0
       0
       0
       0
       0
       0
       0
       0
       0
       0
       0
       0
       0
       1
       0
       0
       0
       0
       0
       0
       0
       0
       0
       0
       0
       0
       0
       0
       0
       0
       0
       0
       0
       0
       0
       0
       0
       0
       0
       0
       0
       0
       0
       0
       0
       0
       0
       0
       0
       0
       0
       0
       0
       0
       0
       0
       0
       0
       0
       0
       0
       0
       0
       0
       0
       0
       0
       0
       0
       0
       0
       0
       1
       0
       0
       0
       0
       0
       0
       0
       0
       0
       0
       0
       0
       0
       0
       0
       0
       0
       0
       0
       0
       0
       0
       0
       0
       0
       0
       1
       0
       0
       0
       0
       0
       0
       0
       0
       0
       0
       0
       0
       0
       0
       0
       0
       0
       0
       0
       0
       0
       0
       0
       0
       0
       0
       0
       0
       0
       0
       0
       0
       0
       0
       0
       0
       0
       0
       0
       0
       0
       0
       0
       0
       0
       0
       0
       0
       0
       0
       0
       0
       0
       0
       0
       0
       0
       0
       0
       0
       0
       0
       0
       0
       0
       0
       0
       0
       0
       1
       0
       0
       0
       0
       0
       0
       0
       0
       0
       0
       0
       0
       0
       0
       0
       0
       0
       0
       0
       0
       0
       0
       0
       0
       0
       0
       0
       0
       0
       0
       0
       0
       0
       0
       0
       0
       0
       0
       0
       0
       0
       0
       0
       0
       0
       0
       0
       0
       0
       0
       0
       0
       0
       0
       0
       0
       0
       0
       0
       0
       1
       0
       0
       0
       0
       0
       0
       0
       0
       0
       0
       0
       0
       0
       0
       0
       0
       0
       0
       0
       0
       0
       0
       0
       0
       0
       0
       0
       0
       0
       0
       0
       0
       0
       0
       0
       0
       0
       0
       0
       0
       0
       0
       0
       0
       0
       0
       0
       0
       0
       0
       0
       1
       0
       0
       0
       0
       0
       0
       0
       0
       0
       0
       0
       0
       0
       0
       0
       0
       0
       0
       0
       0
       0
       0
       0
       0
       0
       0
       0
       0
       0
       0
       0
       0
       0
       0
       0
       0
       0
       0
       0
       0
       0
       0
       0
       0
       0
       0
       0
       0
       0
       0
       0
       0
       0
       0
       0
       0
       0
       0
       0
       0
       0
       0
       0
       0
       0
       0
       0
       0
       0
       0
       0
       0
       0
       0
       0
       0
       0
       0
       0
       0
       0
       0
       0
       0
       0
       0
       0
       0
       0
       0
       0
       0
       0
       0
       0
       0
       0
       0
       0
       0
       0
       0
       0
       0
       0
       0
       0
       0
       0
       0
       0
       0
       0
       0
       0
       0
       0
       0
       0
       0
       0
       0
       0
       0
       0
       0
       0
       0
       0
       0
       0
       0
       0
       0
       0
       0
       0
       0
       0
       0
       0
       0
       0
       0
       0
       0
       0
       0
       0
       0
       0
       0
       0
       0
       0
       0
       0
       0
       0
       0
       0
       0
       0
       0
       0
       0
       0
       0
       0
       0
       0
       0
       0
       0
       0
       0
       0
       0
       0
       0
       0
       0
       0
       0
       0
       0
       0
       0
       0
       0
       0
       0
       0
       0
       0
       0
       0
       0
       0
       0
       0
       0
       0
       0
       0
       0
       0
       0
       0
       0
       0
       0
       0
       0
       0
       0
       0
       0
       0
       0
       0
       0
       0
       0
       0
       0
       0
       0
       0
       0
       0
       0
       0
       0
       0
       0
       0
       0
       0
       0
       0
       0
       0
       0
       0
       0
       0
       0
       0
       0
       0
       0
       0
       0
       0
       0
       0
       0
       0
       0
       0
       0
       0
       0
       0
       0
       0
       0
       0
       0
       0
       0
       0
       0
       0
       0
       0
       0
       0
       0
       0
       0
       0
       0
       0
       0
       0
       0
       0
       0
       0
       0
       0
       0
       0
       0
       0
       0
       0
       0
       0
       0
       0
       0
       0
       0
       0
       0
       0
       0
       0
       0
       0
       0
       0
       0
       0
       0
       0
       0
       0
       0
       0
       0
       0
       0
       0
       0
       0
       0
       0
       0
       0
       0
       0
       0
       0
       0
       0
       0
       0
       0
       0
       0
       0
       0
       0
       0
       0
       0
       0
       0
       0
       0
       1
       0
       0
       0
       0
       0
       0
       0
       0
       0
       0
       0
       0
       0
       0
       0
       0
       0
       0
       0
       0
       0
       0
       0
       0
       0
       0
       0
       0
       0
       0
       0
       0
       0
       0
       0
       0
       0
       0
       0
       0
       0
       0
       0
       0
       0
       0
       0
       0
       0
       0
       0
       0
       0
       0
       0
       0
       0
       0
       0
       0
       0
       0
       0
       0
       0
       0
       0
       0
       0
       0
       0
       0
       0
       0
       0
       0
       0
       0
       0
       0
       0
       0
       0
       0
       0
       0
       0
       0
       0
       0
       0
       0
       0
       0
       0
       0
       0
       0
       0
       0
       0
       0
       0
       0
       0
       0
       0
       0
       0
       0
       0
       0
       0
       0
       0
       0
       0
       0
       0
       0
       0
       0
       0
       0
       0
       0
       0
       0
       0
       0
       0
       0
       0
       0
       0
       0
       0
       0
       0
       0
       0
       0
       0
       0
       0
       0
       0
       0
       0
       0
       0
       0
       0
       0
       0
       0
       0
       0
       0
       0
       0
       0
       0
       0
       0
       0
       0
       0
       0
       0
       0
       0
       0
       0
       0
       0
       0
       0
       0
       0
       0
       0
       0
       0
       0
       0
       0
       0
       0
       0
       0
       0
       0
       0
$ROI:
4
3544 3576
4669 4708
6310 6347
7168 7215
$PRESETS:
Live Time
600
0
$ENER_FIT:
3.933081 0.184633
$MCA_CAL:
3
3.933081E+000 1.846325E-001 1.131707E-008 keV
$SHAPE_CAL:
3
2.397082E+000 1.734251E-003 -3.024850E-008
