0.932099724258   0.107530805457   0.345871695743
0.312690966081   -0.720823291342   -0.618577515264
0.182796235654   0.684726886091   -0.705503102541
-0.142323762462   -0.988562355282   -0.0498840290875
-0.633864781824   0.129733732868   -0.762485801126
0.760236400735   -0.0769001188262   -0.64507905463
-0.272212808846   -0.206940512759   0.939721134635
-0.950880908303   0.207448232026   -0.229762332104
-0.14739635316   -0.956107135842   -0.253245848667
-0.500004542658   -0.417014475587   -0.759008817124
0.724360213097   -0.681741922978   -0.10261691935
-0.474655389734   -0.601104714343   0.64294275281
-0.735273325704   -0.608859815469   0.297763096463
0.536493901853   -0.791306803565   -0.293270925778
0.414182845833   -0.0558862034803   0.908476363192
-0.176303513102   0.899762096739   0.399180711634
0.431192707003   -0.29395837192   0.853030670612
0.884867176866   0.322516115645   -0.336144960476
-0.789563033764   -0.602864493025   0.114649983707
-0.608478277349   0.744850192369   -0.2737743175
0.0796517527034   -0.285924105275   -0.954936125777
-0.279100577789   0.131842756893   0.951167889982
0.756322925221   -0.580142328439   0.302341713198
0.591674319422   0.80377382777   0.0622023595042
-0.664770210324   0.0325827373799   0.746337010131
0.514915412431   -0.703833325084   0.489367723232
0.541241799482   0.709617513683   0.451110073893
0.538848755207   0.775849991251   -0.32817496871
-0.734654271632   0.242169460021   -0.63374841523
-0.412219747447   0.582589687266   0.700474222299
-0.333274344544   -0.532958289737   0.77774267767
0.837816947425   -0.545746171065   -0.0149625991927
0.432424529688   0.646619345649   0.628404684862
-0.782563193067   -0.296502666794   0.547431290154
-0.10000520518   -0.808021029394   -0.580603974318
0.61448662133   -0.509105278544   0.602675706799
-0.871873324857   -0.489342309782   0.0195194584858
0.421280075647   -0.769736525543   -0.479613155686
0.24971984956   -0.409938757746   0.877262909072
0.971985843585   0.18379214089   -0.146505866154
-0.14237813009   0.956359677115   0.25515610136
0.187007988981   -0.227148887156   0.955736048876
0.757088618567   0.548781577122   -0.354479342483
0.638225824183   -0.505338263192   0.580776236686
0.139587323856   -0.665936949242   -0.732832421945
0.493376391914   -0.630306857298   -0.599410545074
-0.278738398364   -0.767351657578   0.577474102354
-0.823944561958   -0.117833353747   -0.554283916026
0.10967193927   -0.790460672989   -0.602614296374
-0.986160009535   -0.162373789559   0.0335139979521
-0.12434026432   0.590598575109   -0.7973285532
-0.452494100845   -0.161572912088   -0.877008142938
0.0820937701615   -0.986820664529   0.139447441562
-0.887980687628   -0.00889776023121   0.459794658801
-0.601291567707   -0.0759282229003   -0.795413952337
0.424057866246   0.813390319215   -0.398209887726
0.677217377715   -0.576741791077   -0.456886780007
0.076355513644   -0.970825592797   0.227304869958
0.359869035944   -0.185771446941   -0.914321194368
0.929873170118   0.151613448849   0.335185395898
-0.352018544932   -0.507095329142   0.786725664502
-0.723647132658   0.680545208763   0.114860986527
-0.593647851356   -0.528878573958   -0.606522615067
-0.0833078268949   -0.972447768769   -0.217727221528
-0.950337377496   0.143272202191   -0.276282364645
0.299864427554   0.183897833308   -0.936089158143
-0.575206368645   0.271307650594   0.771705767893
-0.325243239554   -0.941473771157   0.0885662088346
0.750569429563   -0.200048236564   0.629782688277
-0.759828423025   0.0986274805748   -0.64259893218
-0.579042479153   0.346730249174   0.737894261832
0.295585139849   0.932765112117   -0.206345997581
0.0248640604929   0.145012369082   0.989117379945
-0.0709875979496   -0.986669492783   0.146437949141
0.997167257502   -0.0738561089183   -0.0142385302009
-0.513177555469   -0.133623257939   0.847816974058
-0.632223125257   -0.609214666501   -0.478697618555
0.580467670463   -0.781666370684   0.22815557957
0.756017068684   0.614839790332   -0.224522212896
-0.425447499629   0.200909519895   -0.882400016928
-0.497425991398   0.762631888292   0.413473077771
0.185220192282   -0.354505600214   0.916525646007
-0.886619376366   -0.462499730072   0.000284844144041
0.423791885038   -0.812662155573   -0.399975823114
-0.107434021842   0.989604084271   -0.0956121715327
0.165058099727   -0.0770807815321   -0.983267195035
-0.980415093042   -0.121417912652   -0.155061071265
-0.921396434864   -0.0399910015865   0.386560900264
-0.242730459012   -0.717586647436   -0.652802671326
0.303497173115   -0.695320158786   0.651474744482
0.32127412128   0.900944430893   0.291688312139
-0.896461270203   0.190080401105   0.400283189931
0.30518867938   -0.390087904912   0.868729702738
0.0794970696913   -0.332433189524   0.93977039239
-0.419316312956   -0.866441204518   -0.271023004195
0.904352832472   -0.37251552131   -0.208274196154
0.388953717067   0.190074154669   0.901435977597
0.904920345821   0.104629198795   -0.412518967417
-0.172725718118   0.97617854232   -0.13130605399
-0.854620681987   -0.245507074746   -0.457547556184
0.214625900348   -0.969387654519   0.119261469743
-0.472820486886   0.00372176240894   0.881150915374
-0.474348538678   0.456992693799   -0.752430157336
-0.734075266808   0.266452977787   0.624608928281
0.485928972705   0.848622700876   0.20907545299
-0.0453739932947   -0.642822776541   0.764669914861
-0.935187531379   0.296465632122   0.193732831817
-0.351234226529   -0.706319337786   -0.614611675111
0.171652473584   -0.943780688756   0.282512725101
-0.984458443706   -0.153524586431   0.08527469717
-0.0371079631459   -0.292759650383   -0.955465743069
0.666324231503   -0.706293357141   -0.239085156735
-0.0163334618885   0.306732782104   -0.951655514567
0.74548322351   0.638016217695   0.192847269681
-0.87784799423   0.471988378487   -0.0813011045365
0.460583436387   0.878496730475   0.126910963557
0.131323254421   0.0739625926949   -0.988576622084
-0.0569669351716   -0.60558127174   0.793741829322
0.997617052011   -0.00353269676277   0.0689038285616
-0.0389228189372   0.79577562376   0.604339449974
-0.0814810111043   -0.87930324487   0.469240501651
0.529512742476   -0.437056590768   -0.727047310717
0.84437971339   0.189228274912   0.501214085585
0.978116597702   0.205126136247   -0.0348021483194
-0.206662971119   0.977206564246   -0.048556638715
0.0240486520988   0.0546863696288   0.998213936643
-0.4800184044   0.0252385296106   0.876895289108
-0.877253372583   -0.0104198885773   -0.479914519695
-0.00297518560943   -0.999627151765   0.0271423235088
0.558418120504   -0.540547358866   0.629267634252
-0.766168792835   -0.0452385665844   0.64104512554
-0.318048083753   -0.840096437867   -0.439412552738
-0.0262711931537   -0.0133111995104   0.999566224108
-0.918648149736   -0.393981903139   -0.0293911038505
0.394202234135   -0.919021801682   -0.00187793412457
-0.853406328896   -0.473859398333   -0.217151809596
0.42887361424   -0.401558840133   -0.809208206162
0.296251684904   -0.783714085954   0.545918648398
0.351947101288   0.456006119643   -0.817429909377
0.919680349319   -0.0060040798096   0.392621963347
0.174130103578   -0.889956386501   -0.421492985889
0.406692621718   0.37985635443   -0.830849120743
-0.426057832235   0.883361443442   0.195313296606
0.808131075403   0.274557298645   0.521097356287
0.721212404969   0.522127615324   0.455231172302
0.0674844276281   0.601086039704   -0.796329972374
-0.689418971995   0.605044069625   0.398275225019
-0.407880404081   0.905016927922   -0.12073912432
-0.0617612411438   -0.159284675333   -0.985298909619
-0.910944084485   -0.394427119224   0.120864066463
0.886426172304   -0.241646910282   0.394785273036
-0.462466847672   -0.497956633611   0.733596350759
0.0193146540052   -0.832854105948   -0.553155477553
0.943014917346   0.0804692982684   0.322873903713
0.191939115203   0.661075972178   -0.725353662061
-0.27181287997   0.745991455076   0.607959297352
0.567372231562   -0.469437076941   0.676548284785
-0.619164694478   -0.784852280625   -0.0253372987875
0.542884731746   -0.404519132294   -0.735962254226
-0.496435292473   0.310857767313   0.810505674803
-0.750718381738   -0.62254285496   -0.221048196235
0.435859968003   -0.718197634527   0.542418884307
-0.799837302484   0.167455341451   0.576384418748
-0.321419653181   -0.930495119469   -0.175693594627
0.506902057704   -0.325787570763   0.798068144103
-0.0338380942691   -0.912312072408   -0.408095167718
-0.164721913612   0.407835756963   -0.898073875869
0.985759440509   0.0368331084901   -0.164078175169
0.916387627291   -0.315355518819   0.246545357486
-0.0141850666485   -0.641110206377   -0.767317722435
0.400040623477   0.699663204713   -0.591978799906
-0.589608538423   -0.703018053595   -0.397652345321
0.741351832828   -0.666449428698   0.0790102458629
-0.32056080762   -0.248215179448   0.91412799613
0.327324135125   -0.930910734205   0.162062073002
-0.288222792894   0.0649737674006   0.955356494302
-0.899881398975   -0.359421221537   -0.247042209528
0.735423482978   -0.354085573755   -0.577733249123
0.651318475287   0.134202124178   0.746842710091
-0.186913200267   -0.925534006033   0.329317869606
0.557610427528   0.101180213929   -0.823913330042
0.107114760303   -0.993016009646   -0.0494533387409
-0.823162826686   -0.0606775815003   -0.564553976043
0.523851507084   0.84476390356   -0.109332272303
0.314840869057   -0.3112850555   -0.896647556955
-0.791488992783   0.435287906407   -0.429033347001
-0.061041630804   -0.788365684021   0.612171109712
0.703886028139   -0.468844599506   -0.533600225736
0.707685225718   0.398326862981   0.583538628994
-0.793210530226   0.608925670413   0.00515583659342
0.0909504177003   0.110095267537   0.989751005853
0.602117161571   0.785549845636   -0.142710769611
-0.133175183084   -0.963039668119   -0.234134508861
0.486201043856   -0.269341448376   0.831302429408
-0.863639343455   -0.00312758937625   0.504100488614
0.975364643303   0.046658333475   0.215608006602
-0.201274811901   -0.211808893936   0.956360519126
0.090289881426   -0.97619669758   -0.197199758989
-0.411233270349   0.531620424359   0.740450485693
-0.854004014438   -0.508706499981   -0.109063468679
0.318691607485   -0.677198214175   0.663203014195
-0.775459008582   0.548913849383   -0.312020691566
0.621099922085   0.574272104683   -0.533335200947
-0.113570298913   -0.607375613389   -0.786254826036
-0.506146885413   0.844755189921   -0.173792978823
-0.617996381156   -0.214686150878   0.756300422781
0.601577761611   0.49020253541   0.630718376942
0.0443073431064   -0.159513315696   -0.986200974174
-0.703228480238   -0.706146835407   0.0826217370105
-0.709581964207   0.689863862629   -0.143461796694
-0.235587619501   0.529133786864   -0.815178452326
0.526728665905   0.774426922972   0.350456635676
0.816734587275   -0.346814614131   -0.461155328901
0.60206388198   -0.0763286714391   0.794791177563
0.796363644659   -0.0144725252006   -0.604644930087
0.0576543795524   0.996977672734   0.0520719942748
-0.288564038862   0.108989936633   0.951237083585
-0.0272616932673   -0.994032454592   0.105623289562
0.957072408732   0.00454674943681   0.289813270079
-0.492387430182   0.34885386348   0.797405543331
-0.211193201408   0.840895558387   -0.498289164607
-0.844364879823   -0.413757950765   -0.340370838793
0.0634506292442   -0.304763978645   0.950312019796
0.900964220164   0.427043063563   0.0767964572562
-0.429228950133   0.851324344291   0.301677591452
