0.932062894974   0.107666970677   0.345928581124
0.312811579849   -0.720861663453   -0.618471808312
0.182777666375   0.684665090091   -0.705567884108
-0.142416524599   -0.988558415108   -0.0496970164141
-0.633799018817   0.129643529466   -0.762555807147
0.760273856756   -0.0771026276249   -0.645010734442
-0.272358698081   -0.206904745665   0.939686738121
-0.950811565319   0.207657720174   -0.229860041129
-0.147574072368   -0.956069399925   -0.253284811411
-0.500063744724   -0.416887584638   -0.759039520043
0.724200069936   -0.681917387419   -0.102581360103
-0.474837351013   -0.600993692572   0.642912180295
-0.735260660464   -0.60886902898   0.297775530767
0.536466480178   -0.791295710431   -0.293351008689
0.414240843978   -0.0559428655227   0.90844643154
-0.176502498069   0.899822454206   0.398956663164
0.431212127251   -0.293667204251   0.853121137037
0.884818043152   0.322612963246   -0.336181359475
-0.789494879664   -0.602975511585   0.114535441738
-0.608541410736   0.744757922789   -0.273884990209
0.0798447644118   -0.285930356681   -0.95491813509
-0.278964278916   0.131940676318   0.951194296146
0.756269074138   -0.580243188573   0.302282863583
0.591807416809   0.803684950741   0.062084469576
-0.664625759099   0.0327157998735   0.746459829315
0.514908743674   -0.703878968548   0.489309087719
0.541425512911   0.709566116774   0.450970442374
0.538765126166   0.775932356021   -0.328117536421
-0.734689108672   0.242149528118   -0.63371564572
-0.41226696742   0.582488270193   0.700530772102
-0.333335210894   -0.533063682149   0.777644358272
0.837750658386   -0.545844994975   -0.015069035594
0.432506036434   0.646449032975   0.628523807198
-0.78258968942   -0.29637417197   0.547462992542
-0.100334757364   -0.807860888435   -0.580769938446
0.614399149152   -0.509434132275   0.602486971141
-0.871945809348   -0.489207913426   0.0196500127497
0.421094441351   -0.769809386148   -0.479659233688
0.249779857121   -0.409962347588   0.877234801257
0.971947395926   0.184035865165   -0.146454975627
-0.142601732583   0.95628803366   0.255299711208
0.187037443891   -0.227253156219   0.955705497301
0.75720825366   0.548653432128   -0.354422166354
0.63811873897   -0.505552785668   0.580707203226
0.139427886608   -0.6658797131   -0.73291477821
0.49330688435   -0.630409236866   -0.599360085363
-0.278811144358   -0.767272992529   0.577543505476
-0.823961566843   -0.11779791598   -0.554266170135
0.109715261114   -0.79041209194   -0.602670130664
-0.986160073043   -0.162387620717   0.0334450440736
-0.124301535847   0.590659788333   -0.79728924653
-0.452305687232   -0.161679445027   -0.877085698409
0.0822933019015   -0.986801399838   0.139466159839
-0.888058206291   -0.00909694090103   0.459641020696
-0.601282676089   -0.0759930262172   -0.795414485285
0.423815648399   0.813567880565   -0.398105011127
0.677376881512   -0.576482752282   -0.456977238726
0.076144260208   -0.970842468567   0.227303657832
0.359697013696   -0.185870031971   -0.91436884765
0.929957047382   0.151384386386   0.335056200633
-0.352205650295   -0.507079401276   0.786652185341
-0.723696944167   0.680527467452   0.114652078252
-0.593476126651   -0.528916672875   -0.60665743237
-0.0831451932677   -0.972478491614   -0.217652154099
-0.950331255271   0.143110375054   -0.276387275044
0.299928961741   0.183861371417   -0.936075645453
-0.575122927614   0.27133471362   0.771758441041
-0.325215658253   -0.941475460833   0.0886494911189
0.750645318216   -0.200003574552   0.629706420808
-0.759791204391   0.0987157937469   -0.642629378254
-0.579110805518   0.346548083665   0.737926216257
0.295546951705   0.932823465492   -0.206136803033
0.024999995542   0.144995296762   0.989116456308
-0.0709033964982   -0.986676764122   0.146429749394
0.997169849418   -0.0737924593666   -0.0143862556878
-0.513243520539   -0.13367520901   0.847768852412
-0.632325409194   -0.608997380596   -0.478838978483
0.580297911001   -0.781826789592   0.22803772838
0.756006194013   0.614846669908   -0.224539990018
-0.425514192547   0.200973286392   -0.88235333631
-0.497385470793   0.762609540105   0.413563033629
0.185224692965   -0.354750830708   0.91642984523
-0.886540116288   -0.462651719981   9.0611244352e-05
0.423955699723   -0.812468605   -0.400195365492
-0.107208722688   0.989616912873   -0.0957322074096
0.16524469558   -0.0772123803047   -0.983225528
-0.980408323283   -0.121229592442   -0.15525110484
-0.922876868344   -0.0382629072957   0.383189555966
-0.241600861604   -0.717331525703   -0.653501726015
0.299878824774   -0.695680553241   0.652764320635
0.321206653356   0.901041564859   0.29146249199
-0.896508456328   0.190155684387   0.400141729176
0.305121080184   -0.389826774468   0.868870653397
0.079510249781   -0.332437314103   0.939767818331
-0.419422789933   -0.86639771464   -0.270997275541
0.904302296505   -0.372612979186   -0.20831928446
0.388922628894   0.190311600555   0.901399291895
0.904916899169   0.104620392039   -0.412528761625
-0.172813756201   0.9761332226   -0.131526945542
-0.854580035691   -0.245479175458   -0.457638434809
0.214558650104   -0.969394478213   0.119326993075
-0.472924463591   0.00378418119224   0.881094848305
-0.474581899585   0.456671182397   -0.75247820683
-0.734087504279   0.266360059098   0.624634176921
0.485682567782   0.848824923105   0.208826945742
-0.0456447176575   -0.643040855629   0.764470416525
-0.935189389873   0.296544542752   0.193603045516
-0.351194198157   -0.706087666056   -0.614900677366
0.171906966657   -0.943741105997   0.282490211629
-0.984415563461   -0.153780664504   0.0853082976055
-0.0370674146726   -0.292752851525   -0.955469400187
0.666352764614   -0.706301909927   -0.23898034464
-0.0163174891762   0.306615171921   -0.951693688061
0.745458069   0.638063279292   0.192788793712
-0.877876837026   0.471940946339   -0.0812650120337
0.460520897483   0.878510175825   0.127044771455
0.131349769678   0.0741054258498   -0.988562402616
-0.0568382744802   -0.605534143334   0.793787006578
0.997631470394   -0.00359556406785   0.0686914929129
-0.038740932277   0.79581120448   0.604304283445
-0.0813309259265   -0.879242200113   0.469380905052
0.529532375326   -0.437094624076   -0.727010146481
0.844381870939   0.189423977214   0.501136521206
0.978080848932   0.205306192375   -0.034745076261
-0.206835523784   0.977178746007   -0.0483814474016
0.0240191393031   0.0545074831945   0.998224431289
-0.480080859485   0.0252612426062   0.876860443844
-0.877219008932   -0.0103724699738   -0.479978356008
-0.00302964107183   -0.999627071206   0.0271392665035
0.558495142606   -0.540566296325   0.62918300594
-0.766135130578   -0.0453762268304   0.641075627155
-0.31799392664   -0.840076828222   -0.439489232296
-0.0260859968531   -0.0133607708993   0.999570413012
-0.918685384939   -0.393906295577   -0.0292402770741
0.394127751201   -0.919053491428   -0.00199890656985
-0.853517959142   -0.473686983482   -0.217089233042
0.428683326328   -0.401513607748   -0.809331470117
0.296205501555   -0.783841479174   0.54576078677
0.35258947883   0.45620082691   -0.817044346988
0.919433179666   -0.00641285463889   0.393193976842
0.17413583074   -0.889853741253   -0.421707281927
0.406695489929   0.379577161645   -0.830975304584
-0.425991508236   0.883449793132   0.195058191129
0.808164595477   0.2746591367   0.520991694027
0.720957918635   0.522417680659   0.455301489667
0.0673586603015   0.601079500471   -0.796345556273
-0.689697390484   0.604800133142   0.398163670506
-0.407970639052   0.904951491323   -0.120924588169
-0.0617251633031   -0.159484010682   -0.985268924991
-0.910906121336   -0.394496703014   0.12092307234
0.88646613651   -0.241693881592   0.3946667663
-0.462394977363   -0.497939886124   0.733653020655
0.0192008783647   -0.832850489228   -0.553164883974
0.942994006737   0.0804545199675   0.322938652803
0.191978347148   0.661130402871   -0.725293667852
-0.271857715513   0.745944810705   0.607996481815
0.567326212252   -0.4694526708   0.676576055422
-0.619166592217   -0.784848996514   -0.0253925925024
0.542930658532   -0.404507407288   -0.735934818769
-0.496545216608   0.310895944204   0.810423691498
-0.750622392699   -0.622662020382   -0.22103853047
0.435900070478   -0.718077795403   0.542545305303
-0.7998792201   0.16753340875   0.576303557342
-0.321445731115   -0.930493942177   -0.175652115045
0.506819371374   -0.325750795125   0.798135667838
-0.0338519485475   -0.912266212802   -0.408196524433
-0.164629956145   0.407941236563   -0.898042830299
0.985774326669   0.0368008762311   -0.163995952356
0.916418081371   -0.315247761588   0.246569967654
-0.0141172684078   -0.641161190599   -0.767276371591
0.399973252691   0.69966504592   -0.592022145404
-0.589654429577   -0.703049031834   -0.397529511505
0.74137543147   -0.666432059349   0.0789352892184
-0.320421789667   -0.248174070177   0.914187895128
0.327412790985   -0.930877814842   0.162072076973
-0.288319717984   0.064920331578   0.955330880255
-0.89981809524   -0.359516125344   -0.247134682099
0.735557618854   -0.353993538912   -0.577618874133
0.6512651823   0.13467846446   0.746803437013
-0.186570768529   -0.925500019243   0.329607437282
0.557877257739   0.101404933255   -0.823705047216
0.106968037861   -0.993014438985   -0.049801233363
-0.823001096095   -0.060327137176   -0.564827258855
0.523807820597   0.844776080483   -0.109447434534
0.315064239445   -0.311504961128   -0.896492712863
-0.791429018993   0.435106921385   -0.429327468092
-0.0609679883395   -0.788205663095   0.612384468339
0.70394720229   -0.468913464161   -0.53345899516
0.707630723461   0.398562411416   0.58344388198
-0.793032542653   0.609157399946   0.00516220731245
0.0909338670184   0.109994806581   0.98976369622
0.602354063755   0.785384240112   -0.142622499142
-0.133105204328   -0.963056648799   -0.234104454859
0.486101861104   -0.269280609672   0.831380138015
-0.863705959926   -0.00313758805457   0.503986279902
0.975369013849   0.0466244678246   0.215595560769
-0.201267580556   -0.211827670027   0.9563578824
0.0902587826228   -0.976194241537   -0.197226151787
-0.411342084796   0.531550787562   0.74044003776
-0.854020009289   -0.508628122905   -0.109303505544
0.318508262074   -0.677311739772   0.663175160993
-0.775484885409   0.549055156359   -0.311707599808
0.621036631145   0.574412010759   -0.53325823451
-0.113739594154   -0.607115538569   -0.786431196959
-0.506048163884   0.844828811791   -0.173722579414
-0.618064074723   -0.214711662132   0.756237860519
0.601591269358   0.490064466078   0.630812780245
0.0443393204752   -0.159471688838   -0.986206269053
-0.703223220771   -0.706158038752   0.0825707337609
-0.709585179121   0.689862018642   -0.143454762233
-0.235592684535   0.529149369184   -0.815166873766
0.526600788787   0.774475435754   0.350541593342
0.816815582762   -0.346682483701   -0.461111222214
0.602051505735   -0.0762618510261   0.794806966829
0.796380050487   -0.0144023695607   -0.60462499695
0.0575569251098   0.99698380219   0.0520624484902
-0.288756649843   0.109119778394   0.9511637457
-0.0274323198391   -0.994018730861   0.105708233006
0.957009438302   0.00443132713217   0.290022927267
-0.492486958032   0.348673140222   0.797423123227
-0.211239491599   0.840955315532   -0.498168680737
-0.844295252478   -0.413788833303   -0.340505988312
0.0633672273553   -0.304870518653   0.950283411069
0.900886068092   0.427176027983   0.0769735892025
-0.429405271062   0.851219482844   0.301722563312
