0.931906459685   0.108192765665   0.346185897827
0.313289669398   -0.721057126644   -0.618001782493
0.182756486738   0.684376318683   -0.705853469908
-0.143018170254   -0.988531155134   -0.048496992761
-0.63333805502   0.129064062575   -0.763036942628
0.760545009214   -0.0784131563009   -0.644532905194
-0.272328854593   -0.206159043218   0.939859268112
-0.95064588522   0.208591781566   -0.229699520193
-0.148692285846   -0.956027153151   -0.252789807088
-0.500652042858   -0.415779246199   -0.75925960673
0.723130500354   -0.68301864328   -0.102799865712
-0.475846415811   -0.600510742088   0.642617333409
-0.735216912692   -0.608940815607   0.297736753493
0.536207093953   -0.791195544142   -0.294094480268
0.414654125371   -0.0565746764688   0.908218730425
-0.177687737961   0.899997582162   0.398034445597
0.43133225612   -0.292321742581   0.853522397858
0.884522217137   0.323345559607   -0.33625599842
-0.789379694815   -0.603263223857   0.113812038714
-0.608547938642   0.744487942062   -0.274603551504
0.0809265332785   -0.286026549234   -0.954798255835
-0.278212598827   0.132367507566   0.95135513495
0.755828165594   -0.58102948393   0.301875012049
0.592723826035   0.8030464381   0.0616026322916
-0.663843427592   0.0337022478685   0.747111813674
0.514809600986   -0.704033453071   0.489191140241
0.542478551075   0.709366657975   0.450017739848
0.538464681677   0.77629516397   -0.327752353132
-0.734965245221   0.24242067971   -0.633291640847
-0.412167289949   0.581891770388   0.701084939683
-0.333474485779   -0.533682308439   0.777160190047
0.837436489646   -0.546305813482   -0.0158140432995
0.433006804963   0.645548721488   0.629104089194
-0.782644676378   -0.295747000788   0.547723490515
-0.10206275391   -0.807042524581   -0.581606015944
0.614044383414   -0.511093019951   0.601442782113
-0.87229373514   -0.488575682281   0.0199359554482
0.420279996249   -0.769951848863   -0.480144639858
0.249936720768   -0.410448478029   0.876962760039
0.97179704622   0.185290459093   -0.145869622359
-0.143829424346   0.955907783108   0.256033995566
0.186878563914   -0.22783273681   0.955598580151
0.757620291326   0.54825486659   -0.35415829149
0.637754568047   -0.506387675287   0.580379731946
0.138854618598   -0.665573529806   -0.733301623696
0.492763862756   -0.631051098488   -0.599131276649
-0.279081204928   -0.766767466976   0.578084191656
-0.824195035545   -0.117652720682   -0.5539497998
0.110018088817   -0.789991015601   -0.603166822199
-0.986154735067   -0.162515587882   0.0329776014859
-0.12407601959   0.591187685058   -0.796933035078
-0.451611824457   -0.162457518004   -0.877299444235
0.0832874985752   -0.98666570532   0.139835540996
-0.888318609842   -0.00991669241845   0.459120579609
-0.601366002905   -0.0761618045482   -0.795335344416
0.42281609206   0.814297570953   -0.397675770239
0.677927343338   -0.575429270604   -0.457488438856
0.0750954485882   -0.970897158236   0.227418956402
0.358829174577   -0.186474853316   -0.914586656667
0.930377502455   0.150285851664   0.334382813129
-0.35305572261   -0.507041408163   0.786295534224
-0.723797580501   0.680553370359   0.113860320367
-0.592847973087   -0.528919767546   -0.607268606389
-0.0827375589605   -0.972580344199   -0.217352180607
-0.950143303771   0.142778359021   -0.277203972724
0.300636322882   0.183580538927   -0.935903834318
-0.574805126078   0.27137291119   0.771981742081
-0.325146557837   -0.941479740388   0.0888572696275
0.750918626058   -0.19993159208   0.629403348838
-0.759726701513   0.0990146562786   -0.642659658646
-0.579366443123   0.345631386939   0.738155450394
0.295211557348   0.933131846099   -0.205219624313
0.0256990654496   0.144972962282   0.989101813891
-0.0701641603166   -0.986726915143   0.1464478936
0.997204366538   -0.0731630722418   -0.015186053406
-0.513441242874   -0.13385747869   0.847620354589
-0.632811631655   -0.608087891328   -0.479352224634
0.579592554263   -0.782503221603   0.227510833202
0.756009500553   0.614794888936   -0.224670602464
-0.425795465165   0.201221164904   -0.882161133036
-0.497139675461   0.762585921279   0.413901988095
0.185097891325   -0.355804026229   0.91604708697
-0.886345224433   -0.46302438753   -0.000748115797224
0.424418324006   -0.811795486235   -0.401070037246
-0.106050957757   0.98971633781   -0.0959935676512
0.166161335339   -0.0775418519234   -0.98304510163
-0.980379316896   -0.120203293931   -0.156229200634
-0.927602024075   -0.0321667531373   0.372182461871
-0.238236397107   -0.716462985356   -0.655686060328
0.287746249367   -0.6968831255   0.656929224017
0.321321526801   0.901218281627   0.290788729622
-0.896591358741   0.190705881831   0.399693885449
0.304756315512   -0.389148911724   0.869302428767
0.079674925229   -0.332372323689   0.939776859013
-0.42006398694   -0.866171567506   -0.270726915027
0.90399012891   -0.373196267518   -0.208629798314
0.388811470559   0.191677662778   0.901157763077
0.904863394501   0.104583698792   -0.412655409803
-0.173343236542   0.975869829198   -0.132778758867
-0.854526402238   -0.245408467559   -0.457776486868
0.214251390662   -0.969410454729   0.119748535947
-0.473160616998   0.00424903667182   0.880965933626
-0.475724754621   0.45530909758   -0.752581944708
-0.734021400184   0.265945769369   0.624888335486
0.484663328417   0.849686102873   0.207689635447
-0.0471898933509   -0.644141318701   0.763449458384
-0.935191450252   0.297047335599   0.19282072448
-0.350984423217   -0.704872216756   -0.61641308609
0.17329667008   -0.943566138593   0.282225452855
-0.984165048131   -0.155072312252   0.0858588144033
-0.0372481164203   -0.292635473026   -0.955498329538
0.666323130275   -0.706461312253   -0.238591492621
-0.0163668913226   0.306038626192   -0.951878397773
0.745483474618   0.638163594675   0.192358039868
-0.877964189863   0.471832508818   -0.0809503856677
0.46031227806   0.878484279001   0.127976475243
0.131497102572   0.0750963059721   -0.988468035318
-0.0560670572089   -0.605447094099   0.793908244914
0.997722366412   -0.00410633969182   0.0673291729931
-0.037504195199   0.795874961424   0.604298337844
-0.0806031610579   -0.879125217894   0.469725432237
0.529525930154   -0.437023954861   -0.727057323856
0.844455694351   0.190128677849   0.500745110947
0.977920654882   0.206036497815   -0.0349307074568
-0.207563875594   0.977047486508   -0.047910819821
0.0242575823992   0.0541033333123   0.998240651857
-0.48051134532   0.0246358264545   0.876642414599
-0.876984594839   -0.0105111942436   -0.480403512904
-0.00262057887002   -0.999641231068   0.0266559883687
0.558842579344   -0.54033397554   0.629074054773
-0.766017761652   -0.0457651494555   0.641188225039
-0.31766611457   -0.840205180877   -0.439480936653
-0.0252846860656   -0.0136433801019   0.999587186207
-0.918834936272   -0.393603327146   -0.0286143451077
0.39383123865   -0.91917913327   -0.00258387772521
-0.853982335315   -0.472839020225   -0.217111565613
0.427953027545   -0.401004143836   -0.809970297506
0.295922924398   -0.784613878019   0.544803345471
0.35512965412   0.456616474791   -0.815710931467
0.918510529437   -0.00816855976642   0.395312132301
0.173842848798   -0.889626140342   -0.422307937815
0.406384548563   0.378013193448   -0.831839903027
-0.425989540991   0.883791192899   0.193509788692
0.808322033385   0.275715710349   0.520188751716
0.719569061767   0.52361040297   0.456127735673
0.0670898948658   0.601354096718   -0.796160911102
-0.691172417965   0.603494321649   0.397586836279
-0.408295863532   0.904824621451   -0.120776207256
-0.0624424195071   -0.159680364639   -0.985191923127
-0.910711497714   -0.394708228398   0.121696270962
0.886506336911   -0.241899186224   0.394450628496
-0.462336324943   -0.497614580342   0.733910656735
0.0187519933393   -0.832985301872   -0.552977259578
0.9429967587   0.080358471561   0.322954531055
0.191984514709   0.66131221234   -0.725126267572
-0.271843813968   0.745793988886   0.60818769056
0.56667809719   -0.469825613188   0.676860271665
-0.619394567964   -0.784646681086   -0.0260759474773
0.543347313734   -0.404466907241   -0.735649520903
-0.496655831461   0.311612544915   0.810080617548
-0.750625382208   -0.622802749627   -0.220631526854
0.435768884457   -0.717645007583   0.54322290308
-0.8003288167   0.16815254225   0.575498486266
-0.321764272391   -0.930389641725   -0.175621375646
0.505906649662   -0.325729699454   0.798723121439
-0.0338195417762   -0.912093748654   -0.408584424887
-0.164056310773   0.408339184693   -0.897966946574
0.985871069405   0.0366620227228   -0.163444579599
0.916553755731   -0.314718498523   0.246741726391
-0.0137753604286   -0.641470605497   -0.767023925135
0.399674182679   0.699619703104   -0.59227765341
-0.589892933315   -0.703113771902   -0.39706089078
0.74145068874   -0.666397530292   0.0785188371476
-0.319808072743   -0.248083363775   0.914427384338
0.328288738812   -0.930606841664   0.161856140501
-0.28914744134   0.064120068073   0.955134741299
-0.899233151711   -0.360360268508   -0.24803269088
0.736089018245   -0.35399248287   -0.576942180197
0.651034192616   0.13694839532   0.746592001741
-0.185276650617   -0.925167260062   0.331267420138
0.558856731589   0.102706247657   -0.822879444542
0.106153628612   -0.992997221779   -0.0518451991153
-0.82244182815   -0.0583776004223   -0.56584582271
0.524019331481   0.84458369862   -0.109918680211
0.315960101077   -0.312619310019   -0.895789250622
-0.790931700441   0.434680966949   -0.430673312628
-0.060443356069   -0.787407240643   0.613462662344
0.704183326906   -0.469217310974   -0.532879871256
0.707440769828   0.399781130702   0.582840119347
-0.7920097841   0.610486920858   0.00512067868231
0.0907664601602   0.109452428561   0.989839186733
0.603723406536   0.784427106456   -0.142099131094
-0.133091570601   -0.963114396458   -0.233874524414
0.485922286399   -0.269075871064   0.83155138578
-0.863809102416   -0.00297236366478   0.503810479881
0.975363775581   0.0462084254993   0.215708800695
-0.201429129331   -0.212174113313   0.956247066137
0.0899544948358   -0.976138784729   -0.197639221326
-0.411817475846   0.531182680403   0.740439954776
-0.854086281515   -0.50828212988   -0.110389764801
0.317715266106   -0.677860041959   0.662995304055
-0.7756393423   0.549467000692   -0.310595598531
0.620791561935   0.575221290241   -0.532670915184
-0.114023889192   -0.605975645058   -0.787268740832
-0.505811205187   0.845003472634   -0.173563118042
-0.61846320414   -0.214956944762   0.755841767186
0.601380320456   0.489655637295   0.631331186488
0.0444293470778   -0.15966110072   -0.986171570283
-0.702953209796   -0.706411898157   0.082698337228
-0.709847038422   0.689558237612   -0.143619702634
-0.235719860649   0.52931162995   -0.815024751584
0.525963488291   0.774698943194   0.351004211369
0.817189424969   -0.345934597595   -0.461010518216
0.601980320785   -0.0760300978878   0.794883084235
0.796464615627   -0.0140497402633   -0.604521894436
0.0571297596825   0.997006534088   0.0520976155396
-0.289748316934   0.109525536385   0.950815476164
-0.0285016468896   -0.993977610528   0.105811936442
0.956678404145   0.00355902353682   0.291124997884
-0.493225278285   0.347686029426   0.79739779897
-0.211198119745   0.841365897182   -0.497492493687
-0.843874504341   -0.413784789475   -0.341552293101
0.0628533715423   -0.305588459163   0.950086915662
0.900436131045   0.427925009939   0.0780702233735
-0.430423312095   0.850585609739   0.302059419502
