0.931833487896   0.108422163048   0.346310533185
0.313512724671   -0.721118893272   -0.617816569246
0.182746059614   0.684274927442   -0.705954461258
-0.143304205653   -0.988514690591   -0.0479855304058
-0.633119485633   0.128833682697   -0.763257229979
0.760673137132   -0.0789973967227   -0.644310321007
-0.272187918994   -0.205690446065   0.9400027538
-0.950609994583   0.208928703813   -0.22954179341
-0.149179003055   -0.956054515768   -0.252399262929
-0.500947198299   -0.415225658649   -0.75936786666
0.722641955457   -0.683509358283   -0.102973595416
-0.476277764261   -0.600335414197   0.642461579965
-0.735181259851   -0.608982692529   0.297739139791
0.536074005811   -0.791140768727   -0.294484200514
0.41488935327   -0.0568890521861   0.908091658526
-0.17818146906   0.900038829757   0.397720340205
0.431396692485   -0.291822239624   0.853660748877
0.884391461852   0.323681765612   -0.336276458905
-0.789422811621   -0.603272263322   0.113464535423
-0.608432219799   0.744469367535   -0.274910157529
0.0813748020188   -0.286055828655   -0.954751383601
-0.277892724645   0.132528100415   0.95142626419
0.755593913834   -0.581433122716   0.301684207716
0.593172378796   0.802727741148   0.0614386085845
-0.663557003014   0.0342310867443   0.747342181636
0.514694041784   -0.704083353434   0.4892409169
0.542938437674   0.709291804632   0.449580903485
0.538384927134   0.776411662497   -0.327607387849
-0.735085176402   0.242597540304   -0.633084683808
-0.412057585379   0.581662585849   0.701339562947
-0.33348044499   -0.53392330293   0.776992084514
0.837301524456   -0.546502132643   -0.0161733163091
0.433263141697   0.645183172134   0.629302569868
-0.782675269649   -0.295476287439   0.547825871825
-0.102798201302   -0.806690330352   -0.581964982388
0.613882685933   -0.511805113767   0.601002140956
-0.872432097818   -0.488326473851   0.0199872367621
0.419969364242   -0.769969293875   -0.480388404927
0.249975934433   -0.410712236762   0.876828085076
0.971739710529   0.185831408794   -0.145563122001
-0.144382246068   0.955754294502   0.256295718969
0.186750373497   -0.228035997262   0.955575157668
0.757748288966   0.548124086738   -0.354086876497
0.637650151149   -0.506678627848   0.58024051291
0.138635548504   -0.665459806165   -0.733446270064
0.49252464723   -0.631341242991   -0.599022292381
-0.27913312134   -0.766527786978   0.578376912023
-0.824320430683   -0.117657922335   -0.55376207966
0.110137918339   -0.789780696826   -0.603420326028
-0.986151681279   -0.16257274647   0.0327866377643
-0.123993953298   0.591452916998   -0.796748985892
-0.451378889432   -0.162833232515   -0.877349666076
0.0837055270634   -0.986600615519   0.140045029173
-0.888397705374   -0.010225646479   0.458960731697
-0.601446981184   -0.0762300027695   -0.795267574784
0.42245004142   0.814539699176   -0.397568913486
0.678083690505   -0.575077442736   -0.457699075297
0.0746252051519   -0.970912040563   0.227510193718
0.358483810173   -0.186775630313   -0.914660714016
0.930548460103   0.149815464525   0.334118077915
-0.35339753696   -0.507057699231   0.786131458804
-0.72381473262   0.680579827528   0.113592830774
-0.592623332069   -0.528870105047   -0.607531067745
-0.0827062349029   -0.972602380574   -0.217265478181
-0.95002902446   0.142795552522   -0.277586532209
0.301005866043   0.183450373346   -0.935810573314
-0.574690101513   0.271355430107   0.772073518374
-0.325123996636   -0.941484234013   0.0888922039089
0.751016427273   -0.199934158303   0.629285831963
-0.759729289328   0.0990964882776   -0.64264398616
-0.579452808048   0.34525489672   0.738263841412
0.295035337176   0.933262525928   -0.204878518922
0.0259671347365   0.144966114455   0.989095816174
-0.0697729993786   -0.986753654151   0.146454616099
0.997224867556   -0.0728151885163   -0.0155084444753
-0.513430610141   -0.13391163279   0.847618241412
-0.633007837637   -0.607800404822   -0.47945776184
0.579387682007   -0.782717281336   0.227296219585
0.755994552469   0.614784455904   -0.224749436965
-0.425933852532   0.201302486775   -0.882075768903
-0.497043851089   0.762572869696   0.41404109518
0.185011220176   -0.356226332602   0.915900457675
-0.886317414406   -0.463076983265   -0.00107167667707
0.424514180364   -0.81158025329   -0.401404039764
-0.105573029388   0.989766175653   -0.0960065258169
0.166485809171   -0.0775907425956   -0.982986343755
-0.980375851809   -0.119760570294   -0.156590532896
-0.929387479235   -0.0298129646443   0.367899579477
-0.236892284403   -0.716187370392   -0.656473682703
0.283056459086   -0.697270992965   0.658553113529
0.321417290487   0.901227680463   0.290653734441
-0.896616172603   0.190918596231   0.399536642424
0.304582278543   -0.389022823985   0.869419851404
0.0796786492026   -0.332369945251   0.939777384467
-0.420363891668   -0.866048828111   -0.270654070556
0.903850381116   -0.373483127893   -0.208721924427
0.388766583284   0.192252124214   0.901054751087
0.90483820811   0.104577945747   -0.412712091423
-0.173575231139   0.975757436046   -0.133300656924
-0.854539735833   -0.245407815243   -0.457751946036
0.214169797991   -0.969409845876   0.119899325886
-0.473173475071   0.00442209645647   0.880958175824
-0.476221471145   0.454755231048   -0.75260267755
-0.733974016777   0.265765234931   0.625020785733
0.484247099235   0.850039128356   0.207215412424
-0.047903835324   -0.644585600425   0.763029898684
-0.935213773909   0.297252172101   0.192396318239
-0.350828191074   -0.704379549608   -0.617064851082
0.173881240287   -0.943481336579   0.282149396248
-0.984055300661   -0.155583051115   0.0861921077945
-0.0374229811262   -0.292637799562   -0.955490784231
0.666261092293   -0.706569500481   -0.238444328696
-0.0163950323367   0.305794701569   -0.951956303308
0.745538302042   0.638160748937   0.192154882076
-0.877981531661   0.471828976267   -0.0807827160813
0.460260782527   0.878444635473   0.128432996059
0.13156155263   0.0755806824778   -0.988422540367
-0.0557560493969   -0.605419381883   0.793951279989
0.997762776293   -0.00440690697831   0.0667084808318
-0.0368877377954   0.795894434715   0.604310635013
-0.0803273683877   -0.879110688505   0.469799862968
0.529474633093   -0.436961839677   -0.727132012483
0.84451413653   0.190338509039   0.500566803911
0.977854895372   0.206320714271   -0.0350936811953
-0.207855165629   0.976988569271   -0.0478494057937
0.0244138018007   0.0540841786134   0.998237881422
-0.480726998407   0.0241738299436   0.876537037979
-0.876867301249   -0.0106310631381   -0.480614935781
-0.00229978313229   -0.999651242405   0.0263078800957
0.55898782764   -0.54020525728   0.629055552839
-0.765960805097   -0.0458749480381   0.641248418475
-0.317547876083   -0.840281958124   -0.439419591331
-0.0249196807659   -0.0137610003616   0.999594740072
-0.918878047428   -0.393523612639   -0.0283249051296
0.393753912318   -0.91921151057   -0.00283819834208
-0.85415534388   -0.472496042254   -0.217177665924
0.427675436902   -0.400700320197   -0.810267223862
0.295824896167   -0.784975632392   0.544335271096
0.355994499507   0.456721657501   -0.815274949873
0.918199784901   -0.00877689553894   0.396020354416
0.173715489603   -0.889566351474   -0.422486254212
0.406238401367   0.377321398545   -0.832225284076
-0.426009209115   0.883933500797   0.192815248147
0.808385127896   0.276206676908   0.519830122855
0.718975125562   0.52405680479   0.45655145841
0.0670365966278   0.601525704761   -0.796035753735
-0.691795391381   0.60293556195   0.397351034477
-0.408411873722   0.904820146833   -0.120416955985
-0.0630240019759   -0.159558214305   -0.985174680665
-0.910619413684   -0.394767878802   0.122190855994
0.886475129807   -0.241992211571   0.394463703998
-0.462403532138   -0.497379651637   0.734027557796
0.0185692676129   -0.833098584608   -0.552812744629
0.943023666575   0.0802998938595   0.322890525297
0.1919420512   0.661394478878   -0.725062474751
-0.271780450477   0.745727343173   0.608297720185
0.56633660374   -0.470045391678   0.676993486694
-0.61952581575   -0.784530616329   -0.0264476021802
0.543553690893   -0.404436696906   -0.735513659501
-0.496589845988   0.311987859929   0.809976604673
-0.750746149134   -0.622735610129   -0.22041002572
0.43563602287   -0.717540197574   0.543467865144
-0.800575513721   0.168422537139   0.575076252173
-0.321890256423   -0.930342402852   -0.175640759151
0.505435959989   -0.325725133263   0.799022920767
-0.0338422176717   -0.912040624039   -0.408701118674
-0.163759329135   0.408468797547   -0.897962206082
0.9859196653   0.0365395885715   -0.163178650695
0.916594594865   -0.314524040284   0.246837956457
-0.0136234346393   -0.641586784683   -0.766929462042
0.399585723836   0.699600618784   -0.592359876683
-0.5899873479   -0.703129210749   -0.396893237924
0.741474039208   -0.666390836256   0.0783549777261
-0.319579690371   -0.248057586755   0.914514218127
0.328735091309   -0.93047109447   0.161730584916
-0.289592421884   0.0636862333371   0.955028948708
-0.898926842924   -0.360787480435   -0.24852147801
0.736255619152   -0.354120619645   -0.576650890929
0.650959097919   0.137816688055   0.746497698142
-0.184878111478   -0.924989268714   0.331986350112
0.559139090845   0.103302646722   -0.822612934659
0.105757348879   -0.992988465006   -0.0528137437017
-0.822300954789   -0.057467134486   -0.566143681593
0.524227409715   0.844439709833   -0.110032719495
0.316315603977   -0.313055919484   -0.895511267353
-0.790651668931   0.434646485931   -0.431221950605
-0.0601371008498   -0.787140571503   0.613834871766
0.70427902238   -0.469244366781   -0.532729558857
0.707371605125   0.400274212183   0.582585587982
-0.791541790276   0.61109411468   0.0050573955492
0.0906746587531   0.109257511021   0.98986913405
0.604350643671   0.783981364121   -0.141892636189
-0.133129102099   -0.963122404859   -0.233820177558
0.485884825506   -0.269047974166   0.831582301363
-0.863824391018   -0.00290187107049   0.503784676848
0.975354365617   0.0459380822085   0.215809068563
-0.201566396196   -0.212334062401   0.956182636252
0.0897488127813   -0.976116764812   -0.197841381053
-0.411961306052   0.530983784429   0.740502601609
-0.854110649325   -0.508154547558   -0.110787880682
0.317463196333   -0.678111477907   0.662858915988
-0.77573291891   0.549529371441   -0.310251363322
0.620682319886   0.575600811546   -0.532388169974
-0.113981999897   -0.605558565021   -0.787595662779
-0.505763025376   0.84502888008   -0.173579820237
-0.618654116308   -0.215052208148   0.755658409697
0.601224456037   0.489569953737   0.631546050467
0.0444467263794   -0.159832875265   -0.986142961491
-0.702737885673   -0.706607998439   0.0828528851751
-0.710059119056   0.689317480213   -0.143727029189
-0.235761754054   0.529391655076   -0.81496065602
0.525690805477   0.774787470824   0.351217243443
0.817352783296   -0.345613730327   -0.460961578711
0.601948956694   -0.0759656706658   0.794912995501
0.796500999778   -0.0138796820626   -0.604477883615
0.0569527074764   0.997013827039   0.0521518724973
-0.290117864636   0.109665408634   0.950686658562
-0.029046675234   -0.993963793204   0.105793518032
0.956550006679   0.00307830292315   0.291552068718
-0.493636823998   0.347212328705   0.797349537398
-0.211142653384   0.841562673275   -0.497183112014
-0.843647714343   -0.41378238936   -0.34211499286
0.0626392857738   -0.30591522147   0.949995893228
0.900251306082   0.428228238941   0.0785376423805
-0.430840928621   0.850315501827   0.302224488714
