0.930920974808   0.136940897424   0.33857544104
0.330669319425   -0.70962382061   -0.622167047033
0.155061084268   0.69114486458   -0.705885852181
-0.153850813235   -0.987979536185   -0.0150453762405
-0.640846181614   0.111361019881   -0.759549139136
0.752094474636   -0.107215480833   -0.650275896748
-0.253118149663   -0.176009100332   0.951289650376
-0.953299262928   0.21285958554   -0.214269251515
-0.164777782519   -0.961099159007   -0.221667970044
-0.49276148983   -0.391231597017   -0.77725411008
0.703636629009   -0.704657048908   -0.0913998782308
-0.511939067133   -0.591942802067   0.622512739326
-0.731167788331   -0.613776442515   0.297778682785
0.534394757723   -0.786633858513   -0.309240061373
0.424047058975   -0.0669750046957   0.903160251849
-0.206245203571   0.895698281264   0.393938453245
0.420063854291   -0.282561529113   0.862383522908
0.883747290985   0.343341770262   -0.317973512216
-0.797882824287   -0.598824622632   0.0692247790721
-0.588693865253   0.749332188213   -0.303217421534
0.129701702845   -0.28268417543   -0.950403664366
-0.273329983713   0.138458784327   0.951903296058
0.742141939458   -0.599224397342   0.300258993749
0.611977174166   0.788517144184   0.0610299240303
-0.642120265729   0.0577167260278   0.764428115572
0.51985751198   -0.700071680189   0.489538364008
0.563409026888   0.711736202629   0.41952573972
0.531987640391   0.778049841487   -0.334107160405
-0.747032875403   0.245486091235   -0.617801312783
-0.39866155262   0.578251695348   0.711824376718
-0.337947364064   -0.534417769313   0.774718805093
0.824725595821   -0.564746726304   -0.0298131972051
0.453452611329   0.628855136714   0.631602680732
-0.773196740485   -0.279369714188   0.569314819144
-0.136743441207   -0.803172700082   -0.579840361763
0.61924795663   -0.526180745217   0.582808537663
-0.87918958111   -0.47589278788   0.0234890381251
0.405801319686   -0.773712111323   -0.486512957416
0.249701760925   -0.418205240565   0.873357548404
0.968566963555   0.219363266034   -0.117293625683
-0.181755323914   0.946013343025   0.268372422292
0.169832386015   -0.238617921232   0.956147712609
0.766330796874   0.53978197831   -0.348385599091
0.628296848009   -0.516505226047   0.581777811753
0.134090195555   -0.664723827885   -0.73495717705
0.485774457508   -0.634592751608   -0.601095014153
-0.261446317424   -0.76169121731   0.592851003692
-0.834067742776   -0.130837796829   -0.535922075849
0.116274389312   -0.775610886386   -0.62040955772
-0.983433300898   -0.177365121371   0.0374240084158
-0.139065484844   0.605779965533   -0.783384595383
-0.438407277561   -0.18044944851   -0.880475471273
0.102186445112   -0.983293098992   0.150640671499
-0.89294848083   -0.0239306917362   0.449522338239
-0.624344405213   -0.0725873586748   -0.777769335368
0.405215843934   0.821135363361   -0.401916452591
0.66782795951   -0.566098746155   -0.483257722233
0.0513874130864   -0.970699378056   0.234738261085
0.337561083805   -0.20433191299   -0.918858522317
0.939899914074   0.126456264277   0.317170245686
-0.375637921081   -0.502244609312   0.778875153451
-0.716971992335   0.690013311971   0.09916043319
-0.587237017271   -0.521183251573   -0.619290484205
-0.0649970660067   -0.972358454016   -0.224264170822
-0.944410536084   0.132522786264   -0.300876138062
0.322279569232   0.192241379585   -0.926919161109
-0.578465326369   0.268769351056   0.770156414062
-0.324052662132   -0.942176171339   0.0854045334033
0.748577142553   -0.200167674946   0.63211167016
-0.767090617228   0.107191811284   -0.632520276793
-0.569989137893   0.33860446308   0.748638364143
0.29442209096   0.9348031521   -0.198642138477
0.0165579283187   0.128140615876   0.991617777963
-0.0443371317081   -0.990684108991   0.12876030034
0.998879399008   -0.046097491849   -0.0107222890999
-0.499217394699   -0.150674676755   0.853275532648
-0.633785498291   -0.608006980019   -0.478166764219
0.590845102363   -0.779502824904   0.208032235437
0.78643685035   0.576288432303   -0.222280730621
-0.41340031132   0.223705783819   -0.882641436194
-0.458930564478   0.786032674308   0.414168289356
0.170313332626   -0.383603890778   0.907657106902
-0.89729342392   -0.441065860322   -0.0180393527612
0.407256528639   -0.81136241091   -0.419324645164
-0.0921517072034   0.992562889108   -0.079542278223
0.185806171832   -0.0613385516396   -0.980669999843
-0.978255656446   -0.105149860904   -0.178771858477
-0.994066567233   0.0773088567298   0.0765179755397
-0.108759522898   -0.695175288483   -0.710565045905
-0.00173956561116   -0.714671014491   0.699458587021
0.334242973499   0.89170218154   0.305202971977
-0.897204061523   0.201869565009   0.392776718644
0.28862866568   -0.405112204408   0.867512302615
0.0811416883521   -0.326461547555   0.941721234963
-0.439824119937   -0.859596031604   -0.26009499413
0.894410850746   -0.393087166438   -0.213334736152
0.382566405005   0.208546013485   0.900084166076
0.908751717944   0.0909128885745   -0.407314573548
-0.166773082046   0.973777904324   -0.154736331075
-0.853822889561   -0.242287583984   -0.46074201014
0.204438577851   -0.970039811764   0.131254072239
-0.478739324839   0.0178742899166   0.87777512417
-0.492797112028   0.427381155038   -0.757955377773
-0.735790099978   0.260327077482   0.625174168936
0.464503966777   0.865780088156   0.186174390828
-0.0914999747189   -0.66538943435   0.740867501839
-0.935103051861   0.31319718978   0.165800490693
-0.342359514293   -0.677616721287   -0.650865225684
0.208668267208   -0.934778257901   0.287484195768
-0.977772846265   -0.193261720667   0.0813029423312
-0.0204405324559   -0.298059584448   -0.954328386223
0.664807436208   -0.710948240794   -0.229311298618
-0.0184451852996   0.29125385351   -0.956467964939
0.746787016425   0.640096704981   0.180514155598
-0.882621840001   0.46380408349   -0.0765797603279
0.449713320234   0.880531261325   0.149741869339
0.136881763422   0.097726505961   -0.985754996373
-0.0476334289197   -0.605076244408   0.794741338363
0.998811726682   -0.0206447148144   0.0441466917433
-0.0103049061614   0.795899826739   0.605340627007
-0.0814291422702   -0.880736606184   0.466553668207
0.522626427807   -0.436322041855   -0.732451153831
0.848664192568   0.184190407784   0.495825555951
0.971099215648   0.235143487229   -0.0409127581809
-0.237041840294   0.970200258894   -0.0502257263979
0.0278833161254   0.0584721990011   0.997899555379
-0.511467857174   0.000763652795653   0.859302070236
-0.85921347816   -0.0148410880949   -0.511401936888
0.0123624442057   -0.999889573372   0.00824688030067
0.577009148848   -0.531277303332   0.620326421419
-0.758746278858   -0.0675976438224   0.647869310022
-0.302265655451   -0.84449688307   -0.442109135871
0.00593718640877   -0.0257959908039   0.999649596947
-0.915838722171   -0.401516141127   -0.00492172605807
0.401502409446   -0.915488588281   -0.026008843431
-0.856445723282   -0.471506541941   -0.210195870509
0.408576219906   -0.370226808439   -0.834264695909
0.315541115546   -0.800383465109   0.509725527299
0.406471754322   0.473428435883   -0.781438563827
0.89635472636   -0.0409398956698   0.441443234714
0.176999766866   -0.879880356094   -0.441000727311
0.472956927376   0.281020512785   -0.835068390158
-0.378759516383   0.920577639652   0.0952787390923
0.795520567677   0.271227359918   0.541832765377
0.690928731967   0.553054479123   0.465562273455
0.0482768453703   0.607263839641   -0.793032140121
-0.721309110953   0.570404568869   0.392876309123
-0.409517406931   0.904963493797   -0.115484060871
-0.079030776907   -0.161299665756   -0.983736018517
-0.90887272471   -0.393730228357   0.137574988846
0.885438611442   -0.24141714648   0.397135023328
-0.464524011081   -0.48672621015   0.739807434054
0.0146938251483   -0.83953282112   -0.543110240894
0.949726211285   0.0532455851014   0.308520714482
0.193401952329   0.675152858412   -0.71187379683
-0.246202779093   0.735753712492   0.630912566147
0.568708433018   -0.490520422915   0.660272998779
-0.621409163201   -0.782144912487   -0.0458256234047
0.53890757102   -0.384238273177   -0.749626293111
-0.490945466184   0.325827391958   0.807966001688
-0.756287636702   -0.619749174289   -0.209618633568
0.432436769718   -0.713966015731   0.550682275525
-0.807077110855   0.186096372123   0.560352279746
-0.343151112172   -0.920138845851   -0.188657940651
0.480493341628   -0.344547013683   0.80648217836
-0.0220982935142   -0.913470846242   -0.406303677671
-0.155951465004   0.40457761903   -0.90110825695
0.987517496547   0.0434506990191   -0.151397591684
0.911395712578   -0.322843557319   0.255205588873
-0.013179444689   -0.642716358901   -0.765990851276
0.411320018152   0.694757309784   -0.590023832713
-0.587580713861   -0.71908676224   -0.371029827735
0.750114522536   -0.656015748771   0.0834957510611
-0.303442099549   -0.229254369065   0.924859625287
0.348391700382   -0.925081494381   0.151153735843
-0.318322483455   0.0349082755192   0.947339542523
-0.881642795939   -0.378160866636   -0.282312485224
0.733830114064   -0.374299872278   -0.566915310522
0.654996102392   0.168472717469   0.736611871558
-0.180203966505   -0.911875292505   0.368795310945
0.588504417153   0.1381790695   -0.796598453264
0.0443930144738   -0.989323100713   -0.138813049322
-0.807274309796   0.0463286860192   -0.588355200194
0.53880353432   0.835362921442   -0.108901519202
0.308425469808   -0.315903309898   -0.897261850504
-0.783941631104   0.449859854039   -0.427857021382
-0.0396621418052   -0.785668847473   0.617374583715
0.685350280855   -0.471010575981   -0.555377376065
0.727132661238   0.401090388097   0.557139653531
-0.765083364613   0.64392717909   -0.00228762350931
0.0905613840461   0.111116612095   0.989672538892
0.637531239166   0.756974825569   -0.143328408009
-0.13581564117   -0.963177660864   -0.232040740444
0.489058095478   -0.268864609752   0.829779489304
-0.861612610667   -0.000784369224887   0.507565851791
0.973491677056   0.0433971520185   0.22456767777
-0.209679952182   -0.222888854077   0.952026720413
0.0913688806725   -0.973877428594   -0.207880931593
-0.414860426582   0.506576247708   0.755824934567
-0.849854065433   -0.512462813588   -0.123003789196
0.325021374563   -0.693370297855   0.643116425019
-0.794033619743   0.533005947676   -0.292258909973
0.599272920439   0.605794146115   -0.523340634158
-0.101894933855   -0.590692908603   -0.800436949535
-0.51067020228   0.83625167444   -0.199747544417
-0.633434088592   -0.20884618366   0.745080215131
0.581358065148   0.507017167922   0.636361840087
0.0588991429958   -0.175493739878   -0.982717069261
-0.665379198184   -0.740764203008   0.0924062669247
-0.744178347964   0.648436845657   -0.160400260646
-0.223820661866   0.527996083029   -0.81922185495
0.499030692962   0.784090512101   0.369012786113
0.837181389428   -0.32622416394   -0.438981908577
0.604156052816   -0.0903207618676   0.791730777362
0.794222257342   -0.0126151043935   -0.607496391004
0.0648573032753   0.995832826893   0.0641132676991
-0.278758539293   0.12095636156   0.95271361666
-0.0679933981765   -0.992033001146   0.10605386576
0.957951238099   -0.0352148155802   0.284761904383
-0.513835107755   0.321105023669   0.795528155261
-0.215455976103   0.849285609323   -0.481967505293
-0.83039280127   -0.419053120225   -0.367208766275
0.0611490983641   -0.337238160127   0.939431323261
0.899875508284   0.425832351759   0.0942914512905
-0.431838925249   0.839605402287   0.329511625121
