0.932150610627   0.107377919138   0.345782043475
0.31253728736   -0.720784482884   -0.618700390531
0.182799570892   0.684791728714   -0.70543929942
-0.142216188166   -0.988570974339   -0.0500198412328
-0.633929280172   0.129774591617   -0.762425224603
0.760202751616   -0.0767201672579   -0.645140133903
-0.271999881117   -0.20694885661   0.939780950765
-0.950965854439   0.20723671083   -0.229601588354
-0.147241326951   -0.956151199566   -0.25316965696
-0.499958492504   -0.417100982023   -0.758991618247
0.724479376312   -0.681610566995   -0.102648274509
-0.474522011157   -0.601193650795   0.642958050864
-0.735319579958   -0.608815435355   0.297739619473
0.536504853311   -0.791345840651   -0.293145531875
0.414086534078   -0.0558168984943   0.908524526988
-0.176126369591   0.899688546763   0.399424612108
0.431132556637   -0.294275310866   0.85295179232
0.884931760388   0.322432256819   -0.33605538118
-0.789659435988   -0.602717597276   0.114758324701
-0.608379060108   0.744969871568   -0.273669160992
0.0794537247482   -0.285921997038   -0.954953253952
-0.279277162781   0.131741416707   0.951130099131
0.756362085234   -0.580045062999   0.302430357125
0.591540921974   0.803860637184   0.0623491268271
-0.66489566079   0.0324501405321   0.746231029
0.514940148119   -0.703779959298   0.489418443405
0.541064140484   0.709676515935   0.451230360916
0.538949649584   0.775763693359   -0.328213295403
-0.734635941608   0.242252309139   -0.633737999503
-0.412120502415   0.582670156076   0.700465688458
-0.333202696457   -0.532871390748   0.777832915218
0.837890826206   -0.545635283622   -0.0148694527715
0.432336589284   0.646784522224   0.62829519764
-0.782513541436   -0.296670486365   0.54741134441
-0.0996207334724   -0.808205050403   -0.580413909176
0.614612289929   -0.508715263209   0.602876864747
-0.871793771145   -0.489491870901   0.0193217213386
0.421508402833   -0.769643737054   -0.479561450029
0.249612273204   -0.409934417115   0.877295552668
0.972049849578   0.183470522913   -0.146484323931
-0.142094818882   0.956440130195   0.255012430676
0.186890749857   -0.227070131401   0.95577769541
0.756941899043   0.548952166493   -0.354528532526
0.638349866521   -0.505063125654   0.580879236173
0.139815626397   -0.66600507356   -0.732726983677
0.493423668056   -0.630227431956   -0.599455142452
-0.278647416437   -0.767408642232   0.57744228555
-0.823947025673   -0.117887063913   -0.55426883283
0.109653356684   -0.790499643853   -0.602566556022
-0.986154909232   -0.162390926457   0.0335809767731
-0.124397091464   0.590541700537   -0.797361814713
-0.45276845416   -0.161463196012   -0.876886744826
0.0818523675531   -0.986840925521   0.139445966751
-0.887863118304   -0.00863852133538   0.460026585216
-0.601317115014   -0.0758325756266   -0.795403763924
0.424346611253   0.81318130459   -0.398329159595
0.677013796543   -0.577049032873   -0.45680053957
0.0765732624248   -0.970808958038   0.227302667108
0.359998244911   -0.185674354936   -0.914290051122
0.929805247964   0.151838733239   0.335271829932
-0.351821202828   -0.507098827694   0.786811680259
-0.723555473927   0.680600646514   0.115109669947
-0.593876516956   -0.528803875663   -0.606363870702
-0.0834744945334   -0.972411047535   -0.217827370627
-0.950338068505   0.143448036523   -0.276188733237
0.299815884022   0.183954927766   -0.936093489048
-0.575304237112   0.271260399526   0.771649421959
-0.325262775046   -0.941476975789   0.0884603370342
0.750485950522   -0.200097225637   0.629866603625
-0.759888531877   0.0985362955955   -0.642541841106
-0.578951949076   0.346902817311   0.737884188747
0.295607949457   0.932710584154   -0.206559692161
0.0247425330174   0.145028082763   0.989118123517
-0.0710531316759   -0.986663644012   0.146445573725
0.997165612894   -0.0739033747164   -0.0141078583278
-0.513101277383   -0.133555412556   0.847873829603
-0.632110677816   -0.609462315034   -0.478530853284
0.580657532578   -0.781484893219   0.228294090004
0.756031642066   0.61482968553   -0.224500810657
-0.425350023282   0.200808178703   -0.882470074881
-0.497487199723   0.762666724826   0.41333515814
0.185185324817   -0.35425271512   0.916630464965
-0.88673813112   -0.462271831266   0.000490751188024
0.423558593693   -0.812902065349   -0.399735349776
-0.107729202062   0.989589571859   -0.0954300701575
0.164855693395   -0.0768785750568   -0.983316980964
-0.980416758006   -0.12166414412   -0.154857407499
-0.918436026282   -0.0429899533315   0.393226562607
-0.245402493009   -0.71773519014   -0.651639327589
0.310246485963   -0.694987813381   0.648644014233
0.321407921565   0.900819760939   0.291925857465
-0.896384732727   0.190046203889   0.400470787101
0.305272597671   -0.39039236505   0.868563436038
0.0794988267053   -0.332439294125   0.939768084303
-0.419248796411   -0.866467460676   -0.271043513662
0.904383979989   -0.372448996927   -0.208257920444
0.388988422752   0.189858971527   0.901466348731
0.904926780584   0.104601501246   -0.412511875852
-0.172613813893   0.976223384717   -0.131119694882
-0.854682811904   -0.245535078062   -0.457416458467
0.214697866023   -0.969380792085   0.119187693412
-0.472675488428   0.00366133543276   0.881228958479
-0.474118537355   0.457387680499   -0.752335113008
-0.734035803197   0.266527273731   0.624623608249
0.486212969964   0.84838654049   0.209373412241
-0.0451448004754   -0.642618174463   0.764855430026
-0.93516096025   0.296454115684   0.193878662357
-0.351334492206   -0.706510324867   -0.614334791008
0.171351348287   -0.943837174758   0.282506819361
-0.984510879884   -0.153238622213   0.0851836372383
-0.0371085277419   -0.292727368395   -0.955475611913
0.666289753586   -0.706280366015   -0.239219582908
-0.0163800689924   0.306862000357   -0.951613054806
0.745513016389   0.637968461069   0.192890085479
-0.877803731531   0.472065851226   -0.0813292137965
0.460678434471   0.878468191645   0.126763623652
0.131285905276   0.0738069669759   -0.988593213967
-0.0570770223328   -0.605656045135   0.79367686656
0.997603606203   -0.00346015879921   0.0691018971667
-0.0391057337557   0.795719034768   0.604402150306
-0.0816172056194   -0.879400414667   0.46903469214
0.529549738895   -0.43694498958   -0.72708744324
0.844343357754   0.189034353397   0.50134848903
0.978156389731   0.204911822366   -0.0349459909464
-0.206461191889   0.977240048668   -0.0487407788575
0.024163060074   0.0548910952225   0.998199936983
-0.479951269292   0.0251408960817   0.876934840481
-0.877290545721   -0.0105157492921   -0.4798444721
-0.00284209308046   -0.999628608215   0.0271029176637
0.558351388887   -0.540440759239   0.629418392074
-0.76622515072   -0.0450993166452   0.640987574015
-0.318029471797   -0.840172504544   -0.43928056829
-0.0264862608062   -0.0132688310928   0.999561111744
-0.918606976386   -0.394064343695   -0.0295722160695
0.394283782222   -0.918987067999   -0.00175154982887
-0.853274948225   -0.474050377378   -0.217251242665
0.429104148389   -0.401585504549   -0.809072748504
0.296296291854   -0.78358491706   0.54607983408
0.351166678716   0.455704146276   -0.817933796115
0.919994778056   -0.00555269856414   0.3918912807
0.174044741689   -0.890113980682   -0.421195357625
0.406612045733   0.380079329544   -0.830786583617
-0.42615684587   0.883268920484   0.195515617856
0.808119413814   0.274546384716   0.521121190949
0.721477866081   0.521786552965   0.455201583806
0.0676444482727   0.601134455493   -0.796279847188
-0.68912547288   0.605290144942   0.398409240685
-0.407778333944   0.905107463216   -0.120404777297
-0.0618630736287   -0.158950025755   -0.985346563111
-0.910982870578   -0.394354370259   0.120809106321
0.886364708127   -0.241614677692   0.394942972732
-0.462579085687   -0.497980384865   0.733509458545
0.0194472021504   -0.832849256356   -0.553158135179
0.94304282256   0.080509241303   0.322782429638
0.191868342369   0.661008370943   -0.725433989236
-0.271766028073   0.746047046511   0.607912025196
0.567374192973   -0.469464363593   0.676527705615
-0.619180963701   -0.784839190481   -0.0253452022083
0.542864126038   -0.404512863084   -0.735980899386
-0.496253774404   0.310846720532   0.810621062966
-0.750874872993   -0.622363510928   -0.221021685301
0.435797104737   -0.718357833256   0.542257233149
-0.799834675019   0.167416983551   0.576399207369
-0.321461949887   -0.930456747978   -0.175819381519
0.506879381522   -0.325916850994   0.798029760615
-0.0338031643921   -0.912367629037   -0.407973841763
-0.164811646846   0.407707245764   -0.89811576248
0.985745640184   0.036879685969   -0.164150606523
0.91636209386   -0.315460622271   0.246505798581
-0.0142728195327   -0.641075517804   -0.767345076934
0.400095987933   0.699647608635   -0.591959816348
-0.589556786013   -0.702990259847   -0.397778192748
0.741332739393   -0.666461771686   0.0790852475748
-0.32070011782   -0.24826075292   0.914066755215
0.327247406878   -0.930951234099   0.161984364741
-0.288162744653   0.0649396144422   0.955376930363
-0.899928534544   -0.359322482187   -0.247014142326
0.735248440925   -0.354225578874   -0.57787020116
0.651403394504   0.133683967477   0.746861576511
-0.1873054931   -0.925555420335   0.329034673163
0.557307969982   0.10091102769   -0.824150951638
0.107114912475   -0.993030768622   -0.0491557534244
-0.823367610561   -0.0608839638974   -0.564233037689
0.523942645174   0.844717512577   -0.109253963377
0.314581509596   -0.311111681686   -0.896798748516
-0.791531792405   0.435501831758   -0.428737187736
-0.0611405653923   -0.788525313412   0.611955604086
0.703802740279   -0.468800811278   -0.533748538284
0.707759517095   0.398062343677   0.583629023017
-0.79337615514   0.608709843891   0.00515775196227
0.090946008896   0.110150237917   0.989745294787
0.601899576276   0.785709393502   -0.142750303124
-0.13328066287   -0.963024038376   -0.234138775974
0.486381528445   -0.269397637227   0.831178634136
-0.863521437888   -0.0031007364056   0.50430259938
0.975359228242   0.0466728102553   0.215629368746
-0.201291136315   -0.211827854717   0.956352883829
0.0903119832794   -0.976191891356   -0.197213429885
-0.411127659351   0.531673868671   0.740470759104
-0.853972627695   -0.508814029623   -0.108807326987
0.318911898279   -0.677075461548   0.66322245175
-0.775414999222   0.548769564131   -0.312383649484
0.621191569194   0.574113741388   -0.533398956047
-0.113369366864   -0.607655640502   -0.786067433
-0.506291946079   0.844646128698   -0.173900496293
-0.617941101132   -0.214680999128   0.756347052711
0.601512477732   0.490392685395   0.630632819669
0.0442458426747   -0.159585205704   -0.986192104778
-0.703237582449   -0.706126947842   0.0827141835685
-0.709576780932   0.689867592841   -0.143469496096
-0.235594101815   0.529120021023   -0.815185514188
0.526873857381   0.774372354007   0.350358952731
0.816639062009   -0.34695743356   -0.461217065706
0.602098835942   -0.076366476017   0.794761066672
0.796331446389   -0.0145406251893   -0.604685701593
0.0577340389141   0.996973786797   0.0520581328019
-0.288383692487   0.108814758172   0.951311828115
-0.0270802789598   -0.994051116999   0.105494242898
0.957131915882   0.00466102962   0.289614865647
-0.492274681509   0.349050665674   0.797389033495
-0.211129254771   0.840838420018   -0.498412669584
-0.844446609162   -0.413708090584   -0.340228658493
0.0635259304793   -0.304647691829   0.950344274471
0.901026339575   0.42694127628   0.0766334261318
-0.429087393836   0.851417013262   0.301617436464
