0.0	4.214684851089404e-08
1.67911565304	6.9701759941418185e-06
3.67911577225	1.4354773361522654e-05
5.67911577225	2.0492520870479313e-05
7.67911577225	2.750341817246997e-05
9.67911529541	3.783282136587489e-05
11.6791152954	5.1319719570877995e-05
13.6791152954	6.771169306181882e-05
15.6791152954	8.783496856999892e-05
17.6791152954	0.00011129447322644942
19.6791152954	0.00013677587481202355
21.6791152954	0.0001636590919978578
23.6791152954	0.00019153288273844837
25.6791152954	0.000220184500441146
27.6791152954	0.0002493552023382042
29.6791152954	0.0002789473467465387
31.6791152954	0.0003088445615356222
33.6791152954	0.00033899330508492314
35.6791152954	0.0003693118005411713
37.6791152954	0.00039981186034660556
39.6791152954	0.0004304208025933899
41.6791152954	0.0004611189543439477
43.6791152954	0.0004919693618600828
45.6791152954	0.0005229071902748421
47.6791152954	0.0005539330278735481
49.6791152954	0.0005850461633076466
51.6791152954	0.0006162563384957793
53.6791152954	0.0006475696484682657
55.6791152954	0.0006789816690683294
57.6791152954	0.0007104600837496703
59.6791152954	0.0007420678701740899
61.6791152954	0.0007737653010780052
63.6791152954	0.0008055182821978667
65.6791152954	0.0008373732913050335
67.6791152954	0.000869316039889677
69.6791152954	0.0009013590030228207
71.6791152954	0.0009334404263636014
73.6791152954	0.0009656028223112812
75.6791152954	0.0009978571583513216
77.6791152954	0.0010301496728893958
79.6791152954	0.0010625311957432678
81.6791152954	0.0010949545659816975
83.6791152954	0.0011273983963886655
85.6791152954	0.001159917412277241
87.6791152954	0.0011924641395953445
89.6791152954	0.0012250673707841482
91.6791152954	0.0012577191059937366
93.6791152954	0.0012903755693863062
95.6791152954	0.0013230803490552711
97.6791152954	0.001355818170389687
99.6791152954	0.0013885700076169316
101.679115295	0.0014213422756349627
103.679115295	0.0014541170202936817
105.679115295	0.0014869314763874982
107.679115295	0.001519776502801775
109.679115295	0.0015526426288770714
111.679115295	0.0015855019508829646
113.679115295	0.001618358977911126
115.679115295	0.0016512598154729725
117.679115295	0.0016841596818090486
119.0	0.0017058841141191037
119.0	0.0017058841141191037
134.074119568	0.001949825844127218
150.074119568	0.002207919389043723
166.074119568	0.002466127862166534
182.074119568	0.002724450519473092
198.074119568	0.0029828596222042456
214.074119568	0.003241364951068943
230.074119568	0.0034999375118478834
246.074119568	0.0037585432476940858
262.074111938	0.00401721253288557
278.074111938	0.004275914687612381
294.074111938	0.004534586582070176
310.074111938	0.004793263071296551
326.074111938	0.005051879738220596
342.074111938	0.005310398839743112
358.074111938	0.005568896437434471
374.074111938	0.005827260028008825
390.074127197	0.006085552866459991
406.074127197	0.006343686500535486
422.074127197	0.006601703063954962
438.074127197	0.0068595595214329
454.074127197	0.0071172605590515605
470.074127197	0.007374842879807384
486.074127197	0.007632216563716246
502.074127197	0.007889408604542495
518.074127197	0.008146392394280107
534.074127197	0.00840318950477806
550.074127197	0.008659801605033534
566.074127197	0.008916204338671407
582.074127197	0.009172364510946197
598.074127197	0.009428341697387285
614.074127197	0.009684076089490392
630.074127197	0.009939600265820438
646.07409668	0.010194923684246777
662.07409668	0.010449957394766271
678.07409668	0.010704793806925907
694.07409668	0.010959408474913255
710.07409668	0.011213757771270528
726.07409668	0.01146788819046839
742.07409668	0.011721775516331594
758.07409668	0.01197542390160178
774.07409668	0.012228790202769088
790.07409668	0.012481921341746244
806.07409668	0.012734795290146839
822.07409668	0.012987416036796567
838.07409668	0.013239789228394758
854.07409668	0.013491897823920372
870.07409668	0.013743755563387467
886.07409668	0.013995324135321958
902.07409668	0.014246634875055684
918.07409668	0.01449769579817916
934.07409668	0.014748522262195526
950.07409668	0.014999025694594822
966.07409668	0.015249270173566807
982.07409668	0.015499291849123985
998.07409668	0.015748999559826577
1014.07409668	0.015998436452833362
1030.07409668	0.01624759557258451
1046.07409668	0.01649652451325731
1062.07409668	0.016745148894681983
1078.07409668	0.016993499140317773
1094.07409668	0.017241573051478498
1110.07409668	0.017489350842122314
1126.07409668	0.01773689784188132
1142.07409668	0.01798410580439658
1158.07409668	0.018231097182772205
1174.07409668	0.01847774724785746
1190.07409668	0.0187241401858388
1206.07409668	0.01897025502291249
1222.07409668	0.019216057446761477
1238.07409668	0.019461581447323777
1254.07409668	0.019706846429892094
1270.07409668	0.0199518106796316
1286.07409668	0.020196477977498517
1302.07409668	0.020440842863415593
1318.07409668	0.02068494929835656
1334.07409668	0.020928741877977188
1350.07409668	0.021172227679351806
1366.07409668	0.021415447457897575
1382.07409668	0.021658357276824518
1398.07409668	0.0219009693020387
1414.07409668	0.02214328970717562
1430.07409668	0.02238530096997195
1446.07409668	0.022627018798146766
1462.07409668	0.02286846160320818
1478.07409668	0.023109588116877727
1494.07409668	0.023350416405587646
1510.07409668	0.02359093070563203
1526.07409668	0.023831185398994148
1542.07409668	0.02407110444508601
1558.07409668	0.024310736469800195
1574.07409668	0.02455007580626672
1590.07409668	0.02478910777560789
1606.07409668	0.025027842672789274
1622.07409668	0.025266271015234727
1638.07409668	0.025504416765078728
1654.07409668	0.025742242560220414
1670.07409668	0.02597981951972146
1686.07409668	0.026217086046196228
1702.07409668	0.026454048244008422
1718.07409668	0.026690725275065684
1734.07409668	0.026927108542593073
1750.07409668	0.02716319187142123
1766.07409668	0.027399006368369307
1782.07409668	0.027634523821568915
1798.07409668	0.027869771232553076
1814.07409668	0.028104739367816396
1830.07409668	0.02833940453896163
1846.07409668	0.028573808071261197
1862.07409668	0.02880794150524822
1878.07409668	0.029041786574054713
1894.07409668	0.029275375396475137
1910.07409668	0.029508721006317358
1926.07409668	0.029741749036559982
1942.07409668	0.029974539187252496
1958.07409668	0.030207079134301578
1974.07409668	0.030439355769204618
1990.07409668	0.030671384498483948
2006.07409668	0.03090316473126254
2022.07409668	0.031134700249643182
2038.07409668	0.03136598608577703
2054.07409668	0.03159703754718831
2070.07409668	0.03182783718296495
2086.07409668	0.0320584296052902
2102.07409668	0.03228876212772283
2118.07409668	0.032518877746059445
2134.07409668	0.032748773049878485
2150.07409668	0.032978452628230674
2166.07409668	0.0332079272488531
2182.07421875	0.03343714948160126
2198.07421875	0.03366620620472615
2214.07421875	0.033895036095118417
2230.07421875	0.03412365707228015
2246.07421875	0.034352099203788136
2262.07421875	0.034580326851056
2278.07421875	0.03480836813210452
2294.07421875	0.035036206799920554
2310.07421875	0.035263861705364344
2326.07421875	0.03549132239507906
2342.07421875	0.03571862467876276
2358.07421875	0.03594573185024334
2374.07421875	0.03617267062222601
2390.07421875	0.03639941407052401
2406.07421875	0.03662600962719229
2422.07421875	0.036852414488359936
2438.07421875	0.037078673915587064
2454.07421875	0.03730472173437881
2470.07421875	0.03753064090267713
2486.07421875	0.037756405883170405
2502.07421875	0.037982001593700174
2518.07421875	0.03820745648670599
2534.07421875	0.03843269234730945
2550.07421875	0.038657845279544405
2566.07421875	0.03888280381999526
2582.07421875	0.03910762168324114
2598.07421875	0.039332286953769446
2614.07421875	0.03955679504015013
2630.07421875	0.0397811921207451
2646.07421875	0.04000542139034605
2662.07421875	0.040229496915414366
2678.07421875	0.040453428401275325
2694.07421875	0.04067726382499537
2710.07421875	0.04090094367144411
2726.07421875	0.041124467926760354
2742.07421875	0.04134785849879307
2758.07421875	0.041571138465811765
2774.07421875	0.04179428617996497
2790.07421875	0.042017305092356225
2806.07421875	0.04224018193304161
2822.07421875	0.04246295411067845
2838.07421875	0.04268560552775351
2854.07421875	0.042908138014732575
2870.07421875	0.043130545229082176
2886.07421875	0.04335286503995896
2902.07421875	0.04357503849903752
2918.07421875	0.043797143723113996
2934.07421875	0.044019125838818576
2950.07421875	0.04424101675201771
2966.07421875	0.04446280735523522
2982.07421875	0.04468450287075232
2998.07421875	0.04490608704456742
3014.07421875	0.045127593820055684
3030.07421875	0.0453489982512772
3046.07421875	0.04557032285383978
3062.07421875	0.04579157808975386
3078.07421875	0.046012776599922395
3094.07421875	0.04623385356804127
3110.07421875	0.04645489823244272
3126.07421875	0.04667587949735816
3142.07421875	0.04689674002676299
3158.07421875	0.04711758704275648
3174.07421875	0.047338334597252715
3190.07421875	0.04755904908689975
3206.07421875	0.047779711992833096
3222.07421875	0.048000368448629385
3238.07421875	0.048220926670144104
3254.07421875	0.04844143782958925
3270.07421875	0.04866192115700996
3286.07421875	0.04888239193896163
3302.07421875	0.049102827407574406
3318.07421875	0.04932320901949452
3334.07421875	0.04954357047156479
3350.07421875	0.0497639090580615
3366.07421875	0.049984261244445785
3382.07421875	0.050204560463910454
3398.07421875	0.05042487434167822
3414.07421875	0.050645147891852545
3430.07421875	0.05086546060293742
3446.07421875	0.05108572015638129
3462.07421875	0.051306014838655725
3478.07421875	0.05152630627172598
3494.07421875	0.05174658980776985
3510.07421875	0.05196691187224816
3526.07421875	0.05218723446859583
3542.07421875	0.052407586408343865
3558.07421875	0.05262795621625048
3574.07421875	0.05284832014168245
3590.07421875	0.053068723945700974
3606.07421875	0.053289176986664355
3622.07421875	0.053509666474977555
3638.07421875	0.05373014830259879
3654.07421875	0.05395068946357585
3670.07421875	0.054171321806621535
3686.07421875	0.05439194896692782
3702.07421875	0.05461261724150203
3718.07421875	0.05483336339478657
3734.07421875	0.05505416336733774
3750.07421875	0.05527502933283049
3766.07421875	0.05549592740596907
3782.07421875	0.0557169163215295
3798.07421875	0.05593795717889012
3814.07421875	0.05615905174917989
3830.07421875	0.05638025772457113
3846.07421875	0.05660149481535848
3862.07421875	0.05682287317882603
3878.07421875	0.05704426873740831
3894.07421875	0.05726578984043301
3910.07421875	0.05748738106703907
3926.07421875	0.05770909418357619
3942.07421875	0.057930866753000985
3958.07421875	0.058152742013757454
3974.07421875	0.05837472658666686
3990.07421875	0.05859677943129036
4006.07421875	0.05881897338887708
4022.07421875	0.05904127177197186
4038.07421875	0.05926366664399118
4054.07421875	0.059486193145443095
4070.07421875	0.059708812503735546
4086.07421875	0.059931554969877336
4102.07421875	0.06015442908143835
4118.07421875	0.060377432184897634
4134.07421875	0.06060054064860297
4150.07421875	0.060823794632934775
4166.07421875	0.06104717721014513
4182.07421875	0.061270720386083596
4198.07421875	0.061494347043986534
4214.07421875	0.061718163777388126
4230.07421875	0.061942136057408004
4246.07421875	0.06216621834636587
4262.07421875	0.062390470882522774
4278.07421875	0.06261489573946866
4294.07421875	0.06283944612148815
4310.07421875	0.06306420893676275
4326.07421875	0.06328908182265015
4342.07421875	0.06351416573550207
4358.07421875	0.06373940007764439
4374.07421875	0.06396482294341874
4390.07421875	0.06419041736667233
4406.07421875	0.06441619776482663
4422.07421875	0.06464217929418715
4438.07421875	0.06486833783575989
4454.07421875	0.06509470274082386
4470.07421875	0.06532125379133055
4486.07421875	0.06554801370144742
4502.07421875	0.06577499138840597
4518.07421875	0.06600215708869904
4534.07421875	0.06622954786885918
4550.07421875	0.06645715531786525
4566.07421875	0.06668499895520753
4582.07421875	0.06691308239909925
4598.07421875	0.06714136361487359
4614.07421875	0.06736991177099697
4630.07421875	0.0675986618110261
4646.07421875	0.06782767711702922
4662.07421875	0.0680569490638328
4678.07421875	0.06828646062161482
4694.07421875	0.0685162431187312
4710.07421875	0.0687462553320697
4726.07421875	0.06897654027867868
4742.07421875	0.06920711655709579
4758.07421875	0.06943794977580403
4774.07421875	0.06966906485295263
4790.07421875	0.06990048136472836
4806.07421875	0.07013215946414508
4822.07421875	0.07036412978387782
4838.07421875	0.0705963799062859
4854.07421875	0.07082895239647241
4870.07421875	0.07106179882857316
4886.07421875	0.07129496348333536
4902.07421875	0.07152845218368364
4918.07421875	0.07176222889391304
4934.07421875	0.07199635277489111
4950.07421875	0.07223076959629758
4966.07421875	0.07246551664074483
4982.07421875	0.07270061099794536
4998.07421875	0.07293601308699116
5014.07421875	0.07317177818424782
5030.07421875	0.07340787711998109
5046.07421875	0.07364431957375953
5062.07421875	0.073881106186932
5078.07421875	0.07411823843777521
5094.07421875	0.07435572016799369
5110.07421875	0.07459358840252145
5126.07421875	0.07483181433923161
5142.07421875	0.07507036977793073
5158.07421875	0.07530934350975585
5174.07421875	0.07554866065717644
5190.07421875	0.07578838132127515
5206.07421875	0.07602845485562686
5222.07421875	0.07626892549837935
5238.07421875	0.07650975917048453
5254.07421875	0.07675099033191522
5270.07421875	0.07699261934185288
5286.07421875	0.07723461675247736
5302.07421875	0.07747704497051777
5318.07421875	0.07771985682089631
5334.07421875	0.07796306513462015
5350.07421875	0.07820668331727854
5366.07421875	0.0784507024302451
5382.07421875	0.07869515231436039
5398.07421875	0.07894000258015399
5414.07421875	0.07918523962316935
5430.07421875	0.0794309084325841
5446.07421875	0.07967702708948418
5462.07421875	0.07992351635118936
5469.0	0.08003035261630327
