0.0	6.677316576960141e-07
1.67911565304	7.385952439239507e-06
3.67911577225	1.5513783372337422e-05
5.67911577225	2.1915806577429825e-05
7.67911577225	2.740604138327322e-05
9.67911529541	3.5607759451828234e-05
11.6791152954	4.8294097647219854e-05
13.6791152954	6.401400992787368e-05
15.6791152954	8.141048517721678e-05
17.6791152954	9.965094305975999e-05
19.6791152954	0.00011860669410917312
21.6791152954	0.00013754892386550594
23.6791152954	0.00015740243414054893
25.6791152954	0.0001774719591757898
27.6791152954	0.00019804359015903318
29.6791152954	0.00021898420863115413
31.6791152954	0.00024017270903347565
33.6791152954	0.0002616180639886989
35.6791152954	0.0002832144553492701
37.6791152954	0.00030489643213445634
39.6791152954	0.00032692318494680696
41.6791152954	0.00034905736003703594
43.6791152954	0.0003713672970089997
45.6791152954	0.0003934686280000686
47.6791152954	0.0004158180744419941
49.6791152954	0.00043792255893186454
51.6791152954	0.0004602973052904643
53.6791152954	0.0004826429973030317
55.6791152954	0.0005052849879287114
57.6791152954	0.0005275540552766645
59.6791152954	0.0005501255634548589
61.6791152954	0.0005721560470299202
63.6791152954	0.0005946936192340457
65.6791152954	0.000616993086266813
67.6791152954	0.0006394327047854962
69.6791152954	0.0006618580706339649
71.6791152954	0.0006840334131346307
73.6791152954	0.0007063792220934353
75.6791152954	0.0007284335562266775
77.6791152954	0.0007510754837552472
79.6791152954	0.0007732653531828523
81.6791152954	0.0007955210124224298
83.6791152954	0.0008174217123322622
85.6791152954	0.0008396301183897426
87.6791152954	0.000861689751173469
89.6791152954	0.0008838116133354424
91.6791152954	0.0009058428860334031
93.6791152954	0.0009279001741574178
95.6791152954	0.0009499091283402808
97.6791152954	0.0009717831926739888
99.6791152954	0.0009939548668514997
101.679115295	0.0010158606350116005
103.679115295	0.0010376693621881152
105.679115295	0.0010594300380760064
107.679115295	0.0010814690891231507
109.679115295	0.0011032871909183834
111.679115295	0.0011249358468317823
113.679115295	0.0011468767353723522
115.679115295	0.0011685746034914505
117.679115295	0.001190207418039048
119.0	0.001204739937712363
119.0	0.001204739937712363
134.074119568	0.0013644466364623991
150.074119568	0.0015328229260756535
166.074119568	0.0016998365083392504
182.074119568	0.001866143616577081
198.074119568	0.002031583416672101
214.074119568	0.002196424482330749
230.074119568	0.0023603919509831922
246.074119568	0.002524059745137484
262.074111938	0.002686803262185593
278.074111938	0.002849106159846866
294.074111938	0.003010736762228619
310.074111938	0.003172185762217453
326.074111938	0.00333313727556555
342.074111938	0.003493485131856022
358.074111938	0.003653477736489015
374.074111938	0.003813001751200642
390.074127197	0.003972184809441134
406.074127197	0.004130777485279937
422.074127197	0.0042888684246702976
438.074127197	0.004446853492112362
454.074127197	0.004604238719577183
470.074127197	0.004761293201356761
486.074127197	0.004917925648518455
502.074127197	0.0050740985069507956
518.074127197	0.005229853227593803
534.074127197	0.005385366721164603
550.074127197	0.00554026233095749
566.074127197	0.005694781731871337
582.074127197	0.005849080047986429
598.074127197	0.006002984766931375
614.074127197	0.00615618930409584
630.074127197	0.006309308572042158
646.07409668	0.00646174715478841
662.07409668	0.006614005761937389
678.07409668	0.0067657038625049985
694.07409668	0.006917093858128287
710.07409668	0.0070681014403016496
726.07409668	0.007218659319246644
742.07409668	0.007368647275508221
758.07409668	0.007518566229360767
774.07409668	0.007667990750671385
790.07409668	0.007816592358465426
806.07409668	0.007965476758565612
822.07409668	0.008113648922020671
838.07409668	0.008261492710069382
854.07409668	0.008408676736443108
870.07409668	0.008555798760357194
886.07409668	0.008702058186320975
902.07409668	0.008848232523253884
918.07409668	0.008994061486024269
934.07409668	0.009139226839151937
950.07409668	0.009284279874352128
966.07409668	0.00942859892223006
982.07409668	0.00957279605579443
998.07409668	0.009716587208845063
1014.07409668	0.009859572652731446
1030.07409668	0.010002577804087611
1046.07409668	0.010145097032067453
1062.07409668	0.010287106113517267
1078.07409668	0.010428750988104312
1094.07409668	0.010569925291750075
1110.07409668	0.010710765377031245
1126.07409668	0.010851249363167743
1142.07409668	0.010991032398397854
1158.07409668	0.011130810931001512
1174.07409668	0.011270039189477065
1190.07409668	0.011409029758002023
1206.07409668	0.011547422717740527
1222.07409668	0.011685612935930737
1238.07409668	0.011823193529945712
1254.07409668	0.011960213298847777
1270.07409668	0.01209715612099192
1286.07409668	0.012233857029422132
1302.07409668	0.012369906298269989
1318.07409668	0.012505860308498092
1334.07409668	0.012641288317269135
1350.07409668	0.012776112848702979
1366.07409668	0.012911152789335384
1382.07409668	0.013045229752049773
1398.07409668	0.013179289020246628
1414.07409668	0.013313220122822083
1430.07409668	0.013446619882372335
1446.07409668	0.013579557846019096
1462.07409668	0.0137123583747836
1478.07409668	0.013844709417403097
1494.07409668	0.013976787190542468
1510.07409668	0.014108615460182564
1526.07409668	0.014240528742899002
1542.07409668	0.014371922962142836
1558.07409668	0.0145030834282569
1574.07409668	0.014633616502778064
1590.07409668	0.014764627625892177
1606.07409668	0.014894866991128235
1622.07409668	0.015024918806758944
1638.07409668	0.015155245018538096
1654.07409668	0.015285082560507125
1670.07409668	0.015414717682758733
1686.07409668	0.015544688515166188
1702.07409668	0.015673817085155813
1718.07409668	0.015803556416529817
1734.07409668	0.01593274506549635
1750.07409668	0.01606213179802952
1766.07409668	0.016191513347744328
1782.07409668	0.01632067107020656
1798.07409668	0.016450579012636753
1814.07409668	0.016579503679835815
1830.07409668	0.016709186428324304
1846.07409668	0.01683932377310304
1862.07409668	0.016968767094090145
1878.07409668	0.01709904384812801
1894.07409668	0.01722900700379821
1910.07409668	0.01735974550107603
1926.07409668	0.01749058277246869
1942.07409668	0.01762113645931772
1958.07409668	0.01775304233672291
1974.07409668	0.017884737962726636
1990.07409668	0.01801674938124119
2006.07409668	0.018149227474180445
2022.07409668	0.018281916374102973
2038.07409668	0.018415102318115238
2054.07409668	0.018548565470937382
2070.07409668	0.018682443377251428
2086.07409668	0.018816588002782877
2102.07409668	0.018951341735632156
2118.07409668	0.01908607052025593
2134.07409668	0.019221342848647814
2150.07409668	0.019356798934120026
2166.07409668	0.019492706535483916
2182.07421875	0.01962896703957212
2198.07421875	0.019765289292713588
2214.07421875	0.01990198136532697
2230.07421875	0.02003892073182295
2246.07421875	0.02017611228679383
2262.07421875	0.020313319145695452
2278.07421875	0.020451126475566392
2294.07421875	0.02058895797772461
2310.07421875	0.020726858465833123
2326.07421875	0.020865283169530492
2342.07421875	0.02100356245695915
2358.07421875	0.021142123896879444
2374.07421875	0.021280702159559454
2390.07421875	0.021419772817347405
2406.07421875	0.021558767156759546
2422.07421875	0.02169789622881843
2438.07421875	0.021837498028851106
2454.07421875	0.021976603011355254
2470.07421875	0.022116238406026615
2486.07421875	0.022256054238844684
2502.07421875	0.0223958001809694
2518.07421875	0.02253587794322298
2534.07421875	0.022675814020974985
2550.07421875	0.0228158088492875
2566.07421875	0.022956318014456488
2582.07421875	0.02309655849658138
2598.07421875	0.02323713765035746
2614.07421875	0.023377484435151932
2630.07421875	0.023518416597724814
2646.07421875	0.023659094593988014
2662.07421875	0.023799774145777636
2678.07421875	0.02394066632903654
2694.07421875	0.024081535577267863
2710.07421875	0.024222584958453527
2726.07421875	0.024363640950190595
2742.07421875	0.024504887420173378
2758.07421875	0.024646007224165482
2774.07421875	0.024787471724867487
2790.07421875	0.02492877485165096
2806.07421875	0.025070275241404098
2822.07421875	0.025211602941496818
2838.07421875	0.025353100688233973
2854.07421875	0.025494686142810224
2870.07421875	0.025636357773077694
2886.07421875	0.025777978954747708
2902.07421875	0.025919732627166365
2918.07421875	0.02606137921309076
2934.07421875	0.026203157935252835
2950.07421875	0.026345027714968397
2966.07421875	0.026486753569941703
2982.07421875	0.026628693596381574
2998.07421875	0.026770644095288954
3014.07421875	0.02691248267782124
3030.07421875	0.027054436421400263
3046.07421875	0.027196549174445812
3062.07421875	0.02733839671678752
3078.07421875	0.027480326637854168
3094.07421875	0.02762234128550457
3110.07421875	0.027764287797686985
3126.07421875	0.02790656908219411
3142.07421875	0.02804856768698119
3158.07421875	0.02819050434351038
3174.07421875	0.02833245868689064
3190.07421875	0.02847470990773406
3206.07421875	0.028616741676164646
3222.07421875	0.02875866070610067
3238.07421875	0.028900689153787858
3254.07421875	0.02904270392122691
3270.07421875	0.029184662681451392
3286.07421875	0.029326700170723703
3302.07421875	0.029468691798619665
3318.07421875	0.029610748006121086
3334.07421875	0.029752668593083596
3350.07421875	0.029894554528476804
3366.07421875	0.03003628019923607
3382.07421875	0.030178317897018456
3398.07421875	0.0303202072480409
3414.07421875	0.030462008600524195
3430.07421875	0.030603828547708486
3446.07421875	0.03074553094317501
3462.07421875	0.030887239143737404
3478.07421875	0.03102889840337459
3494.07421875	0.031170515206438914
3510.07421875	0.03131181044149063
3526.07421875	0.03145333438512639
3542.07421875	0.03159492112594558
3558.07421875	0.0317363711400789
3574.07421875	0.03187752399842481
3590.07421875	0.03201880284558123
3606.07421875	0.032159971499212334
3622.07421875	0.032301033100860924
3638.07421875	0.03244204746337943
3654.07421875	0.03258293198115124
3670.07421875	0.03272370089573219
3686.07421875	0.03286466213658511
3702.07421875	0.03300528963644242
3718.07421875	0.03314583166434331
3734.07421875	0.033286403334477056
3750.07421875	0.033427068769434506
3766.07421875	0.03356738907463645
3782.07421875	0.03370738171897514
3798.07421875	0.03384772173012735
3814.07421875	0.033987540428848266
3830.07421875	0.03412736798368799
3846.07421875	0.03426726602857346
3862.07421875	0.034406587691990294
3878.07421875	0.034546536279300905
3894.07421875	0.03468597923717734
3910.07421875	0.03482526643696275
3926.07421875	0.03496405069521709
3942.07421875	0.03510303608712187
3958.07421875	0.0352418648659902
3974.07421875	0.035380857316652206
3990.07421875	0.03551940755244176
4006.07421875	0.03565789161453151
4022.07421875	0.03579630057286091
4038.07421875	0.035934244469852876
4054.07421875	0.03607207656775314
4070.07421875	0.03621018774615013
4086.07421875	0.036347728330857684
4102.07421875	0.036485161979587316
4118.07421875	0.03662238608817577
4134.07421875	0.0367596918788604
4150.07421875	0.03689659888361214
4166.07421875	0.03703347241633419
4182.07421875	0.03717008953627455
4198.07421875	0.03730665874975247
4214.07421875	0.0374426282124981
4230.07421875	0.03757890146570809
4246.07421875	0.037714763170859915
4262.07421875	0.03785045235096
4278.07421875	0.037985843263425245
4294.07421875	0.0381210331932834
4310.07421875	0.03825622115737463
4326.07421875	0.0383913425665953
4342.07421875	0.038525866615008564
4358.07421875	0.03866028049810456
4374.07421875	0.03879454560384404
4390.07421875	0.038928701693513985
4406.07421875	0.039062688339540845
4422.07421875	0.039196147979507996
4438.07421875	0.03932967013294962
4454.07421875	0.03946266173280617
4470.07421875	0.03959590971260049
4486.07421875	0.03972853826913081
4502.07421875	0.039861137070654126
4518.07421875	0.03999350341541127
4534.07421875	0.04012579084296179
4550.07421875	0.04025747191306912
4566.07421875	0.040389096068481734
4582.07421875	0.040520496709768566
4598.07421875	0.04065197385622944
4614.07421875	0.040783043985767584
4630.07421875	0.04091366461533266
4646.07421875	0.041044317192426794
4662.07421875	0.04117461450379652
4678.07421875	0.04130492334040067
4694.07421875	0.04143477282226203
4710.07421875	0.04156435281637997
4726.07421875	0.0416937434514026
4742.07421875	0.04182280158544142
4758.07421875	0.04195185847468148
4774.07421875	0.0420805925582355
4790.07421875	0.04220922424317927
4806.07421875	0.042337414036884284
4822.07421875	0.04246574600217064
4838.07421875	0.04259359420110842
4854.07421875	0.042721185052519886
4870.07421875	0.04284860360160071
4886.07421875	0.04297565822284189
4902.07421875	0.04310271017392683
4918.07421875	0.04322958028512353
4934.07421875	0.04335609882910102
4950.07421875	0.043482470419017316
4966.07421875	0.04360858033499417
4982.07421875	0.04373429730343935
4998.07421875	0.04385999846643472
5014.07421875	0.043985484513205
5030.07421875	0.04411068648806974
5046.07421875	0.04423593972983338
5062.07421875	0.04436076085132385
5078.07421875	0.04448537588485996
5094.07421875	0.044609825076029605
5110.07421875	0.0447343109645319
5126.07421875	0.04485832413881103
5142.07421875	0.04498218168784553
5158.07421875	0.04510581960106413
5174.07421875	0.045229194901948336
5190.07421875	0.045352321573352825
5206.07421875	0.04547551866286649
5222.07421875	0.045598424585054
5238.07421875	0.0457211001392076
5254.07421875	0.04584352908010589
5270.07421875	0.0459658980823534
5286.07421875	0.046088041370396814
5302.07421875	0.04621017600997907
5318.07421875	0.04633185568396613
5334.07421875	0.046453469715738306
5350.07421875	0.04657478040289075
5366.07421875	0.04669619596593176
5382.07421875	0.04681712282966584
5398.07421875	0.0469381655415519
5414.07421875	0.04705896847827043
5430.07421875	0.04717947269100636
5446.07421875	0.04730000864080743
5462.07421875	0.04742044740232848
5469.0	0.047472478882952786
