0.0	0.0
1.67911565304	8.612001566881544e-06
3.67911577225	1.7245327146675366e-05
5.67911577225	2.1930473186203465e-05
7.67911577225	2.1103504215331018e-05
9.67911529541	1.9552569705939442e-05
11.6791152954	3.0763851838909405e-05
13.6791152954	4.6655689094887136e-05
15.6791152954	6.51734399763427e-05
17.6791152954	8.512881040161924e-05
19.6791152954	0.0001059165223540541
21.6791152954	0.0001272534935828656
23.6791152954	0.00014898371819679727
25.6791152954	0.00017101778128124177
27.6791152954	0.00019329671225964195
29.6791152954	0.00021578783946895713
31.6791152954	0.00023847502216802917
33.6791152954	0.00026131883197801363
35.6791152954	0.0002843061141914485
37.6791152954	0.00030740239790684714
39.6791152954	0.0003305835099780982
41.6791152954	0.0003538235515843124
43.6791152954	0.00037709465837071907
45.6791152954	0.00040038896949221925
47.6791152954	0.0004236852781038679
49.6791152954	0.00044698271741046823
51.6791152954	0.0004702619351850205
53.6791152954	0.0004935309403769236
55.6791152954	0.0005167806275236034
57.6791152954	0.0005400044416346495
59.6791152954	0.0005632105498898287
61.6791152954	0.0005863902237005892
63.6791152954	0.0006095378651167259
65.6791152954	0.0006326651617735632
67.6791152954	0.0006557610442736451
69.6791152954	0.0006788248455392104
71.6791152954	0.0007018621097580585
73.6791152954	0.0007248684977726896
75.6791152954	0.0007478387916595049
77.6791152954	0.0007707813963750176
79.6791152954	0.0007936906959173688
81.6791152954	0.0008165679922483639
83.6791152954	0.0008394164306176849
85.6791152954	0.000862238366018822
87.6791152954	0.0008850200595267191
89.6791152954	0.0009077756937309909
91.6791152954	0.0009305008735027766
93.6791152954	0.0009532008031881145
95.6791152954	0.0009758696767879962
97.6791152954	0.000998504480400073
99.6791152954	0.0010211170308073467
101.679115295	0.0010436997942138765
103.679115295	0.0010662580259748976
105.679115295	0.0010887909037899876
107.679115295	0.0011113013718086788
109.679115295	0.0011337814187655003
111.679115295	0.0011562418101707787
113.679115295	0.00117867685394074
115.679115295	0.0012010849755156535
117.679115295	0.0012234743235514313
119.0	0.0012382457831900365
119.0	0.0012382457831900365
134.074119568	0.0014031683821313402
150.074119568	0.0015763413543146306
166.074119568	0.001748580212583022
182.074119568	0.001919978620507962
198.074119568	0.002090599019856652
214.074119568	0.0022604984473687494
230.074119568	0.0024297130820521823
246.074119568	0.0025982829947373727
262.074111938	0.0027662307207290803
278.074111938	0.002933594698058581
294.074111938	0.003100392183002336
310.074111938	0.0032666514758268924
326.074111938	0.0034323855609764914
342.074111938	0.00359762999517565
358.074111938	0.0037623945603569957
374.074111938	0.0039267001111092876
390.074127197	0.004090560243282094
406.074127197	0.004253995023087949
422.074127197	0.004417013711645523
438.074127197	0.004579632724581026
454.074127197	0.004741863870607372
470.074127197	0.0049037193943214236
486.074127197	0.00506521367913058
502.074127197	0.0052263544103513275
518.074127197	0.0053871538028762225
534.074127197	0.005547614314074804
550.074127197	0.005707751150795543
566.074127197	0.0058675749941446914
582.074127197	0.006027089389573106
598.074127197	0.006186304191217258
614.074127197	0.006345225136023689
630.074127197	0.006503855455590738
646.07409668	0.0066622074923602575
662.07409668	0.006820288958626114
678.07409668	0.006978094929782179
694.07409668	0.007135646974856495
710.07409668	0.0072929301121997265
726.07409668	0.007449966028443974
742.07409668	0.007606750696472372
758.07409668	0.007763291892074136
774.07409668	0.007919594663592055
790.07409668	0.008075653525223764
806.07409668	0.008231482500268675
822.07409668	0.008387082874694866
838.07409668	0.008542455195358397
854.07409668	0.008697600248706654
870.07409668	0.008852526637126528
886.07409668	0.009007231198124481
902.07409668	0.009161728429330874
918.07409668	0.00931600565156476
934.07409668	0.009470073690025314
950.07409668	0.009623930849659268
966.07409668	0.00977758765983029
982.07409668	0.009931039272320537
998.07409668	0.010084296688997458
1014.07409668	0.010237354231343278
1030.07409668	0.010390216519725427
1046.07409668	0.010542891302356368
1062.07409668	0.010695375607713997
1078.07409668	0.010847677919761848
1094.07409668	0.01099979990428058
1110.07409668	0.011151738155132635
1126.07409668	0.011303507706201029
1142.07409668	0.011455100158525204
1158.07409668	0.011606529867983172
1174.07409668	0.011757789984390296
1190.07409668	0.011908889911064827
1206.07409668	0.012059836734185042
1222.07409668	0.012210626624581045
1238.07409668	0.012361262622160746
1254.07409668	0.012511757441693907
1270.07409668	0.01266210043144411
1286.07409668	0.012812309309168497
1302.07409668	0.012962374684417357
1318.07409668	0.013112310735349228
1334.07409668	0.013262113385701957
1350.07409668	0.013411791184824886
1366.07409668	0.013561341992878288
1382.07409668	0.013710769827768284
1398.07409668	0.013860082400555786
1414.07409668	0.014009279296580903
1430.07409668	0.014158359572103095
1446.07409668	0.014307335553085169
1462.07409668	0.014456197333098874
1478.07409668	0.014604959619464258
1494.07409668	0.01475362219085801
1510.07409668	0.014902179057719117
1526.07409668	0.015050643492988049
1542.07409668	0.01519901343067526
1558.07409668	0.01534729152229191
1574.07409668	0.015495475887200856
1590.07409668	0.015643578588080454
1606.07409668	0.01579159954801803
1622.07409668	0.015939529328349578
1638.07409668	0.016087385396621
1654.07409668	0.016235162673985358
1670.07409668	0.0163828627105561
1686.07409668	0.01653049153810873
1702.07409668	0.016678049166672936
1718.07409668	0.01682553660009717
1734.07409668	0.016972957200560863
1750.07409668	0.017120315919409154
1766.07409668	0.01726760700962804
1782.07409668	0.017414841554535675
1798.07409668	0.01756201418787591
1814.07409668	0.017709133606920183
1830.07409668	0.017856203173709537
1846.07409668	0.018003207422994282
1862.07409668	0.018150176834778473
1878.07409668	0.018297086447645078
1894.07409668	0.018443954212886575
1910.07409668	0.018590777721693638
1926.07409668	0.018737560663456526
1942.07409668	0.018884301255897237
1958.07409668	0.019031007411452357
1974.07409668	0.019177676369873366
1990.07409668	0.019324310692139916
2006.07409668	0.01947091608910983
2022.07409668	0.019617490501263657
2038.07409668	0.019764034748769036
2054.07409668	0.019910555010104643
2070.07409668	0.02005705243739417
2086.07409668	0.02020352584288806
2102.07409668	0.020349983873499802
2118.07409668	0.02049642305828126
2134.07409668	0.020642844777163393
2150.07409668	0.020789258096537738
2166.07409668	0.020935655778963183
2182.07421875	0.02108204525335131
2198.07421875	0.02122842219639287
2214.07421875	0.021374804877860143
2230.07421875	0.021521177145694625
2246.07421875	0.02166755219526393
2262.07421875	0.021813926254044297
2278.07421875	0.021960308824875163
2294.07421875	0.022106692929930043
2310.07421875	0.022253087815307486
2326.07421875	0.022399490236251887
2342.07421875	0.02254590711711792
2358.07421875	0.02269233937260145
2374.07421875	0.02283879079849234
2390.07421875	0.022985260934505217
2406.07421875	0.023131752345745736
2422.07421875	0.023265129800829402
2438.07421875	0.02334371064969641
2454.07421875	0.023422557345178875
2470.07421875	0.023501682011642502
2486.07421875	0.023581089250147035
2502.07421875	0.023660782511271336
2518.07421875	0.023740774500863357
2534.07421875	0.02382107719416178
2550.07421875	0.023901694982046053
2566.07421875	0.02398263695910619
2582.07421875	0.024063914074002477
2598.07421875	0.02414553687130399
2614.07421875	0.02422751439375399
2630.07421875	0.02430985566804396
2646.07421875	0.024392580245993195
2662.07421875	0.02447569582783785
2678.07421875	0.024559210864962017
2694.07421875	0.024643143811269787
2710.07421875	0.024727503319632457
2726.07421875	0.024812312327692723
2742.07421875	0.024897577201073412
2758.07421875	0.024983320862560787
2774.07421875	0.025069548358031036
2790.07421875	0.02515628741093536
2806.07421875	0.02524355205260019
2822.07421875	0.025331362239872774
2838.07421875	0.02541973048029698
2854.07421875	0.02550868484228385
2870.07421875	0.02559823908693014
2886.07421875	0.02568842252491191
2902.07421875	0.02577924124903505
2918.07421875	0.025870735231740837
2934.07421875	0.02596291570998979
2950.07421875	0.026055816813566095
2966.07421875	0.026149457188624433
2982.07421875	0.02624385802032677
2998.07421875	0.02633905490450144
3014.07421875	0.026435067785825373
3030.07421875	0.026531932227035912
3046.07421875	0.026629669009337477
3062.07421875	0.026728313086696025
3078.07421875	0.026827891222554294
3094.07421875	0.026928431366785962
3110.07421875	0.02702996728443443
3126.07421875	0.02713252862738063
3142.07421875	0.02723614203458049
3158.07421875	0.027340853725395242
3174.07421875	0.02744668047184591
3190.07421875	0.02755366103126207
3206.07421875	0.02766181878610633
3222.07421875	0.027771193365830588
3238.07421875	0.02788180709220457
3254.07421875	0.027993695157336577
3270.07421875	0.028106880273181374
3286.07421875	0.0281940940655675
3302.07421875	0.028275631435183624
3318.07421875	0.028358971485704505
3334.07421875	0.028444133432607578
3350.07421875	0.02853114004894524
3366.07421875	0.028620015177222628
3382.07421875	0.028710764668520357
3398.07421875	0.028803415340885766
3414.07421875	0.028897968443717514
3430.07421875	0.02899444001152005
3446.07421875	0.029092830220591004
3462.07421875	0.02919314004383986
3478.07421875	0.029295369465460092
3494.07421875	0.029399515704972415
3510.07421875	0.029505573374296875
3526.07421875	0.029613532177686308
3542.07421875	0.02972336962254968
3558.07421875	0.029835081088864825
3574.07421875	0.029948642049695766
3590.07421875	0.030064030248159665
3606.07421875	0.030181230145997436
3622.07421875	0.030300212002439632
3638.07421875	0.030420948354994454
3654.07421875	0.03054341477116277
3670.07421875	0.030667573264142923
3686.07421875	0.030793396010324107
3702.07421875	0.03092086287760684
3718.07421875	0.031049928219202248
3734.07421875	0.031180556807267983
3750.07421875	0.03131272727616414
3766.07421875	0.03144640201511247
3782.07421875	0.03158154364730553
3798.07421875	0.03171812052018349
3814.07421875	0.031856101380216856
3830.07421875	0.031995452470549954
3846.07421875	0.032136145210879256
3862.07421875	0.032278138490267394
3878.07421875	0.032421417884080476
3894.07421875	0.03256593077702784
3910.07421875	0.03271166447099218
3926.07421875	0.032858584743547775
3942.07421875	0.03300665760968279
3958.07421875	0.03315586401796802
3974.07421875	0.03330617163114169
3990.07421875	0.033457558058459444
4006.07421875	0.03360999336960836
4022.07421875	0.033763456761788296
4038.07421875	0.033917924360001295
4054.07421875	0.03407336572171306
4070.07421875	0.034229767801176786
4086.07421875	0.03438710616180153
4102.07421875	0.03454535448806742
4118.07421875	0.03470449693309935
4134.07421875	0.034864512558433335
4150.07421875	0.035025383559363285
4166.07421875	0.03518709179118444
4182.07421875	0.03534720986600125
4198.07421875	0.035498448698615875
4214.07421875	0.03565069593098958
4230.07421875	0.03580395073671988
4246.07421875	0.0359581775642488
4262.07421875	0.03611336183101459
4278.07421875	0.03626949639673325
4294.07421875	0.036426550167683765
4310.07421875	0.03658451611568219
4326.07421875	0.036743366904482676
4342.07421875	0.03690309770645381
4358.07421875	0.037063688847649504
4374.07421875	0.03722512331083842
4390.07421875	0.03738738896277894
4406.07421875	0.03755046863183859
4422.07421875	0.03771434700606481
4438.07421875	0.03787901486027131
4454.07421875	0.03804446077072515
4470.07421875	0.038210658378031004
4486.07421875	0.03837761045351853
4502.07421875	0.038545298430802136
4518.07421875	0.03871370243871573
4534.07421875	0.038882821779454124
4550.07421875	0.039052633384498305
4566.07421875	0.03922313519500624
4582.07421875	0.039394313125584106
4598.07421875	0.03956615679486068
4614.07421875	0.03973866071244071
4630.07421875	0.03991180191291306
4646.07421875	0.04008557580013873
4662.07421875	0.04025997829873208
4678.07421875	0.04043498767864354
4694.07421875	0.04061061060815309
4710.07421875	0.04078682963669687
4726.07421875	0.040963629273421835
4742.07421875	0.04114100433773212
4758.07421875	0.04131895880086592
4774.07421875	0.041497464665091834
4790.07421875	0.04167652301804529
4806.07421875	0.04185612449661648
4822.07421875	0.04203625901185196
4838.07421875	0.042216923653844704
4854.07421875	0.04239810056881365
4870.07421875	0.042579785486387495
4886.07421875	0.042761970442029625
4902.07421875	0.042944641834144724
4918.07421875	0.043127791487900136
4934.07421875	0.04331142122751036
4950.07421875	0.0434955088179461
4966.07421875	0.04368005314202818
4982.07421875	0.04386503806228126
4998.07421875	0.04405045889783951
5014.07421875	0.044236307879355195
5030.07421875	0.0444225807240306
5046.07421875	0.04460925449952765
5062.07421875	0.04479633461650324
5078.07421875	0.0449838106681506
5094.07421875	0.04517167200018985
5110.07421875	0.04535991502980151
5126.07421875	0.04554852451958778
5142.07421875	0.045737501524865366
5158.07421875	0.045926842370026325
5174.07421875	0.0461165290715595
5190.07421875	0.046306562182662624
5206.07421875	0.0464969366384431
5222.07421875	0.04668764152776955
5238.07421875	0.046878675430704106
5254.07421875	0.047070024790779895
5270.07421875	0.04726169986334882
5286.07421875	0.04745368056292548
5302.07421875	0.04764596893744143
5318.07421875	0.04783855660322752
5334.07421875	0.04803143063310767
5350.07421875	0.04822459680585875
5366.07421875	0.04841804376177865
5382.07421875	0.04861177892632232
5398.07421875	0.048805781038001095
5414.07421875	0.049000052365862495
5430.07421875	0.04919458559245096
5446.07421875	0.049389376563681836
5462.07421875	0.04958441273987964
5469.0	0.049668915499784534
