-0.16307150215819677	-0.8551859068446703	0.4920007621113287
0.7025379717390494	0.24947484323282443	0.6664853343163226
-0.6927106780241314	0.4543339821411301	0.5601183350178169
0.7894395979894298	0.2089804534009002	-0.5771588093606834
0.2636603640070116	0.7336580721561463	0.6262819218305897
0.5543178993844395	-0.6465856503638794	0.5240788711306166
0.9516542301282294	-0.16384859124160173	0.2598227577160814
0.05597470885179725	0.9241959133604368	0.37779458134920957
-0.30202824081202	-0.34498630824427007	0.8886863276072081
-0.6066695063063512	0.7451901315824221	-0.27684612677475
0.324969991322817	-0.08535044821169313	-0.941865067687358
-0.7254974947287254	-0.6613674990368333	-0.190384916314575
0.5711836884880996	-0.7083257036756863	0.4147576298484134
0.5419886493453969	0.7049402360487586	0.45750143997617443
-0.6164393708921276	-0.03652343236696859	0.7865548556218145
0.23152461100646116	-0.9499073333461233	-0.20993430532803234
-0.8019541731260181	-0.06420288549412168	-0.5939254950749235
0.5506957950666331	0.3058660614541687	-0.7766466981494502
0.94658240649364	-0.19939498060989896	0.2534233403305371
-0.11286528484906129	-0.9410584709098972	-0.3188579335764856
0.3020648526271295	0.2732226126006123	-0.9132941633291252
-0.9959092608253046	0.07149071150694548	0.05526140036794626
-0.08539948210704824	-0.5448733340726282	-0.834158245342229
-0.029524103004895916	-0.8354652165020452	0.5487496691178476
-0.9866495185715101	0.052134012014928136	-0.15428795252330746
0.044095398397609564	0.9975080705523779	0.05507490374960662
0.1567747535248043	0.047536238535454925	-0.9864897276115636
-0.88227439098852	-0.2387424500597638	-0.4057017889352925
-0.4687848674715607	0.36723035707615803	0.8033570892644121
-0.0428094269467226	0.8989682460360758	-0.43591678745296614
0.8888295273281406	0.023010095654175194	-0.45765992488704965
-0.45239482266865694	0.20304817903709504	-0.8683952794737627
0.07294515592024364	0.9788983463504807	0.19088486514144032
0.2117696352851498	0.6642058182797649	0.7169269506264236
-0.3561154178937803	0.7355748302064955	-0.5762911402277702
-0.910129348339857	-0.1332677760375445	0.39230634606194437
-0.46227812823748815	0.7866578330866598	0.4092290138744391
0.8509284773500172	0.26372489242023534	0.4542795478036811
0.2494386870315559	0.5582281207188835	-0.791303801741555
-0.8327035133379752	0.5426184460842325	0.11031808937670158
-0.5184026004060271	-0.8339773392770129	0.1890516899281873
0.1945857208709364	0.10023482200097641	0.9757506739385685
-0.004358527114840749	0.5688644784695094	-0.8224197276190559
0.49915770990885155	0.7138780310414967	0.4911412601633736
0.8665001926600708	-0.4083764953225503	-0.2870645470763169
0.7206985520861777	-0.6898313511918224	0.06874811949247492
0.684762613832828	0.6928986000981181	-0.2258134023456128
0.10813768870158272	0.20981953411189536	0.971741736979197
-0.18422678231909306	-0.9278940166495488	0.32414994453542695
-0.9650792762633673	0.2332573182695432	0.11921834590647584
-0.18623233662103006	-0.2908671816133059	-0.938463531234434
0.0836794280080686	0.9271510932611512	0.36522404574848916
0.8667252563805549	-0.2485707868329985	0.4324348435143558
0.4917164663505829	0.28036300433166284	-0.8243855302719838
0.9347028826177552	0.019036311497997616	-0.3549199065572542
-0.028057774445767562	-0.9914966739285775	-0.12707126693992674
-0.35432087508247273	0.12873214219113613	-0.9262206826926678
0.8197818785426292	0.14467284432158786	0.5541005682446278
-0.5591013498141542	-0.007228638755390815	0.8290678062847061
0.12394899051266484	-0.9894531393136543	0.07496087548345243
0.18884156240266192	-0.6794157980899888	-0.7090366969452744
0.9807910424030369	0.09456246869539764	0.1706073581537323
-0.04886507394126699	-0.7276346011701034	0.6842222531668632
-0.48444051094759577	0.37810230118925026	-0.7888954564378132
-0.8419480581398288	0.04338348936442493	0.5378116215229438
0.23757284934816014	0.9247467343472806	0.29732577851009845
-0.2678136717030042	0.8790099210070929	0.3944837081807817
-0.17347794789398396	-0.4467426082572701	0.8776824275112176
0.9477242419836309	0.16662112932817363	0.2721326154983196
0.15271180971747034	0.7608641897431232	-0.6306859661823434
0.6319013603295331	-0.5658485248823055	-0.5296377230732391
-0.7598551006517631	-0.3176493847862139	-0.5672028687854458
-0.17500961261043613	0.44489408398808683	-0.8783170780113219
-0.9199179098089534	-0.3918175006339797	-0.015168566500100733
-0.3508884077690107	0.8053249656066443	0.47783786482863166
0.938711990082675	0.1683804938705123	0.30077867105056855
0.0255022966090334	0.836258811089142	-0.5477415756937203
-0.34375781088244184	0.5218421314532748	0.7807120834837991
-0.06753940174603423	-0.8573360239730704	-0.5103071341945304
-0.022029488793375074	0.5126317795004067	-0.858325905626615
0.9974733734969021	-0.04672901287522696	-0.053509518035733894
0.9226877851209964	-0.12019498156504635	0.36633375164607507
-0.09239159216918819	0.8535471333811391	0.5127583103112834
-0.3743140992334545	-0.5069619882233956	0.7764525082782779
-0.960643951852016	-0.24992528531971378	-0.12124582272392224
0.23559093230776332	-0.9642814879263544	0.1210707423653403
-0.147173742170606	0.0877414599855472	0.9852113102350707
0.19683023128451493	-0.13526414588340047	0.9710620324628694
0.2534884137271191	-0.9497405127076108	-0.18367520961739536
0.9471016229310314	0.28230580822986867	-0.15264975100237632
-0.3361031244927646	-0.24360257295535598	0.9097760582449573
0.8515219952255673	-0.4913387053044995	0.18302067729294358
0.40242388268251517	0.8362081458101381	0.37257342300209817
0.6274100713999505	0.5050603599402399	-0.5926808881033236
0.1862920770059154	-0.8363797631405243	-0.5155231845938878
-0.7560766259783007	0.21303268440790243	-0.6188418303760927
-0.33993626452717063	0.09387571119333232	0.9357514023004507
0.8049467551504548	0.5435723250095168	0.237886209891415
-0.4863168282427288	0.8340962044822495	-0.2603448947765985
0.7533695907936763	-0.28695122527486594	-0.5916867870593543
0.4908168743456529	-0.353449679009856	0.7963492451590527
-0.43764489660560674	-0.8903551643704227	-0.12543773656274637
-0.9933003358877581	-0.04279111054389075	0.10734693094675495
-0.0915491467869538	-0.27548567815421676	-0.9569359408311991
0.07052089369717061	-0.9603523113890714	0.2697225269824909
0.7339910878737587	0.6121381785399984	0.2941835027591271
0.26142965087777814	-0.6544364159916811	0.7094839780191564
0.6268266271975205	-0.4438466264349621	-0.6403815672226085
-0.5050531733676955	0.3931902845766837	0.7683246007943043
-0.8522954451330349	-0.08686584358015415	-0.5157972464298257
-0.13606530151623059	-0.9153445937643456	0.3789861585726879
0.37714581917988643	0.8734956634274008	-0.3078414479056667
-0.4401186221409187	-0.12342411575249446	-0.8894167111627114
-0.8148966986802141	0.47092654801384853	0.33789281859170783
0.7276542758358195	0.663893019621016	0.17252626859796888
0.5706340882703416	-0.7254474996112665	0.38484108747850426
0.380652061811998	-0.1815818928369543	-0.9067149629470246
0.6086199074119722	-0.7898633988386969	0.07548257730644815
-0.7434040476066528	-0.534382889741601	0.40222549540458175
-0.2773665991136781	-0.3009164972652668	-0.9124237126301107
0.47788753547788654	-0.8438193095183218	0.2441157027290423
-0.8039213480431896	-0.30812788255278467	0.5086921211832931
-0.3540253798745121	-0.4393474489257445	-0.8256148312180127
0.6406281735887759	-0.6960624999056729	-0.3241797949122899
0.034299476958319586	-0.39582840675189224	0.9176837245416553
-0.7670847991485003	-0.5990132457912128	-0.22970424959495483
-0.17585126978905974	-0.5749375270027106	-0.7990764487566773
0.34233164247841513	0.7253481810156326	-0.5972261404655221
0.922976368858708	-0.37857212832077386	0.06926590927053233
0.8911895861388482	0.4443983667492444	0.09105609912725499
0.32452462951633687	-0.48432261859431724	-0.8124748401982846
-0.31696196364067514	0.7536190634190114	-0.5758414893497166
-0.2370345362442421	0.7961093281949709	0.5567984969344195
0.6304976108066738	0.5620966864733038	-0.5352757026269812
-0.7391125701776102	0.22418129408290122	-0.6351813567704601
0.11726103721558645	-0.041941189355026	0.9922150904852287
0.8780266837191454	-0.46245298809681934	-0.12331413737882119
0.46402477501560696	0.8856512690872231	-0.01740223364705007
0.036615418050981896	-0.7034600695756676	-0.709790984497231
0.9691761297882604	0.1981575708687846	-0.14639401133937052
0.2436327987147891	-0.6825522013882743	0.6890323299892536
0.1288776098950949	-0.5144682931708663	-0.8477693890378345
0.9890007830254751	0.004110413775376798	0.14785315577826613
-0.07258107771812694	-0.8574995509155972	0.5093392850908169
-0.3843175306083437	0.32547387601899236	0.863925223440246
0.5365825142992375	0.840248653983309	-0.07785502442068915
-0.7512517827036512	0.4336461178292862	-0.49756587852883905
-0.10065754458097564	-0.9948404238048689	-0.012672406349155146
-0.9557358488669936	0.09314583838286561	0.27909288773173835
-0.2764725047982468	0.04020427782838788	-0.9601804883119018
0.4768659449761954	0.13517295648971586	-0.8685200874797253
-0.23409426593282975	0.9719479416444345	0.022739247800144247
0.847230042656261	0.1924719994362197	0.4951320876833717
-0.8096137683575231	-0.3810497110385681	-0.44646014805730994
-0.37238898445143087	-0.2544946253320046	0.8925015013636419
-0.45370914730162026	0.888838344916862	0.06414363772261655
-0.703538517658217	-0.13472795338822416	-0.6977692546588014
-0.32870065642756563	-0.8088330571060023	0.4875909804299562
-0.6300709742841405	0.5723962476365293	0.5247600433114692
0.07495907612684549	-0.2978762514121207	-0.951656910735625
0.6665596084409603	-0.6948395250280952	0.269993190384064
-0.7416733953036496	-0.654574497901801	0.1464677486526017
-0.8976866261183838	0.42230101778640483	0.12577985397018082
-0.44061654981491294	-0.8577285252506197	-0.2648751271837346
-0.003972067143913058	-0.2931955445568092	0.9560442433980973
0.4821183674094899	-0.8714829225962732	0.08988545727461278
-0.5473768804527139	-0.2195230612660306	0.8075816839913138
-0.68406171545575	-0.4385511842367421	-0.5828657034448741
-0.5971003340633851	-0.16645194232301186	-0.7847069146874456
-0.4489474993964748	-0.7413359377736535	0.498865883931653
-0.6647686318163978	0.6501651930564677	0.36792375282223944
-0.34162286274960674	-0.8977109329208608	-0.2782245506081755
0.9391253876943502	-0.3375820772379756	-0.06388933647824054
-0.0365694658793341	-0.28311379698285866	0.9583888835557562
0.6421179012667979	0.3667096181660059	-0.6732077367479262
-0.5402218119147028	-0.4066164506468277	-0.7367655366498703
-0.543916349087172	0.8367718434602817	-0.06299116753770706
0.7559404746846161	-0.5720307622519264	0.3183312830544264
-0.5011181161591641	-0.8185310534724144	-0.2808692723642616
0.4212299044354375	0.052798878196598814	-0.905415731070812
-0.6884086316254092	-0.375945476079783	-0.6202890897950537
-0.6297023645274328	-0.11463239101217448	0.7683321853465412
-0.35995623068949806	0.9195240148826875	-0.15781982778419046
-0.897649242397982	0.18407515426591792	0.4004274905701497
0.10385685403875407	-0.7946507521373705	0.5981169918976426
0.4282984841106745	0.5784864040835274	0.6942001791983405
0.5749066671669467	0.15148570162376443	0.8040736323562347
-0.37490218800346786	-0.8247168198007022	0.42342710891962115
0.7272762016436438	-0.5448800320633636	-0.41734287723815533
-0.44375129261090285	-0.47079877515842733	0.7625177398693606
0.4168176402736881	-0.861673499401153	-0.2894509201685943
0.7933144679525437	0.18938662502694387	0.5786059636730998
0.7901244747236582	0.12868880255379106	0.5992849960911207
0.18392481646354703	0.8828798459169076	-0.4320819824553993
-0.5847007579364968	0.45162193234054615	0.6739159101085812
-0.6392067183203345	0.5174789644291995	-0.5688851313116133
-0.0361039542280337	-0.7591161230791565	-0.649953241526166
-0.7681870057110106	-0.39491547583572095	0.503915162703205
-0.5879514283541882	-0.37432834021912303	0.717071413183559
-0.5299106306501513	0.8480139278687927	0.008191560565663697
-0.6111528789265653	-0.37516752504626316	-0.6969515669904423
0.5813286807725261	0.5109469525343646	-0.6332378515274651
0.05554866401376882	-0.8013559820343792	-0.5956030019937782
-0.8117704791611725	0.3110655907578993	-0.4942336364604081
0.9217290026932613	0.3739737437202807	0.10275837971632144
0.3563383320010587	-0.9211985629652033	0.15625684221034242
0.15309682799061894	-0.1074097137072918	-0.9823566127738586
0.6857071957240187	0.72731493500836	-0.028611659268337808
0.30199422076645777	-0.2485125902652523	0.9203482944534179
0.662272702408881	-0.6397300038246138	-0.3900517784225548
0.22700911068021035	-0.17748376397656368	-0.9575836136823204
0.7911500624789838	0.6070001993521935	0.07504889490124106
0.5679334840522086	-0.7746291186826821	0.27821086639671544
-0.2930186883912431	0.253478958598481	-0.921893955832939
-0.29883754240857097	0.8916278683794472	0.3401409525128203
0.9082049171308647	0.3751641798958859	-0.18551459948577165
-0.17305726201030214	0.08831613017325768	-0.9809441600910411
0.013985205886254251	-0.9956508576573588	-0.09210745714916423
-0.9848124684841357	-0.029658570386757534	0.1710694920808411
0.5653714628276506	-0.8210970592976624	-0.07845207602640941
0.33193380683137896	0.13941661619336343	0.9329431681574292
-0.7550993688929633	-0.5535003399654994	0.3513720489104466
0.19581194616985909	0.8882775073983018	-0.41547653554374436
0.3466075551777203	0.3336403427232264	0.8766683092260447
0.9173444742466681	-0.3156694339935181	-0.24255293032927105
-0.4703352073389595	-0.6145455123398321	0.6333392503235457
0.16146346309946583	-0.7654865597616793	-0.6228642523922496
0.8675911149967738	-0.19069383861887562	0.4592619264553214
0.1780097378952198	0.47357879486894144	-0.8625750160217694
0.7989192246190682	0.4422042401256827	0.40765608366481454
0.5744916063342803	-0.7616945155804579	-0.2996345427117997
0.24271934154795494	0.5361931302657702	-0.8084455753446376
0.3547603524537267	0.7265821122687879	0.5884076193064924
0.90290221705644	-0.42962234716879105	-0.01386453200594917
0.2748957094861366	0.2511836927003581	-0.9280835638171412
0.7748146154688758	-0.6294154608007307	0.05914802922179041
-0.5692931235856724	-0.7353522490795928	-0.3676444059300408
0.9500211304533916	0.3013169535128407	-0.08165748721213693
0.24840218173533313	-0.8880359271825404	-0.3868960430686414
-0.1890931193914423	0.3472755182254949	-0.9185006840716166
0.7443334555384288	0.5783056182770832	0.3339615529299481
-0.02065269951923382	-0.47991269595965247	0.8770731270876484
0.6674887062481208	-0.6597320790486838	-0.3452715031758502
0.6084438320475152	0.016710554637047847	0.7934209857364861
0.3465779705965333	-0.9049942205806885	-0.24671678299771227
0.7139186322967931	0.4250955399428157	-0.5564296616646189
-0.7475563857616154	0.5284366205981872	-0.40238562116183935
-0.19833968533843777	0.4005767810185429	0.894538770388781
0.6338933816714615	0.7485272076014273	-0.19464377758749252
-0.7704712148541935	-0.427065258646406	-0.473275154575414
0.3879297731291892	-0.9032352119444924	0.18351196970095454
-0.5058503713560359	-0.042206833106341934	0.8615880599440163
0.03470681608626325	-0.9772457345581786	-0.20925155006594354
0.9155455874823242	-0.052861061014161104	0.3987254512444661
-0.4007140054437832	-0.20541782424196517	0.8928783810379198
-0.6315385573167989	0.5603285538907563	0.5359020081292015
-0.6381693621601914	0.016884779045116094	-0.7697108349481983
-0.440339546057666	-0.8280983129624717	0.3469211268378406
0.9929223018097448	-0.11850396530439364	0.00788116590188892
-0.008213863862757416	-0.13471937263909228	-0.9908497479820912
0.11848136988270397	0.9837720776901857	-0.13473924501737966
-0.46857250154292895	-0.8827976709005817	0.033287881433187005
-0.8586590165229554	0.4462535527288861	-0.252115965422022
0.20771255171903505	-0.14671754813026053	-0.9671243234088427
0.10463018823597992	-0.9850232501603584	-0.13704641678361196
-0.040008441641605386	0.13352219710494118	-0.9902379246815785
0.993706117676204	0.10909179402591795	-0.025438792602893612
0.35883404611909775	-0.32347278301365573	0.8755589563217303
-0.8482368186986369	0.2784516632063838	0.45050967876574466
-0.3895284671879747	-0.9043395545407703	-0.17446358744215873
0.412560382445328	0.23486986305765306	-0.8801307165778525
0.44463620999505943	0.7913494401905845	0.4196006485591722
0.7950424967244167	-0.5644485901632919	0.22204778194091024
-0.44920434780556673	0.20649763878437355	0.8692376999929616
-0.8827096522318512	-0.2528380907939911	-0.396101716356259
0.13798233136637522	-0.9452151210280801	0.2958534285935721
-0.7777011161338063	0.6200268615680673	0.10367094529464321
-0.613029052843534	-0.7845286355386147	0.09332845434099422
0.1391989738970501	0.009028341706665222	0.990223275181934
-0.5990857871369304	-0.7463495418502123	-0.28992857918891407
0.7589947526356032	-0.6446740687839956	0.09122669844462983
-0.25499644139113703	-0.1654016517978773	0.9526904578405255
0.03200554298168967	-0.7298973864976269	0.6828070374581539
0.8468156593153927	-0.34308692074998604	-0.40644139054546263
0.530922672671533	0.5912200690049572	0.607107853391051
0.9915875468276509	0.11854536493191772	0.05197242951296007
-0.07809429813758362	0.22770368073330627	0.9705937947354201
0.10322508210081188	-0.9664874702931555	0.23504585125378774
-0.7560345305070182	0.1185996483447776	-0.6436970654690972
0.005990658867515354	0.9846593258994415	0.17438498767265054
0.6545043167828346	0.12798490274931845	-0.7451469412007821
0.7275078472240396	-0.5705570591868654	-0.3810472076258785
-0.3912793246098375	-0.8012370367155501	0.45268057295200326
-0.563589231941414	-0.1802327750641385	-0.8061534124671106
0.0696348203242092	0.9169899620410003	-0.3927854392851904
0.8740349201323676	0.13370709024940552	0.4671031710513675
0.48084711727078167	-0.3758348354438186	-0.7921705790290983
-0.38995194062391914	0.8485046346030878	-0.35773924730272466
0.9133651426573148	0.4057909792723211	-0.033133024609800055
0.11705383454728222	-0.33966684589210516	-0.9332335364845643
-0.9679641914689703	0.24297399858599383	-0.06331634895471414
0.16115768793996244	0.40782501084193956	-0.8987251861106471
-0.19254486140031715	-0.8801377145327345	-0.43391713472208826
0.5851799744896389	0.741393130174304	-0.32848230391705
-0.8065815139992416	0.49040010880951435	-0.33005150288145574
-0.08361015925709445	0.4580872840518105	0.8849663165674947
-0.6525843898271617	0.1879808690382978	-0.7340277971776803
-0.37064517743608405	0.765731727245726	0.525620656303242
0.6608750007356043	0.6150756984021426	-0.4300303694366616
-0.7972750357751042	0.47138593157109726	-0.377024960508791
0.43093951972713734	0.007144665747698009	-0.9023525276125168
-0.42266256951278613	-0.8818980991408263	-0.20883509059697514
-0.9729793924628838	-0.1433673176824271	0.1809887125295476
0.1940044139513017	-0.08260475649024568	0.9775166195889454
-0.12519340721447422	0.9862161357561198	0.10818661823117326
-0.586520068405262	0.5078419758574819	0.6309443215649503
0.6763799828152715	0.7356406957467103	0.03664540364232555
-0.4455382455016626	0.4482513740285295	-0.7749621780944123
0.9326279995696787	0.3604585959702786	-0.01657151199483122
-0.35445119834325695	0.9065473704663609	-0.2292077945741719
-0.06759705919408404	0.2196393992244154	0.9732364419279877
0.9977070762242064	-0.055790219763796306	-0.03831502878575014
-0.013797700406466207	0.3865641229137693	-0.922159315053208
0.06625868634102966	0.9205735333229038	0.3849079841075598
-0.8502804142891129	-0.4036849516177515	0.33773018359884327
-0.5169846298609266	0.5201882741039449	-0.6798022153334894
0.09874264308744919	-0.7526238232491268	-0.6510048165059701
-0.33997051520612454	-0.7874408878773979	0.5141564906614882
-0.4215087309751592	-0.36114365675492444	-0.8318086612300881
0.8406845059248995	-0.4995118690126752	-0.20913501431675874
0.431403894602857	0.2783040291081627	-0.8581593949282674
0.3617974883110379	0.8180143134042553	0.44716346062439977
0.8264340609953776	-0.5033879720930245	0.25220486192530256
0.17512160377969077	-0.39481525755339786	0.9019164796657577
-0.953426163623827	-0.2965090374765267	0.05532577349025686
0.2455829277600145	-0.8695995073007965	-0.428352334527351
0.04805360656424751	-0.5839339990934427	-0.8103776499872806
0.9976948293673973	0.06697962549744396	0.010897578711900502
0.047915324789971014	-0.809033259187137	0.5858065441588293
-0.9969398185338514	0.03297686113885356	-0.07087682873210294
0.07039308124671226	-0.015607503936095002	-0.9973972227420118
-0.03399724009805574	-0.9993342446100371	0.013238399276408241
-0.5976281915093471	-0.12755965363780147	0.7915611659733389
0.32911469883947364	0.8612244716120694	0.38726725204219686
-0.7311115234497881	0.4919562422211105	-0.4727102664620415
-0.8253427566340137	0.5581535692496206	0.08528732148259921
-0.011728561109292324	-0.1679641425753593	0.9857233322100223
0.5645102079910272	0.8125593147228289	0.14517432669412933
-0.9393332276722599	-0.024318413763556784	0.3421428095734847
0.24467163648800908	0.6515743882642938	0.718043596765747
-0.24039317313329198	0.758194850490318	-0.6060954471045552
-0.5865777599447544	0.17659249328741872	-0.7904059860936827
0.5275093235740842	-0.6572299860282937	-0.5383146468448177
-0.6145408408564936	-0.7327099267648705	0.2923623062906916
0.2924314287465942	-0.11236651851666257	0.9496618477108943
0.740528675275782	-0.6017293409930509	-0.2992308160640605
0.6050629228233381	0.7907563251119227	-0.09275394180284868
-0.23371550421719345	-0.8219327015405336	-0.5194263154931442
-0.22485287486062283	0.5654297728492168	-0.793555515791174
0.9459483324978253	-0.0686717271805748	-0.3169636353442151
0.9528316993239753	-0.1351163210669125	0.2717633760180512
-0.20334685892223905	0.3805140575817889	0.9021414007510695
-0.22530381206238978	-0.9148511527915271	0.33509037662423147
0.9986307286920348	-0.01967181336435035	0.048473574976205004
0.02280865428526817	0.9976224117704307	-0.06503298257841575
-0.04707900807908679	0.06604955179490302	0.9967050836160021
0.8922895688806523	-0.3944869088692965	-0.2195436266383676
-0.22707460070766972	-0.8124622894802793	0.5369750030363746
-0.3902005266273124	-0.4292844126021926	-0.8145295833280446
0.8465052221391056	-0.5320947315186396	0.017438623263613624
0.5317963538189389	0.8466567135723624	0.019106214374613656
-0.02493084346959528	-0.006899713976207857	0.9996653675060175
