-0.1751099114899466	-0.8563002558031577	0.4858872202573655
0.6974974490132487	0.2404091526490726	0.6750561072552157
-0.6948624522292116	0.4571141118298598	0.5551692185703427
0.7904704587287988	0.20202032003617723	-0.5782250808894084
0.271635311632735	0.7305002360997009	0.6265649707192927
0.5489724140166511	-0.6523474498691336	0.5225630041420546
0.9529100499922016	-0.15884243271132772	0.25832444366379104
0.049057911119859215	0.9213692662547545	0.38558007800939537
-0.29925868071021067	-0.3547502738145846	0.8857745115141107
-0.6081065977732876	0.7521251140239769	-0.2539964145396877
0.2911386873867446	-0.08636587536543017	-0.9527744750354548
-0.7385422333565769	-0.6533366271890646	-0.16645305981536263
0.5557825000683964	-0.7294120167773529	0.39882818656473834
0.5525673825743261	0.6825627782951429	0.4783067440471376
-0.6211079618976731	-0.045455070859150154	0.7824057363034274
0.23652435867323085	-0.9515818374295795	-0.19633704293475074
-0.7885057858504412	-0.06991617543207607	-0.6110403866303187
0.5677277987157182	0.29933882990199656	-0.766864663078374
0.9464342995304715	-0.1920463292353396	0.25957720258046
-0.10158399862304213	-0.9401734939408339	-0.3251991582320568
0.3065009101063476	0.28141074733974913	-0.9093212762196121
-0.9955829661489379	0.076801796227307	0.054000385279570365
-0.08746985672852704	-0.5497888148850749	-0.8307113115825232
-0.03411131304968745	-0.8317654375624922	0.5540782211912881
-0.9866889283283677	0.027280563245407237	-0.16031447091024428
0.021264389949110403	0.9990080719888218	0.039124133489052096
0.16122277889402106	0.03519435992016805	-0.9862903084769212
-0.8747053586587175	-0.25481654523765485	-0.41226091714698165
-0.4814539242092323	0.3592501912773036	0.7994632067398422
-0.055611639044853806	0.8977793873443336	-0.436920493067535
0.8892784252070943	0.012311833487947954	-0.45720050439315496
-0.44978568744670305	0.20478797692629935	-0.8693415438563432
0.08292597801224297	0.9787289222571276	0.18765121611147229
0.2238850669842376	0.649608735947462	0.7265562379900155
-0.3472465387602894	0.7497255558751246	-0.563321783873777
-0.9106565313555173	-0.12617480354046912	0.3934267414031001
-0.4777568790280555	0.7766138537741702	0.41063278810563103
0.8407051220272512	0.2685685978716885	0.4701976244457006
0.25487891701456394	0.5698612378143184	-0.7812137398293866
-0.8237109137509928	0.5598981111817126	0.08952338053634443
-0.539691526848103	-0.8226078500344709	0.17902340883255682
0.1738775040534802	0.09914852574201946	0.979763330313661
-0.0055551116420884394	0.5478295460135693	-0.8365715326552837
0.49114629702555407	0.7302207035522545	0.47492424556105417
0.8710593869838784	-0.40824075325500864	-0.2731209104573522
0.7030616678914665	-0.7047385515997844	0.09512026614085574
0.7039838522320341	0.6708297347397658	-0.23322564778668955
0.10055360231346687	0.2309351443111536	0.9677592325489702
-0.15867045237379496	-0.9334743202773742	0.321635478338739
-0.9670167862770772	0.21267097055926287	0.14017700717212767
-0.1992541658331109	-0.28878495747541166	-0.9364299363722177
0.06045939212711371	0.9313693977776941	0.3590204824057196
0.8632847261968714	-0.22934898469830078	0.4495981814165308
0.5010829705935066	0.28275446610279104	-0.8179032757484916
0.9408608732523462	0.0419179259853565	-0.3361899829916391
-0.00582105045570246	-0.9901696641282676	-0.13975031882505748
-0.33874316606305815	0.13344258586073346	-0.9313678884975449
0.824913638721728	0.15020775916516402	0.5449358840611055
-0.5512236282753116	0.0002699377964041627	0.8343575005742965
0.12517987171218706	-0.9886544169830862	0.08302074137198623
0.16802283983641408	-0.6884775772618179	-0.7055260100811338
0.9843260456779301	0.07827626262543541	0.15803500406379367
-0.053577617466215754	-0.7210211178024478	0.6908386111021535
-0.46665159650241894	0.38954454274165784	-0.7940348460249944
-0.8460323306483287	0.06509080712609361	0.52914315863047
0.2578091987875933	0.9187046511517543	0.29919254832403963
-0.24992318040966088	0.8875648479379188	0.38699747363369086
-0.1769618484218185	-0.4348188019265291	0.8829592933393426
0.9519574087621009	0.15218820649484316	0.2657364139647208
0.13995236662543298	0.7691324734375015	-0.6235772393054861
0.6331757169387459	-0.5536996630083308	-0.5408374937664419
-0.7612501865714356	-0.3191424783515536	-0.5644875835273815
-0.14426371594722598	0.45168649350584944	-0.8804358533394061
-0.9236142808480124	-0.38078775287586386	-0.04401530953382554
-0.35514031096836446	0.8068333154029648	0.4721179520852319
0.9359212606352354	0.14704506640802073	0.32004553166075056
0.052332277803630936	0.8405361357882648	-0.5392219738975919
-0.3482997654188634	0.5214180212451354	0.7789804365515043
-0.0611891480912059	-0.8671728776640122	-0.4942338397962942
-0.0217420239223875	0.4962021919478352	-0.8679347147694474
0.9978893588728317	-0.04236254182742166	-0.049216282857293736
0.922552897003402	-0.13835178696340272	0.3602151236062467
-0.0743912707876479	0.8522306061895681	0.5178502995117026
-0.37863186746657923	-0.504541154830599	0.775935649407202
-0.9625995924369644	-0.23430367673548952	-0.1360287164845022
0.21677311990177772	-0.9672482911765532	0.13206118924228738
-0.16251596576410382	0.09763467767278675	0.9818635498823101
0.18544172961099104	-0.11999828341570803	0.9753008648084793
0.2641699061194591	-0.9498903403992234	-0.16710057425719418
0.9464806525332254	0.2886325574039271	-0.14444937239998135
-0.3434357825016523	-0.24093940991058194	0.9077444927122489
0.8550016438921242	-0.4801474732378086	0.19603722321312522
0.3886181316398436	0.843449230656646	0.37090341473956423
0.6216607929584672	0.5187901311281367	-0.5868514789470166
0.19031026979540128	-0.8268050505113311	-0.5293159828111722
-0.7598156748242638	0.2173711303117467	-0.6127233731451269
-0.35350357223627205	0.0943201834448299	0.9306658516412475
0.7976527436715166	0.5501170707893897	0.24722724149940156
-0.48865665341781306	0.8297438830271876	-0.26970310278057275
0.7428000830495329	-0.2995870797753547	-0.5987450360990746
0.4886110614179593	-0.36882509716301826	0.7907131454343634
-0.45771963829578255	-0.8798952377041058	-0.12758175176729902
-0.992935717680663	-0.005978758483242197	0.11850280587811171
-0.11240595229674333	-0.2724068665762194	-0.9555937426178491
0.03799424222495602	-0.9621635793819703	0.26981045952413796
0.7216445057662997	0.6208806158282465	0.30616411969081314
0.2730415135688831	-0.6616911168713568	0.6982930600554111
0.6361427034599442	-0.42032383556285996	-0.6470319420959059
-0.5050838264176343	0.39491628765674447	0.7674186953904216
-0.8510746582833755	-0.08016746015303178	-0.5188883351555011
-0.14339544734459597	-0.9152127097434932	0.37659453209627936
0.37516612391152715	0.8740782943727474	-0.3086057594660698
-0.4322794854280739	-0.12953012011592424	-0.8923880290886886
-0.8199907474766044	0.46819769680038303	0.32925080222161374
0.7261488234737081	0.6655670969168129	0.17241904091333737
0.5660338783186537	-0.7210694538758313	0.399580394016965
0.39027366649992257	-0.19255981457442084	-0.9003372607238751
0.6074800827934597	-0.7927197913611932	0.05062885929504615
-0.7396658727932597	-0.5412842076437951	0.3998822366402568
-0.2895899612110834	-0.28036893362085447	-0.9151671516319126
0.4859875178439489	-0.8440686660867892	0.22663675657391882
-0.7956876108498613	-0.32005421653522226	0.5142436430507089
-0.36152089627007344	-0.4302480510223068	-0.827157334581269
0.6369711194724604	-0.6926140345628911	-0.3384576666062017
0.042793258608316564	-0.4066032252298908	0.9126020788110955
-0.7696989866016989	-0.5957848742282447	-0.22935530005899718
-0.18470250117524367	-0.5855548244171358	-0.7893101631560475
0.3343406685399372	0.717788801088505	-0.6107336198312603
0.924176013224687	-0.3767025147696041	0.06319740458578449
0.8879890904041744	0.448471694696352	0.10172764805768905
0.3344875062022597	-0.47807917171126446	-0.812132017451882
-0.31558435246025796	0.7551909987758414	-0.5745372675903508
-0.24010221434613244	0.7915322874391839	0.5619853775743429
0.6308928584911782	0.5672240612978607	-0.5293685534574101
-0.7377839302742462	0.22744999939778818	-0.6355638205585903
0.10834626038462503	-0.02541782238806478	0.9937882179648316
0.8770025363672111	-0.4682848654916114	-0.1075910589081735
0.46811071240268104	0.8832118766505308	-0.02844541926746924
0.015068939236773438	-0.7178365107059574	-0.6960486125033036
0.9677624993588436	0.18550635659664572	-0.17036178120975998
0.25141334870090415	-0.6710425735821341	0.6974906397474189
0.11379400392769212	-0.5236676616879478	-0.8442885198629562
0.9920196345796807	0.01344800913711941	0.12536425191674372
-0.05429520493101786	-0.8518164891292754	0.5210189051934428
-0.3929366072081899	0.3142191292001306	0.8642147658773417
0.5414050527746037	0.8387045941586999	-0.05878071594680648
-0.7432909198596774	0.4447931458350074	-0.4996775619060283
-0.08406181090816123	-0.9962345454992066	-0.021221270009814136
-0.9528164059116787	0.07412797239188762	0.2943568248480377
-0.2916753478996662	0.044964141969534965	-0.955459950685821
0.4799026841279561	0.1019895691372284	-0.8713733651850886
-0.23001405021967591	0.9731033629760845	-0.0127820837962844
0.8466327128503384	0.2065622733023563	0.49045394970357725
-0.8034624722137376	-0.3880748684739278	-0.45149302564173927
-0.3750879402839733	-0.25896302406952554	0.8900826867310094
-0.46233872085054156	0.8844976249960819	0.0625048684389875
-0.6989861110589493	-0.1263105457362262	-0.703892081630773
-0.3379009341708284	-0.809141051058599	0.4807428815679615
-0.6302708744922041	0.5738783891449497	0.522897905177703
0.07908242487503181	-0.277466202936907	-0.9574750525750841
0.6652486836021247	-0.700634809963836	0.2579826583950555
-0.742421820154503	-0.6573609125090378	0.12917612652406008
-0.8927093061957476	0.43245185838353883	0.1267102395709617
-0.45059339016065914	-0.8528892181431134	-0.263714956570068
-0.0059742258938560375	-0.29251559232945606	0.9562420911406884
0.48589991097208984	-0.8699038262417316	0.08466764203230426
-0.5507959547944068	-0.2295541262125762	0.8024516928269876
-0.6786199913791464	-0.4365458008374101	-0.590679838044089
-0.594650503353997	-0.15104931959312756	-0.7896675768393248
-0.46110696996489015	-0.7405242111209958	0.4888806142540575
-0.658613043532115	0.6548343269820848	0.37070320081607644
-0.3463007258687254	-0.8991095486382927	-0.2677271499311185
0.9378240010718499	-0.3390044685798195	-0.07457957693967673
-0.02370549042692087	-0.27690790857315717	0.9606040078478015
0.6412559005949583	0.37611725396860957	-0.6688248509282991
-0.5357846749332301	-0.4044866186129381	-0.7411648652423863
-0.5492955962492708	0.8336224484922321	-0.0578615702428984
0.7518793863885505	-0.5631686171310598	0.3428097096096705
-0.48890129620281064	-0.8250986976438555	-0.28317426033738524
0.4423267015399234	0.04531277772442782	-0.8957085693905738
-0.6813487581329669	-0.39442791326362725	-0.6165958895655764
-0.634997546270063	-0.10047098457929304	0.7659528036952843
-0.3640631621321543	0.9134178685005938	-0.18200497653132697
-0.9004371148642265	0.1825821092062436	0.3948123295602432
0.10056188652364687	-0.7956789138363409	0.5973126258962095
0.4232024446453398	0.5775455302173321	0.6980980241858508
0.5771672945299028	0.1610756478408733	0.8005826314614097
-0.36630394296773955	-0.8251298607732211	0.4300954943110326
0.7298625456148022	-0.541493627416803	-0.4172353244581204
-0.4488855880096638	-0.47305496572979205	0.75810337571838
0.4214637374121479	-0.8601693087035556	-0.28718822819020773
0.7879530740620294	0.19059842539441926	0.5854931197831157
0.7751722411213829	0.12139775328768199	0.6199762754263711
0.19759032989638448	0.8855393069957508	-0.4204499938124907
-0.6000550459135316	0.44842248077252844	0.6624584670841795
-0.6483841120628355	0.5147216677443196	-0.5609453163892129
-0.04303322032023321	-0.7604135034303094	-0.6480119179071575
-0.7600961683717122	-0.3960213486105877	0.5151901651538907
-0.5821122207545755	-0.37611856303146923	0.7208884719506331
-0.5434581946107858	0.8394357843068193	-0.000868755190087861
-0.6048128248959023	-0.39227846049501336	-0.6930505438083867
0.5868911442144051	0.5259991975692553	-0.6155352378208788
0.06445349088480809	-0.7881723637972111	-0.6120703165969406
-0.8070963587797112	0.3195452536070855	-0.4964738649130642
0.9150937476087512	0.3916434326769974	0.09601486722559893
0.37470938008933585	-0.913861215315438	0.15636674715314888
0.14898427286273155	-0.10711256127630099	-0.9830211521917493
0.6773678566763655	0.7343132588339589	-0.044236010696241945
0.30939894255647776	-0.22981799003041536	0.9227437270463091
0.6674167222107941	-0.6387235155832539	-0.38286706512100066
0.2282829868874886	-0.19006428976457074	-0.954862526049701
0.792231728466215	0.6063395848146691	0.06871096199448673
0.5659114474095392	-0.7721579330959851	0.2889919722895019
-0.2787662581086554	0.23261089494004272	-0.9317626011464993
-0.32723117995224793	0.8891564036185061	0.31987598342367585
0.9028893222356534	0.3940724063663893	-0.17174926588910155
-0.17940725234739952	0.09845403269874387	-0.9788359623810882
0.04738644689119619	-0.9929598501349137	-0.10855994045262427
-0.9826329744396859	-0.065859998978167	0.1734788116122874
0.5634186745768837	-0.8191783407731598	-0.10726715781710827
0.3566770829589935	0.12406847924950792	0.925952736887028
-0.7452119534936962	-0.5599588006852354	0.36208463914568645
0.2016824467592122	0.8891021669661117	-0.41087896924201694
0.3308238225724543	0.3330081779419384	0.8829842308004938
0.92188924990357	-0.3140109713369186	-0.22697427341502419
-0.47474747991391264	-0.6032736687213134	0.6408398481234733
0.14794902417521966	-0.7724667828863507	-0.6175808899106352
0.8675977850138793	-0.1983833409456017	0.45598040909042525
0.16944190676362159	0.48161199817683903	-0.8598484305064589
0.7901470034280331	0.4550620522269708	0.4105925493681998
0.5890306895281503	-0.74897824523486	-0.3034376953493121
0.22820382100247494	0.5364595478939672	-0.8124864119191597
0.35211246955970277	0.7325455128340193	0.5825752143777755
0.9077113114093256	-0.41903248692690165	-0.021724411140885636
0.2629584503861444	0.2593470450836489	-0.9292964885206968
0.780116934701771	-0.6238935662203975	0.046630314392113126
-0.5676886660503541	-0.7372217632674543	-0.3663791072138194
0.9474402291607439	0.3130592885706452	-0.06596130689638088
0.26581673256626986	-0.8850039207064047	-0.3822427566639868
-0.17804066068072547	0.3446185458937652	-0.9217047146296027
0.7379375838307948	0.5919361235428493	0.3241292149977123
-0.004922529388662389	-0.4755507801805763	0.8796744989904292
0.6748510139833728	-0.6507404099291124	-0.34801297075095317
0.606013027648368	0.013918541340671442	0.7953329394205967
0.36119351872787564	-0.8956435886074425	-0.2595415269573603
0.7087224085277918	0.4445546495014201	-0.5477989697482419
-0.7507382161597644	0.5263654689599814	-0.399163530252694
-0.19788587183379877	0.39730662352542434	0.896096327763597
0.6302644782357895	0.7517225818008698	-0.19411297608558375
-0.7793083824715492	-0.4058178974084798	-0.4774832763066555
0.3721391959283142	-0.9127725924110863	0.16840015854200524
-0.5041734462101363	-0.04645458735265328	0.8623520785911574
0.030863467648259757	-0.9723447189712013	-0.23150203855158702
0.909358152787842	-0.06881849388010686	0.41028254271703746
-0.4148676853202823	-0.22318100812768404	0.8820856201571942
-0.6259265432795491	0.5638877093796626	0.538745407060396
-0.64643273458702	0.011318692632093064	-0.7628870210269981
-0.4362805084718569	-0.8257739027165106	0.3574308038206566
0.9936904279552718	-0.11166365434883721	0.010514831788104348
-0.004585037415705963	-0.13411556315848672	-0.9909550913894022
0.11206386938690498	0.9846543779500222	-0.1337813333835829
-0.4567239225852058	-0.888931366082092	0.03470280873082797
-0.8653987707988681	0.43491791339104713	-0.24886015372370418
0.20612672325099146	-0.14369215360277426	-0.9679175269385327
0.10801862185549416	-0.9864800079600884	-0.1232443557632712
-0.026625916716039477	0.12105454282067662	-0.9922886970138818
0.9937922508711114	0.11046715148649833	-0.013189789649146855
0.37098414700634486	-0.34456334251601295	0.8623496191592872
-0.8436408841725492	0.263063989241606	0.4680463610763911
-0.3881247495619598	-0.9011511751967508	-0.19309515327677462
0.42787940116403844	0.21976641743561678	-0.8767108644399351
0.4493083960126508	0.7899270633241467	0.41729749567979485
0.7842456141618153	-0.5724665548270953	0.2392506223029598
-0.45014972214744375	0.2061940530630268	0.8688206029624419
-0.8804780106189827	-0.2645626860854853	-0.39340190384347623
0.14874037940995694	-0.9420671937885721	0.30064214927436117
-0.7781318554519314	0.6205434738819182	0.09714222847709011
-0.6123456757738743	-0.783908556658488	0.10256777348974147
0.1397983865857227	0.02032662835216211	0.9899713325586059
-0.6096677404096693	-0.739099011238136	-0.2864225862088699
0.7475561720857634	-0.6562774660425048	0.10227246521576253
-0.26356216701235485	-0.15176474937098686	0.9526292274374711
0.024846863349340498	-0.7251422319176114	0.6881506934322196
0.8411780086231028	-0.356794523509834	-0.4063461895997822
0.5401871816237133	0.5889536581794328	0.6011084738435264
0.9922813098920804	0.11000524897759041	0.05724200587187167
-0.08138578963990152	0.22942089258741927	0.9699187632420982
0.09356364295786448	-0.96709094672723	0.23660292786582993
-0.7525616806767592	0.11183255186012747	-0.6489563907701527
-0.01703457338819097	0.9818387153652769	0.18895121147890317
0.6583014051986017	0.15325213654078287	-0.736989173976953
0.724094930098724	-0.5725917636040495	-0.3844804344282399
-0.3686907839688708	-0.7924769926357664	0.4858470149742512
-0.5828838975488543	-0.21004496755641433	-0.7849378788047376
0.05565630873445093	0.9131542314685279	-0.40379663798647175
0.8672377633434096	0.15619635762467587	0.4727593041875588
0.494773723159563	-0.37649973096392325	-0.7832285205831808
-0.3831984124852763	0.8444447935570967	-0.3742618966754109
0.9142003521543953	0.40460202236895015	-0.02312832928974451
0.13189652303811142	-0.35101309680589937	-0.9270345803049573
-0.9713136263280981	0.23289346614714931	-0.0480673770381362
0.1439719644945399	0.41504476011319125	-0.8983373088891312
-0.18926677666442854	-0.8794876238632071	-0.436668760873167
0.5871854760831346	0.7386202167980995	-0.33113953556492
-0.803801946099034	0.4838100444658927	-0.34616509402497037
-0.09547590337057917	0.4694337186558282	0.8777905989839105
-0.6543541551166578	0.19041507423240261	-0.7318215214016554
-0.3781901765903551	0.7556413163064837	0.5347694750274745
0.6548227470179399	0.6266963384252962	-0.4224439245535503
-0.8022143914718827	0.4696046715890057	-0.36867807439170897
0.424225033653399	0.0138403337345675	-0.9054510290368485
-0.42010140554057773	-0.8827683147824787	-0.21032097251328286
-0.9746033602358244	-0.14293661837608693	0.1723873932288832
0.18395329755550524	-0.0719974109672954	0.980294627717842
-0.12770855310235274	0.9871096676363856	0.09646258094871929
-0.5999759231852853	0.4913647969075541	0.6313394712497892
0.6567474423293604	0.7531551413797516	0.037949044877176014
-0.45684974399884337	0.43739909621905326	-0.7745775248707822
0.9361340746267718	0.35109184172523644	-0.01968534979773406
-0.34726309294433677	0.9142152104175745	-0.20885136657413303
-0.05532936472986584	0.20234887623886502	0.9777492488790047
0.9973836248558106	-0.05439730217086752	-0.04761132623667472
-0.022639894759542114	0.39043382061643517	-0.9203525774854603
0.06865376926841378	0.9190225052931972	0.388180750076372
-0.8460986227320184	-0.4039907377609785	0.34771914588403374
-0.5241934835822522	0.5123799047786203	-0.6802117500815135
0.09663494389135249	-0.7577983352993014	-0.6452932439106449
-0.3421462411600089	-0.7729356181145544	0.5343280639363314
-0.41257472429558817	-0.38732766991573775	-0.8244752106583098
0.8442263005453549	-0.5025413479182748	-0.1863709931829176
0.4180351934006864	0.259276853200673	-0.8706446407535093
0.3819250090318444	0.8194264426596201	0.4274033136818502
0.8242450270122812	-0.5111905891783974	0.24352477693443553
0.19326189607676036	-0.38654627534084346	0.9017936662812265
-0.9487973730365395	-0.3077004912345005	0.07144195275192278
0.24986673336756265	-0.8694264688368806	-0.42622087096018113
0.0481833997606369	-0.5796536903710954	-0.813437126781583
0.9979831391552294	0.0616342793896103	0.015194392584025496
0.041328125403660376	-0.8125286547828907	0.5814543586622474
-0.9979193762559542	0.03683419967032432	-0.05291654020789454
0.05220442741401454	-0.020034088102921288	-0.998435442616226
-0.037836705079881454	-0.9991205518097058	0.0180694964004815
-0.6167142046501028	-0.12600305840923773	0.7770372057078795
0.3206924327354863	0.8612628058386433	0.39418617792249244
-0.7189019080298694	0.49229016702597816	-0.49074477896412483
-0.8216413069915438	0.5654366332750428	0.07202066644937888
-0.02550499654375904	-0.16269429508533495	0.9863468261711947
0.5694339801913219	0.8085864085533907	0.1480978126313771
-0.9447828365974744	-0.03220818536197875	0.3261104482633426
0.22768422890207082	0.6512011580778361	0.7239454009988285
-0.23568046923769323	0.7582213954471172	-0.6079103814758611
-0.5923686200979275	0.1856259214087233	-0.7839913489474487
0.5224633968900678	-0.6522403917220385	-0.549194382997836
-0.6132955379206416	-0.7349323021254711	0.28938399136646487
0.28546724025057135	-0.11113235707702585	0.9519233445788727
0.751120654568173	-0.5909648979031328	-0.29424182525164505
0.5952530697315236	0.7990056874996854	-0.08522730969796855
-0.2224514682489689	-0.8276226946390541	-0.5153212780317429
-0.22791533004889913	0.5580643087266702	-0.7978839700445955
0.9479292940945434	-0.0600408414649114	-0.31277012445821284
0.9555800547178803	-0.1470718602936107	0.25541461770061163
-0.18278785438886913	0.38408373372497706	0.9050239144772885
-0.23120415072676898	-0.9115094916662456	0.3401398055051127
0.9974426630297666	-0.03690056117148854	0.06120851699981511
0.042622094674020956	0.9945672172640068	-0.09497056064554284
-0.05737151744277136	0.09733652412614273	0.9935965529616911
0.8946952376214589	-0.38143156116261456	-0.23244439319229016
-0.19933441120236586	-0.8066416028824315	0.5564127218260444
-0.39973269104251086	-0.45148564611547903	-0.7977308362246005
0.8340760268603926	-0.5513671529019709	0.017647779394484687
0.5510029014938912	0.8342204353291953	0.021727121863723796
-0.02670175953181617	-0.008398093827921144	0.9996081672625342
