$SPEC_ID:
No sample description was entered.
$SPEC_REM:
DET# 3
DETDESC# PHY-R11-34 131
AP# Maestro Version 7.01
$DATE_MEA:
11/22/2017 12:03:16
$MEAS_TIM:
100 100
$DATA:
0 2047
       0
       0
       0
       0
       0
       0
       0
       0
       0
       0
       0
       0
       0
       0
       0
       0
       0
       0
       0
       0
       0
       0
       0
       0
       0
       0
       0
       0
       0
       0
       0
       0
       0
       0
       0
       0
       0
       0
       0
       0
       0
       0
       0
       0
       0
       0
       0
       0
       0
       0
       0
       0
       0
       0
       0
       0
       0
       0
       0
       0
       0
       0
       0
       0
       0
       0
       0
       0
       0
       0
       0
       0
       0
       0
       0
       0
       0
       0
       0
       0
       0
       0
       0
       0
       0
       0
       0
       0
       0
       0
       0
       0
       0
       0
       0
       0
       0
       0
       0
       0
       0
       0
       0
       0
       0
       0
       0
       0
       0
       0
       0
       0
       0
       0
       0
       0
       0
       0
       0
       0
       0
       0
       0
       0
       0
       0
       0
       0
       0
       0
       0
       0
       0
       0
       0
       0
       0
       0
       0
       0
       0
       0
       0
       0
       0
       0
       0
       0
       0
       0
       0
       0
       0
       0
       0
       0
       0
       0
       0
       0
       0
       0
       0
       0
       0
       0
       0
       0
       0
       0
       0
       0
       0
       0
       0
       0
       0
       0
       0
       0
       0
       0
       0
       0
       0
       0
       0
       0
       0
       0
       0
       0
       0
       0
       0
       0
       0
       0
       0
       0
       0
       0
       0
       0
       0
       0
       0
       0
       0
       0
       0
       0
       0
       0
       0
       0
       0
       0
       0
       0
       0
       0
       0
       0
       0
       0
       0
       0
       0
       0
       0
       0
       0
       0
       0
       0
       0
       0
       0
       0
       0
       0
       0
       0
       0
       0
       0
       0
       0
       0
       0
       0
       0
       0
       0
       0
       0
       0
       0
       0
       0
       0
       0
       0
       0
       0
       0
       0
       0
       0
       0
       0
       0
       0
       0
       0
       0
       0
       0
       0
       0
       0
       0
       0
       0
       0
       1
       9
      13
      17
      12
      12
      15
      11
       9
      14
       7
      10
      15
       8
      12
      17
      14
       9
      11
       5
      11
       9
       9
      12
      11
      13
      12
      13
       7
      11
      11
       6
      14
      15
      10
      11
      12
      14
       8
       6
      17
      13
      18
      13
      18
       8
       8
      11
      19
      12
      14
      12
       8
       8
       4
      12
      11
      10
       8
       9
      18
      17
      19
       9
      12
      23
      17
      13
       5
       8
      14
      17
      11
      11
      17
      15
      12
      11
      14
      12
      16
      19
      17
      12
      11
      14
      15
      20
      13
      11
      12
      17
      17
      21
      19
      13
      19
      19
      15
      17
      16
      20
      16
      20
      21
      22
      23
      22
      25
      36
      24
      35
      27
      23
      33
      32
      32
      36
      32
      28
      40
      34
      32
      30
      32
      41
      37
      29
      39
      39
      26
      40
      33
      32
      39
      25
      34
      31
      39
      35
      34
      32
      39
      35
      30
      37
      23
      34
      28
      29
      37
      38
      36
      41
      27
      26
      32
      37
      29
      37
      34
      31
      33
      26
      28
      25
      48
      38
      33
      31
      33
      36
      42
      33
      25
      43
      27
      28
      41
      31
      29
      34
      33
      28
      31
      39
      39
      30
      35
      20
      27
      40
      42
      34
      25
      33
      33
      33
      34
      27
      48
      42
      42
      23
      41
      35
      26
      28
      43
      31
      24
      41
      40
      37
      36
      29
      29
      39
      34
      43
      33
      39
      34
      34
      32
      33
      41
      43
      34
      37
      43
      35
      37
      31
      41
      32
      24
      34
      26
      38
      29
      36
      37
      33
      33
      28
      34
      35
      33
      30
      38
      34
      35
      41
      33
      31
      40
      39
      37
      27
      30
      36
      34
      42
      35
      28
      39
      35
      38
      45
      35
      27
      36
      36
      37
      42
      33
      32
      32
      41
      34
      28
      34
      30
      40
      27
      37
      34
      38
      39
      35
      33
      26
      51
      33
      30
      41
      49
      37
      27
      38
      31
      36
      42
      32
      30
      32
      37
      41
      30
      44
      41
      29
      38
      39
      39
      40
      28
      35
      41
      34
      36
      38
      23
      40
      44
      33
      33
      36
      40
      43
      37
      28
      34
      36
      52
      40
      42
      28
      40
      47
      30
      40
      39
      27
      38
      39
      37
      34
      49
      27
      43
      41
      46
      33
      36
      36
      35
      32
      26
      41
      34
      36
      37
      32
      32
      23
      43
      34
      29
      38
      38
      35
      29
      35
      43
      27
      37
      41
      30
      35
      37
      26
      29
      45
      40
      43
      28
      39
      38
      34
      43
      29
      37
      41
      34
      40
      51
      40
      35
      43
      47
      43
      32
      44
      41
      33
      43
      28
      42
      30
      33
      40
      34
      41
      36
      30
      45
      48
      31
      39
      29
      43
      27
      43
      41
      39
      54
      53
      47
      41
      51
      39
      40
      33
      42
      40
      45
      33
      31
      43
      37
      46
      51
      40
      40
      34
      43
      42
      38
      45
      37
      52
      34
      44
      37
      61
      32
      52
      36
      39
      52
      46
      55
      58
      48
      65
      50
      42
      49
      43
      61
      39
      46
      50
      42
      44
      47
      46
      44
      49
      46
      48
      49
      47
      52
      53
      51
      50
      52
      47
      64
      50
      57
      49
      52
      62
      53
      52
      62
      46
      63
      53
      51
      44
      59
      52
      53
      36
      53
      53
      58
      44
      63
      56
      58
      54
      50
      62
      44
      56
      47
      55
      60
      62
      43
      62
      56
      43
      61
      51
      66
      51
      58
      55
      49
      51
      49
      56
      56
      61
      52
      49
      62
      39
      49
      43
      60
      54
      43
      49
      52
      54
      47
      66
      73
      54
      64
      65
      54
      43
      49
      52
      52
      66
      56
      50
      72
      74
      66
      50
      58
      55
      57
      61
      60
      50
      62
      63
      47
      61
      55
      44
      58
      56
      63
      54
      59
      49
      57
      62
      61
      54
      69
      49
      59
      70
      52
      66
      54
      55
      49
      75
      48
      62
      42
      56
      60
      50
      54
      52
      54
      67
      51
      55
      45
      62
      66
      71
      56
      62
      53
      67
      48
      52
      51
      48
      62
      59
      68
      67
      58
      59
      69
      69
      62
      73
      71
      62
      77
      49
      67
      62
      65
      75
      68
      60
      54
      57
      65
      50
      54
      53
      44
      57
      65
      57
      58
      70
      58
      72
      61
      56
      62
      66
      78
      67
      66
      62
      55
      65
      62
      69
      79
      62
      71
      66
      71
      59
      68
      63
      75
      67
      66
      74
      80
      69
      73
      71
      75
      78
      69
      43
      75
      64
      75
      73
      67
      67
      75
      90
      76
      71
      71
      63
      69
      76
      74
      84
      86
      58
      72
      69
      78
      83
      80
      63
      49
      76
      69
      69
      70
      74
      68
      75
      78
      58
      66
      70
      83
      62
      80
      85
      81
      72
      69
      86
      73
      58
      75
      73
      77
      78
      79
      69
      92
      77
      78
      66
      79
      85
      71
      93
      70
      75
      61
      81
      80
      85
      76
      76
      75
      84
      84
      83
      84
      73
      88
      94
      72
      71
      68
     106
      82
      84
      80
      70
      96
      94
      87
      83
      89
      92
      77
      81
     102
      79
      89
     101
     108
      73
      97
     100
     106
      96
     100
      97
      85
      92
     114
     122
     104
      94
     100
     103
     100
      88
     113
      94
     106
     106
      89
     109
      99
     112
      97
      96
      98
     124
      90
     107
     112
     108
     129
     120
     127
     112
     111
     121
     128
     118
     142
     115
     123
     124
     119
     124
     115
     123
     112
     139
     135
     140
     128
     140
     147
     149
     152
     140
     140
     146
     162
     181
     141
     168
     162
     158
     161
     184
     166
     176
     172
     188
     172
     195
     195
     181
     204
     192
     194
     181
     211
     186
     218
     219
     216
     253
     248
     251
     236
     255
     221
     216
     244
     236
     268
     238
     249
     272
     250
     252
     243
     275
     273
     251
     323
     265
     266
     270
     299
     303
     294
     301
     297
     314
     290
     305
     301
     313
     312
     295
     315
     314
     281
     290
     326
     306
     277
     294
     313
     316
     262
     313
     295
     314
     291
     252
     316
     297
     282
     278
     305
     306
     304
     285
     293
     306
     292
     311
     317
     297
     298
     288
     280
     282
     331
     273
     326
     279
     297
     294
     269
     251
     275
     275
     286
     257
     271
     241
     249
     244
     248
     247
     222
     236
     200
     225
     209
     187
     232
     196
     221
     172
     182
     198
     158
     164
     148
     164
     150
     148
     120
     106
     111
     127
      92
      82
      73
      69
      69
      41
      38
      37
      36
      34
      25
      29
      21
      23
      15
       9
      14
      11
      13
       9
      14
       5
       7
       3
       8
       5
       4
       7
       5
       7
       4
       9
       3
       3
       7
      10
       6
       3
       6
       5
       3
       4
       2
       8
       2
       8
       7
      10
       7
       6
       4
       7
       2
       2
       4
       3
       4
       7
       6
       4
      10
       3
       7
       4
       4
       7
       8
       8
       6
       6
       3
       7
       7
       2
      11
       9
       6
       6
       8
       5
       6
       7
       5
       9
       3
      10
       3
       5
       5
      10
       8
       4
       4
       6
       2
       9
       5
       8
       4
      15
       4
       4
       7
       4
       5
       8
       9
      10
       6
       5
       8
       9
       5
       8
       5
       9
      12
       6
      11
       6
       7
       5
       8
       5
       8
       6
       9
       5
       6
      14
      11
       8
       3
       7
      10
       7
      11
      15
      10
      10
      10
       7
      12
       6
       8
      12
      13
      13
       6
      17
      11
      15
       9
       9
       8
      12
      11
      11
      13
      15
      10
      11
      13
      13
      13
      14
      13
       7
      19
      17
      19
      13
      16
      12
      14
      15
      14
      17
      14
      15
      10
      10
      10
      12
      13
      15
      11
      17
      19
       9
       8
      13
      14
      15
      17
      20
      15
      17
      16
      13
      10
       8
      11
      15
      19
      17
      21
      13
      12
      16
      16
      15
      12
      25
      11
      13
      17
      16
      13
      14
      12
       5
       9
      14
       7
      10
      19
      11
       8
       6
      14
       9
      11
      13
      17
       8
      11
       8
      17
       8
      11
      15
      11
      12
       9
      14
      12
       7
      12
      12
      13
      10
      15
       7
      13
      10
      11
       6
       9
       6
       8
      10
      11
      12
      11
      10
       8
       4
       2
       5
       8
       6
       7
       4
       4
       3
       1
       2
       5
       2
       4
       2
       2
       0
       1
       3
       0
       0
       2
       1
       1
       0
       0
       1
       0
       0
       1
       0
       0
       1
       0
       0
       0
       0
       1
       0
       0
       0
       0
       0
       0
       0
       0
       0
       0
       0
       0
       0
       0
       0
       0
       0
       0
       0
       0
       0
       0
       1
       0
       0
       0
       0
       0
       0
       0
       0
       0
       0
       0
       0
       0
       0
       0
       0
       0
       0
       0
       0
       0
       0
       0
       0
       0
       0
       0
       0
       0
       0
       0
       0
       0
       0
       0
       0
       0
       0
       0
       0
       0
       0
       0
       0
       0
       1
       0
       0
       0
       0
       0
       0
       0
       0
       0
       0
       0
       0
       1
       0
       0
       0
       1
       0
       0
       0
       0
       0
       0
       0
       0
       0
       0
       0
       0
       0
       0
       0
       0
       0
       0
       0
       0
       0
       0
       0
       0
       0
       0
       0
       0
       0
       0
       1
       0
       0
       0
       0
       0
       0
       0
       1
       0
       0
       0
       0
       0
       2
       0
       0
       0
       0
       0
       0
       0
       1
       0
       0
       0
       0
       0
       0
       0
       0
       0
       0
       0
       0
       0
       0
       0
       0
       0
       0
       0
       0
       0
       0
       0
       0
       0
       0
       0
       0
       1
       0
       0
       0
       0
       0
       0
       0
       0
       0
       0
       0
       0
       0
       0
       0
       0
       0
       0
       0
       0
       0
       0
       1
       0
       0
       0
       0
       1
       0
       0
       0
       0
       0
       0
       0
       0
       0
       0
       0
       0
       0
       0
       0
       0
       0
       0
       1
       0
       1
       0
       0
       0
       0
       1
       0
       0
       0
       0
       0
       0
       0
       0
       0
       0
       0
       0
       0
       0
       0
       1
       0
       0
       0
       0
       0
       0
       0
       0
       0
       1
       0
       0
       0
       0
       0
       0
       0
       0
       0
       1
       1
       0
       1
       0
       0
       0
       0
       0
       0
       0
       0
       0
       0
       0
       0
       1
       1
       0
       0
       0
       0
       0
       0
       0
       0
       0
       0
       0
       0
       0
       0
       0
       0
       0
       0
       1
       0
       0
       0
       0
       0
       0
       0
       0
       0
       0
       0
       0
       0
       0
       0
       0
       0
       0
       0
       0
       0
       0
       0
       0
       0
       0
       0
       0
       0
       0
       0
       2
       1
       0
       0
       0
       0
       0
       0
       0
       0
       0
       0
       0
       0
       0
       0
       0
       0
       0
       1
       0
       0
       1
       0
       0
       0
       0
       0
       0
       0
       0
       0
       2
       0
       0
       0
       0
       0
       0
       0
       0
       0
       0
       0
       0
       0
       0
       0
       0
       0
       0
       0
       0
       0
       0
       0
       0
       0
       0
       0
       0
       0
       0
       0
       0
       0
       0
       0
       0
       0
       1
       0
       0
       0
       0
       0
       0
       0
       0
       0
       0
       1
       0
       0
       0
       0
       0
       0
       0
       0
       0
       0
       0
       0
       0
       0
       0
       0
       0
       0
       0
       0
       0
       0
       0
       0
       0
       0
       0
       0
       0
       0
       0
       0
       0
       0
       0
       0
       0
       0
       0
       0
       0
       0
       0
       0
       0
       0
       0
       0
       0
       0
       0
       0
       0
       0
       0
       0
       0
       0
       0
       0
       0
       0
       0
       0
       0
$ROI:
0
$PRESETS:
Live Time
100
0
$ENER_FIT:
939.362000 -7.060163
$MCA_CAL:
3
9.393620E+002 -7.060163E+000 2.908719E-002 keV
$SHAPE_CAL:
3
3.318042E-001 8.318850E-002 -1.200860E-004
