-0.51457965374   -0.772652328014   -0.371774375439
-0.0700105726719   0.469998270273   -0.879886448383
0.854579627514   -0.426743507385   -0.295945376158
-0.138169839978   -0.862597286701   0.486656934023
0.71175122261   0.255206823349   0.654430806637
-0.688708424568   0.436801284552   0.578692793846
0.769713580608   0.217897355556   -0.60005146265
0.258974432945   0.752551853657   0.605473339558
0.583500862122   -0.621439039707   0.522819519043
0.949654698372   -0.198064014316   0.24274790287
0.103762693703   0.929921686649   0.352815777063
-0.295616656542   -0.309864997864   0.903656184673
-0.609788775444   0.730816662312   -0.306699544191
0.406022727489   -0.0442846566439   -0.912789344788
-0.680663764477   -0.681135714054   -0.269723892212
0.599536001682   -0.682654500008   0.417779147625
0.534598052502   0.73004502058   0.425721943378
-0.595618605614   -0.0318916961551   0.802634060383
0.228822410107   -0.949282646179   -0.215645000339
-0.819550812244   -0.0683113858104   -0.568920075893
0.525334954262   0.30691370368   -0.793616533279
0.947296559811   -0.19534689188   0.253907054663
-0.112754315138   -0.945167303085   -0.306504786015
0.299859404564   0.261721819639   -0.917379975319
-0.993702948093   0.0820029750466   0.0763545408845
-0.108309701085   -0.528467714787   -0.842015981674
-0.0286969076842   -0.844983696938   0.534021615982
-0.986035645008   0.0759842172265   -0.148189395666
0.0650790557265   0.994896709919   0.0771052390337
0.153291925788   0.0663844943047   -0.985948622227
-0.890185236931   -0.221044898033   -0.398383408785
-0.454723417759   0.376888513565   0.806958258152
-0.0282278731465   0.899496614933   -0.436014890671
0.895055115223   0.034848973155   -0.44459182024
-0.443242102861   0.179326787591   -0.878281474113
0.0491200201213   0.983172118664   0.175953894854
0.192921072245   0.685333967209   0.702209949493
-0.376484543085   0.712579846382   -0.592021465302
-0.906113028526   -0.150157764554   0.395489305258
-0.442694962025   0.803681135178   0.397640287876
0.864993691444   0.265932887793   0.425518006086
0.236235156655   0.532331049442   -0.812906265259
-0.839339017868   0.521059513092   0.154941827059
-0.48421266675   -0.846168220043   0.222570091486
0.247079119086   0.111786969006   0.962525606155
-0.0177936051041   0.599388420582   -0.800260543823
0.516596615314   0.690786600113   0.505906939507
0.856043994427   -0.404409974813   -0.321933597326
0.732717335224   -0.680389940739   0.0139570310712
0.666833877563   0.713722288609   -0.214320063591
0.135859787464   0.166343048215   0.976663768291
-0.217609524727   -0.918633401394   0.329785943031
-0.96223205328   0.258539825678   0.0852445363998
-0.16357126832   -0.298780560493   -0.940199255943
0.116374179721   0.922160208225   0.368887037039
0.869416356087   -0.274146676064   0.411045998335
0.480179399252   0.272881269455   -0.833644747734
0.916644155979   -0.0117945047095   -0.399530231953
-0.0574907958508   -0.993061482906   -0.102585315704
-0.395548135042   0.117003537714   -0.910962045193
0.816270887852   0.127796530724   0.563355922699
-0.566370248795   -0.0148904565722   0.824016392231
0.113695062697   -0.991688609123   0.0602255091071
0.209796801209   -0.66004627943   -0.721335053444
0.976269125938   0.100893087685   0.191622525454
-0.0537020154297   -0.744418919086   0.665549814701
-0.505557358265   0.34287700057   -0.791736781597
-0.846061170101   -0.0171719621867   0.532809138298
0.169092327356   0.939223349094   0.298776328564
-0.299987137318   0.863631546497   0.40515217185
-0.176933959126   -0.467716693878   0.865988135338
0.937391102314   0.188100114465   0.293114751577
0.160953000188   0.74745464325   -0.644519746304
0.642721533775   -0.57496380806   -0.506286144257
-0.749001443386   -0.332758426666   -0.572947323322
-0.222910344601   0.42622885108   -0.876721143723
-0.909716367722   -0.414148241282   0.0299562271684
-0.350324302912   0.804245114326   0.48006528616
0.949224174023   0.185528501868   0.254072040319
-0.0132385762408   0.830443024635   -0.556946277618
-0.314321756363   0.525303304195   0.790732741356
-0.0845486372709   -0.84568041563   -0.526949882507
-0.0279463417828   0.530647993088   -0.847131431103
0.996027350426   -0.0568974912167   -0.0684992447495
0.923563539982   -0.105115890503   0.368756115437
-0.105382271111   0.855077445507   0.507678210735
-0.368680089712   -0.507733404636   0.778640985489
-0.961647868156   -0.266018211842   -0.0668409317732
0.261194348335   -0.962528944016   0.0729080066085
-0.0837311893702   0.0526533573866   0.995096325874
0.206091612577   -0.160367205739   0.965302348137
0.24404489994   -0.946883916855   -0.20941080153
0.947611927986   0.278734922409   -0.156008034945
-0.338838428259   -0.242870941758   0.908956646919
0.837284207344   -0.518482387066   0.173583358526
0.429119646549   0.819871783257   0.379033744335
0.640375077724   0.491187781096   -0.59046959877
0.191266551614   -0.846542537212   -0.496772438288
-0.743866145611   0.205183595419   -0.636052548885
-0.328047454357   0.0861726254225   0.940722644329
0.812652468681   0.533476054668   0.234519228339
-0.481643855572   0.841414034367   -0.245033860207
0.764398217201   -0.26161506772   -0.589281737804
0.503879606724   -0.327813386917   0.79915189743
-0.402244627476   -0.907797276974   -0.118757456541
-0.990337312222   -0.0955462232232   0.10051330179
-0.069374166429   -0.286254972219   -0.955638706684
0.12008010596   -0.953377664089   0.276860535145
0.744121968746   0.612491548061   0.266714513302
0.247922807932   -0.623927652836   0.741113066673
0.620336055756   -0.485353887081   -0.616128921509
-0.492876678705   0.397119998932   0.774188816547
-0.861005067825   -0.0942942351103   -0.499778836966
-0.125470623374   -0.912909805775   0.388397753239
0.38691675663   0.874081075191   -0.29373061657
-0.461207419634   -0.0923932865262   -0.882468819618
-0.798488020897   0.47691270709   0.367384165525
0.717289030552   0.674563586712   0.174529179931
0.592232704163   -0.722197473049   0.357339173555
0.367092519999   -0.152953580022   -0.917522907257
0.623060166836   -0.775006890297   0.105642549694
-0.738285005093   -0.538104176521   0.406668365002
-0.258324086666   -0.331373155117   -0.907447218895
0.473482072353   -0.839980065823   0.265043765306
-0.809639692307   -0.296563565731   0.506491482258
-0.346840441227   -0.454404562712   -0.820498764515
0.648958325386   -0.695177137852   -0.309163063765
0.027486179024   -0.38466578722   0.922646582127
-0.760327279568   -0.607256948948   -0.23052431643
-0.161841034889   -0.564944505692   -0.809101462364
0.352704465389   0.732635855675   -0.582103312016
0.921632826328   -0.379581898451   0.0806878954172
0.888715088367   0.451681256294   0.0785461217165
0.320636183023   -0.489900946617   -0.810672223568
-0.327685624361   0.745641410351   -0.580207765102
-0.226935952902   0.792837142944   0.565605282784
0.62616455555   0.563590824604   -0.538779497147
-0.74593436718   0.231893509626   -0.624345541
0.107992082834   -0.0753292441368   0.991293728352
0.881697654724   -0.453406125307   -0.130507335067
0.459289669991   0.888115048409   0.0174533445388
0.0666819959879   -0.679405033588   -0.730727255344
0.968328714371   0.220670491457   -0.116807684302
0.240609660745   -0.69979518652   0.672602176666
0.147580757737   -0.514434039593   -0.844735205173
0.982674896717   -0.0205505173653   0.184194773436
-0.112115807831   -0.857283651829   0.502488553524
-0.404708296061   0.347426980734   0.845875680447
0.521943211555   0.847298502922   -0.0982882156968
-0.750857174397   0.401721000671   -0.524245858192
-0.114827901125   -0.993128478527   0.0225912965834
-0.965030729771   0.116916202009   0.234619572759
-0.235648661852   0.00513957766816   -0.971824705601
0.464320838451   0.185927823186   -0.865931272507
-0.229628711939   0.969555318356   0.0850482136011
0.855381071568   0.159353032708   0.492879092693
-0.80981773138   -0.369387388229   -0.455794066191
-0.379989683628   -0.26167756319   0.887205004692
-0.446993410587   0.891671359539   0.0715477317572
-0.697270870209   -0.143231064081   -0.702351927757
-0.331358462572   -0.804449796677   0.493013262749
-0.635621666908   0.576494038105   0.513458549976
0.0601343624294   -0.324068784714   -0.9441203475
0.672879874706   -0.685469210148   0.27814501524
-0.737303555012   -0.652005672455   0.176839113235
-0.900232195854   0.421390801668   0.109598234296
-0.435269713402   -0.864573121071   -0.251104682684
-0.0110575174913   -0.273757308722   0.961735248566
0.489464819431   -0.866305947304   0.0996902659535
-0.540713846684   -0.211821779609   0.814100801945
-0.684143781662   -0.452377617359   -0.57210290432
-0.586929619312   -0.191763281822   -0.786600589752
-0.43273293972   -0.746834039688   0.504956543446
-0.684292256832   0.636761903763   0.35535672307
-0.344327241182   -0.887826919556   -0.305290281773
0.935986876488   -0.349996030331   -0.0378325544298
-0.0732616186142   -0.29877448082   0.951507508755
0.646830022335   0.355936169624   -0.674477875233
-0.548529028893   -0.397301882505   -0.735708594322
-0.529836654663   0.845849096775   -0.0617454499006
0.761547386646   -0.583845853806   0.281370908022
-0.521022975445   -0.809717357159   -0.2699868083
0.385461568832   0.0590070337057   -0.920835256577
-0.691199421883   -0.345687389374   -0.634620845318
-0.625552296638   -0.153495445848   0.764933645725
-0.361839324236   0.925710201263   -0.110149592161
-0.897036969662   0.193144604564   0.397517114878
0.0958638191223   -0.793002784252   0.601628422737
0.431433469057   0.577790439129   0.692837178707
0.563792109489   0.150380134583   0.812111020088
-0.381357491016   -0.82479006052   0.417477875948
0.732601463795   -0.54507535696   -0.407661527395
-0.445107758045   -0.467083215714   0.764010727406
0.400953531265   -0.866839051247   -0.296355038881
0.800696790218   0.174422875047   0.573115468025
0.810462236404   0.129968300462   0.571191012859
0.170568913221   0.88046759367   -0.442360818386
-0.560408055782   0.455944180489   0.69141715765
-0.621903002262   0.531781256199   -0.574843764305
-0.0291408095509   -0.749274253845   -0.661618411541
-0.782551884651   -0.394711077213   0.481472432613
-0.58953744173   -0.383550673723   0.710868775845
-0.513315975666   0.857405543327   0.0369118712842
-0.623660385609   -0.343139350414   -0.702355384827
0.566307425499   0.485356897116   -0.666126549244
0.0382695384324   -0.822828769684   -0.566999316216
-0.823305130005   0.295603603125   -0.484548449516
0.928032934666   0.354718506336   0.113708354533
0.337486237288   -0.929877221584   0.146394744515
0.157663732767   -0.0974841415882   -0.98266929388
0.682566046715   0.730803370476   -0.00548217725009
0.303769856691   -0.276880592108   0.911625504494
0.664701044559   -0.623909890652   -0.410985320807
0.202657625079   -0.161639496684   -0.965817034245
0.796812176704   0.600535452366   0.0666894689202
0.569227695465   -0.78308993578   0.250499397516
-0.316001236439   0.281127542257   -0.906151473522
-0.25137335062   0.896150231361   0.365685880184
0.914852261543   0.343339532614   -0.212516605854
-0.165747687221   0.0730752795935   -0.983457028866
-0.0497212260962   -0.996601700783   -0.0656721889973
-0.984913945198   0.0380136743188   0.168817833066
0.553876638412   -0.832208693027   -0.0254829712212
0.28666689992   0.161877274513   0.944255173206
-0.781692266464   -0.530305981636   0.328226715326
0.170327439904   0.878267765045   -0.446804493666
0.393580764532   0.355054795742   0.8479565382
0.903373003006   -0.320283919573   -0.285193741322
-0.466639280319   -0.634099602699   0.616575598717
0.202306777239   -0.755173623562   -0.623526096344
0.860999286175   -0.166224360466   0.480676323175
0.167135715485   0.447623491287   -0.878463923931
0.81366455555   0.44055351615   0.379292190075
0.556790471077   -0.778168261051   -0.290583133698
0.259568929672   0.522195696831   -0.812364220619
0.371801227331   0.722318351269   0.583112359047
0.891284346581   -0.453395843506   -0.00666160602123
0.281037151814   0.250220477581   -0.926503002644
0.768791913986   -0.636555790901   0.0612839646637
-0.574436366558   -0.729511082172   -0.371263295412
0.94858199358   0.299881517887   -0.101307801902
0.234942778945   -0.881521344185   -0.409538805485
-0.212118119001   0.364679604769   -0.90665024519
0.754249572754   0.561224520206   0.340785294771
-0.0364170335233   -0.48246794939   0.875156283379
0.655577123165   -0.67249661684   -0.343463122845
0.606098175049   0.0467423200607   0.794015228748
0.334460765123   -0.920702338219   -0.201104849577
0.721651554108   0.38745623827   -0.573669493198
-0.736744523048   0.522717654705   -0.428921610117
-0.209701701999   0.426428586245   0.879877150059
0.642831802368   0.738190293312   -0.204554140568
-0.760432004929   -0.453992247581   -0.464364260435
0.399869203568   -0.890748500824   0.216036349535
-0.511710584164   -0.021404011175   0.858891248703
0.0349458381534   -0.983097612858   -0.179716080427
0.928704023361   -0.0344823747873   0.369215071201
-0.369171470404   -0.179805576801   0.911801695824
-0.632526397705   0.558600485325   0.536540567875
-0.625334858894   0.0404395535588   -0.779308021069
-0.457019299269   -0.82845044136   0.323733270168
0.989529371262   -0.142209127545   0.0246619675308
0.00327703589574   -0.148689240217   -0.988878548145
0.144294530153   0.978605151176   -0.14666634798
-0.472214639187   -0.880985677242   0.0296230018139
-0.851124644279   0.446949988604   -0.275359004736
0.229347348213   -0.155241414905   -0.960884928703
0.10854472965   -0.982079982758   -0.154068052769
-0.0628188624978   0.147897705436   -0.987005591393
0.992104768753   0.116812631488   -0.0456396341324
0.344757378101   -0.280114352703   0.895923137665
-0.853835165501   0.302973628044   0.423287659883
-0.390010029078   -0.910902261734   -0.134719103575
0.365906089544   0.263538211584   -0.892558336258
0.44058150053   0.795733690262   0.415566891432
0.819756448269   -0.545303165913   0.175053745508
-0.425494790077   0.22549200058   0.876417458057
-0.897582769394   -0.228572234511   -0.376961439848
0.115322902799   -0.947052299976   0.29965403676
-0.76977288723   0.62808161974   0.113855868578
-0.623724579811   -0.778034567833   0.0750324949622
0.135710328817   -0.0132567202672   0.990659892559
-0.583198666573   -0.75611448288   -0.296934694052
0.778577923775   -0.624557077885   0.0611952580512
-0.231723293662   -0.195497810841   0.952934920788
0.0316791310906   -0.742968440056   0.668576359749
0.86178869009   -0.318521112204   -0.394796878099
0.506277263165   0.588678359985   0.630191326141
0.989532411098   0.141521573067   0.0282347686589
-0.0583131164312   0.213154837489   0.975276648998
0.132004320621   -0.966714382172   0.219176188111
-0.767341434956   0.103773728013   -0.632786035538
0.0312691703439   0.991699695587   0.124715521932
0.640475928783   0.0759126916528   -0.76421713829
0.744628548622   -0.550409495831   -0.377594590187
-0.420327752829   -0.82611644268   0.375308096409
-0.51851028204   -0.12075162679   -0.846502304077
0.0889180973172   0.927862942219   -0.362165629864
0.886223614216   0.0922691524029   0.453975856304
0.454644083977   -0.361326426268   -0.814089655876
-0.415912777185   0.847657680511   -0.329382777214
0.905936896801   0.417794495821   -0.0687468275428
0.0793405324221   -0.326992690563   -0.941690444946
-0.961473464966   0.262653321028   -0.0811295583844
0.178720220923   0.373000741005   -0.910455644131
-0.208872824907   -0.889878451824   -0.405571788549
0.598477721214   0.728721618652   -0.332850128412
-0.799520909786   0.516883134842   -0.305938184261
-0.0508991591632   0.449217826128   0.891971230507
-0.643635928631   0.168220669031   -0.746615409851
-0.361406743526   0.793116569519   0.490256369114
0.67462426424   0.585378468037   -0.449682235718
-0.793758094311   0.473923891783   -0.381240338087
0.434508442879   0.00321973254904   -0.900662004948
-0.425617754459   -0.880559921265   -0.208479627967
-0.973904907703   -0.149235188961   0.170991316438
0.185628563166   -0.0903008803725   0.978461921215
-0.130580291152   0.984669804573   0.115646786988
-0.572812318802   0.519679903984   0.633891820908
0.694604814053   0.718346714973   0.0387571342289
-0.435212820768   0.462504863739   -0.77245002985
0.934239804745   0.356640994549   -0.00179644254968
-0.34475043416   0.901778936386   -0.260656714439
-0.0913408696651   0.244135200977   0.965429902077
0.997470319271   -0.0709320679307   -0.0046420856379
0.022743139416   0.380329340696   -0.924571454525
0.0673472881317   0.922127008438   0.380980432034
-0.851834833622   -0.40909036994   0.327142983675
-0.511971235275   0.518203139305   -0.685091912746
0.11073795706   -0.751072943211   -0.650865972042
-0.34458231926   -0.795693993568   0.498130649328
-0.463497877121   -0.317235380411   -0.827364146709
0.816353321075   -0.515977561474   -0.259488791227
0.437063097954   0.307838886976   -0.845110118389
0.317411065102   0.826361119747   0.465163946152
0.841561675072   -0.471553295851   0.263460487127
0.155500814319   -0.411676645279   0.897965371609
-0.96190726757   -0.270006686449   0.0427877530456
0.224841922522   -0.870412945747   -0.437981039286
0.0339755378664   -0.600662767887   -0.79878026247
0.998388707638   0.0567449219525   -0.000205023083254
0.0454498715699   -0.797486186028   0.601622879505
-0.996002137661   0.012669951655   -0.0884263440967
0.0883659571409   -0.00525006232783   -0.996074259281
-0.0130844563246   -0.999905943871   0.00410948088393
-0.562002241611   -0.136848315597   0.815736472607
0.336217492819   0.863270401955   0.376459896564
-0.755719065666   0.485836178064   -0.439149081707
-0.833136796951   0.544788658619   0.095333121717
0.00391289079562   -0.166561305523   0.986023306847
0.55305314064   0.82186537981   0.136636659503
-0.929052114487   -0.0133822336793   0.369706749916
0.269738823175   0.659429490566   0.701707661152
-0.25318595767   0.751647293568   -0.609034657478
-0.57742613554   0.169230312109   -0.798711538315
0.526134133339   -0.670933425426   -0.522523880005
-0.624309182167   -0.721948385239   0.298376649618
0.301179856062   -0.104388237   0.947836399078
0.719437718391   -0.627514958382   -0.297715246677
0.625859498978   0.771575033665   -0.113894037902
-0.249366641045   -0.809994578362   -0.530777752399
-0.217777699232   0.580958306789   -0.784257829189
0.94360435009   -0.0799761787057   -0.321270376444
0.948026657104   -0.11744877696   0.295721650124
-0.233858630061   0.373036324978   0.897860825062
-0.215767562389   -0.920353055   0.326181948185
0.999999940395   -7.5090698374e-05   0.000261636334471
7.51067273086e-05   1.0   -6.12682415522e-05
-0.000261631736066   6.12878939137e-05   0.999999940395
0.897219717503   -0.403696060181   -0.178958743811
-0.276411056519   -0.829480588436   0.485344111919
-0.344374299049   -0.385994136333   -0.855812430382
0.866021633148   -0.500006496906   0.000266198738245
0.500006496906   0.866021633148   0.000139447191032
-0.000300258368952   1.23368035929e-05   0.999999940395
