-0.512415319939   -0.78319152216   -0.352195371219
-0.0742792753197   0.449018042141   -0.890429888924
0.85551921612   -0.430109099471   -0.288258622425
-0.156589513057   -0.855761457761   0.493104503945
0.70504679848   0.252778566957   0.662579812581
-0.691656516165   0.451414802036   0.563769403346
0.786598832607   0.211772799758   -0.580012549712
0.260918240839   0.737360318926   0.623074178306
0.559628401834   -0.641445275418   0.524751379707
0.950991127199   -0.170622962117   0.257883075807
0.0652120092209   0.925892491991   0.372116227982
-0.302263576772   -0.33706215758   0.891642210803
-0.606819398846   0.740977464912   -0.287615391934
0.346773269337   -0.0787961682509   -0.934633331068
-0.715205227091   -0.666890965872   -0.209136134563
0.579525504467   -0.698362400328   0.4200477919
0.537703507348   0.714978396428   0.446856611036
-0.612392952162   -0.0331036319767   0.789860127929
0.229921906657   -0.949200684985   -0.214834765489
-0.808104011537   -0.0631952477842   -0.585640049173
0.542313399592   0.30826031253   -0.781582853153
0.946810711736   -0.200860622208   0.251405024984
-0.116044135144   -0.941823207026   -0.315440652747
0.300138692674   0.269488510242   -0.915036998163
-0.995744642538   0.071010985687   0.0587370987397
-0.0879363670748   -0.541508218481   -0.836083754575
-0.027564509832   -0.837691046407   0.545448355546
-0.986493166305   0.062451676001   -0.151429921078
0.0536030397619   0.996646145054   0.0618318338515
0.154783548742   0.0528795774739   -0.986532210992
-0.885925994523   -0.230359970096   -0.402578459938
-0.462408071574   0.370820430294   0.805401132244
-0.0362478629973   0.89968132839   -0.435039768038
0.889840185087   0.0284317739264   -0.455385637933
-0.451435483145   0.199800054092   -0.86964702204
0.0662604675652   0.97942410253   0.190625228712
0.205164313549   0.671671186785   0.711874582556
-0.361657344516   0.727895455419   -0.582556581919
-0.909456744218   -0.137934849923   0.392252989247
-0.454554146714   0.792281275057   0.40702691422
0.856092911678   0.262428232684   0.445237407756
0.245937907366   0.550837366094   -0.797554225012
-0.836389152073   0.534118693679   0.123168207573
-0.507017682257   -0.839251264004   0.196444357888
0.208293677707   0.101855470792   0.972748275196
-0.0053740056112   0.578929081629   -0.81536018943
0.503496064395   0.706042405046   0.497991802559
0.863980806038   -0.407854435701   -0.29528279001
0.727651493611   -0.683842175957   0.0536952719331
0.676374750995   0.702263876526   -0.222132041685
0.114195008917   0.197952838094   0.973536940146
-0.196801577471   -0.924975898299   0.325098026248
-0.963973968322   0.24306944027   0.108034418606
-0.178950628671   -0.292124690453   -0.939489136566
0.0954508478576   0.925034019167   0.367697156676
0.868046633734   -0.258146084783   0.424093905373
0.487220871173   0.278698156247   -0.827612929091
0.930337228296   0.00805378968711   -0.366616663721
-0.038482593423   -0.992094291036   -0.119448765989
-0.364680314316   0.125235993886   -0.922672322217
0.817736154281   0.141231990127   0.557997407652
-0.562345253059   -0.0107647781474   0.826832471492
0.122781913751   -0.989917998885   0.0706183909442
0.197440896864   -0.673968136806   -0.711887661655
0.979146357478   0.100134501923   0.176763944748
-0.0478487500714   -0.731942642627   0.679684092076
-0.492918354342   0.36976289961   -0.787595641192
-0.841367853503   0.0280379081539   0.539735130225
0.221656561023   0.928703006229   0.297286217603
-0.277603182305   0.874309970499   0.398143879346
-0.172611233718   -0.453081305681   0.874598589318
0.945061815528   0.174067245423   0.27669253496
0.157645741089   0.756861216993   -0.634278265849
0.632905236077   -0.570482532596   -0.523431602168
-0.758009750902   -0.318921272752   -0.568955568848
-0.191029867269   0.44064506513   -0.877120012534
-0.917481053371   -0.397779482221   -1.51427437913e-05
-0.348907017007   0.804738100316   0.48027126021
0.940807914657   0.177530353437   0.288727278459
0.0118190809848   0.834151574161   -0.551408614957
-0.338734080132   0.522182080249   0.78267815737
-0.0715733206637   -0.852672141813   -0.517520510073
-0.0227847055602   0.520113474379   -0.85379320152
0.997175068361   -0.0493172621495   -0.0566541321739
0.922616444623   -0.112663327063   0.368898184932
-0.0997732482506   0.854135116047   0.510390539164
-0.37259119024   -0.507700874797   0.776798317896
-0.9603278978   -0.256545096727   -0.109338657626
0.244652211148   -0.963210932269   0.111220481649
-0.133849259568   0.0800581869823   0.987762654898
0.201710033166   -0.142919126285   0.968961911461
0.248796595648   -0.94937066519   -0.191821776842
0.947319015176   0.279766801853   -0.15593979629
-0.334335412183   -0.24397358014   0.91032781148
0.848572444604   -0.498188794122   0.178136834118
0.410054433483   0.832036548239   0.373591413146
0.630851355385   0.498964026093   -0.594189757632
0.185651273517   -0.840627595649   -0.508801385684
-0.7533658952   0.210665958565   -0.622944364972
-0.334173857859   0.0924457517382   0.937966745524
0.80806871916   0.540342230194   0.234638486578
-0.485131711846   0.836351634933   -0.255270767827
0.758091070888   -0.278933750734   -0.589486124469
0.493522471723   -0.345499712669   0.798163841858
-0.426302120736   -0.896005530813   -0.12426017306
-0.992744071525   -0.0603787868027   0.103988511658
-0.0833812671491   -0.277456716052   -0.95711302102
0.086641633994   -0.958838971268   0.270409050213
0.739145487051   0.609556409036   0.286539583958
0.25631678736   -0.647969371082   0.717242914679
0.622868889486   -0.456701957893   -0.635183176861
-0.503281745191   0.392979440728   0.769593817623
-0.853981489391   -0.0901506511928   -0.512433874628
-0.131996593649   -0.915117489318   0.380968345155
0.379113317644   0.873566212048   -0.305213311561
-0.445322891281   -0.11689119447   -0.887707142675
-0.811147714591   0.472460074318   0.344704022736
0.726623112055   0.665016381101   0.172545837084
0.575131443382   -0.726156394853   0.376723656075
0.375822665442   -0.17449957903   -0.910113850602
0.611007818761   -0.786783470948   0.0874140449564
-0.743796867356   -0.53278129115   0.403621500805
-0.270990157617   -0.311634185613   -0.910740615561
0.474396195969   -0.843375277565   0.252321997537
-0.807361758546   -0.302583332193   0.506567189932
-0.350877813614   -0.444028679558   -0.824453328966
0.642445504422   -0.697114468871   -0.318269054636
0.031138325889   -0.391225535871   0.919767897213
-0.765698490601   -0.600811116219   -0.229634109222
-0.170867273848   -0.570423018042   -0.803381575104
0.345609743212   0.728867088993   -0.591021718704
0.922690782508   -0.378642769732   0.0726042202936
0.891727794357   0.444267236115   0.0863027443727
0.321301900654   -0.487164246469   -0.812056700975
-0.31872657468   0.751862766652   -0.577161806355
-0.235373514431   0.797386841614   0.555673945335
0.629293996938   0.560743471549   -0.538103916109
-0.740667519284   0.223026868191   -0.633774914258
0.118577882598   -0.0510232506856   0.991632953087
0.878804006103   -0.459491544753   -0.128728548341
0.462215106434   0.886715370449   -0.00964609734141
0.0470074906227   -0.695939874027   -0.716559828322
0.9693152316   0.205058552836   -0.135569066154
0.241284640237   -0.688199594339   0.684224408171
0.136436453739   -0.511906780383   -0.848137101116
0.987083563594   -0.00232152801571   0.160189415973
-0.0839710222235   -0.859037868028   0.504978027959
-0.385132040861   0.332291544848   0.860962043487
0.532957292703   0.841713651488   -0.0864560758571
-0.753412128424   0.425558994877   -0.501268098548
-0.107104796524   -0.994230742447   -0.00581320348299
-0.958011981197   0.101635458151   0.268110569596
-0.265972943068   0.0342850465883   -0.963370608404
0.474698619614   0.152037368978   -0.866917446457
-0.234560445343   0.971198660528   0.0418874595615
0.848317521932   0.183460623083   0.4966886165
-0.794786721389   -0.343456058253   -0.500351879733
-0.455604471904   -0.206980614108   0.865784956305
-0.400922227725   0.916076940782   0.0080253276355
-0.704425852306   -0.137707152312   -0.696290857907
-0.326407059516   -0.808261931624   0.490072526658
-0.630271885857   0.57249400878   0.52441201341
0.0704800543132   -0.308252885379   -0.948690002372
0.667956160983   -0.691766877883   0.274395979689
-0.740855673494   -0.653022775499   0.157143646804
-0.899333132598   0.419388525438   0.123746439718
-0.437245938178   -0.85995077694   -0.263250167688
-0.00398825266901   -0.290857226095   0.956758155371
0.482264490487   -0.871144754764   0.0923459661409
-0.54524573141   -0.215985757217   0.809973607631
-0.685658846362   -0.440972753043   -0.579150220133
-0.596804762029   -0.174164652454   -0.783256503232
-0.443245234264   -0.742140113184   0.502754129477
-0.668848068191   0.647220770865   0.365715101464
-0.340740639159   -0.896075972997   -0.284506005987
0.93906485196   -0.338971222595   -0.057058864918
-0.0453102707854   -0.286611864496   0.956974721971
0.642953298295   0.362854323815   -0.674498180799
-0.542505785038   -0.405889536773   -0.735487020374
-0.540646399611   0.838802970683   -0.0641174466162
0.757975344514   -0.576239937409   0.305648346377
-0.507640923701   -0.815372937364   -0.278330137782
0.40960233116   0.0558077731913   -0.910555557206
-0.691128905517   -0.365530790921   -0.623480614652
-0.627525181814   -0.124465721292   0.768583391971
-0.35854285957   0.922439984558   -0.1433579183
-0.896575265566   0.186369192385   0.401770229491
0.103321788492   -0.794106886534   0.598931432454
0.430670873404   0.578498726782   0.692720594405
0.57286068313   0.148290116828   0.806126962069
-0.378181048966   -0.824737028535   0.420461565386
0.727193049971   -0.545727839692   -0.416378905636
-0.442440538667   -0.469266960604   0.764221754093
0.412769089983   -0.863095896008   -0.29101057137
0.796158305928   0.186692244028   0.575567509438
0.797129026237   0.131449074076   0.589327121772
0.177873407603   0.881584352033   -0.437230009398
-0.577015048676   0.453354354976   0.679355181349
-0.634425220306   0.52020858146   -0.571740913015
-0.0330637318237   -0.757239927685   -0.652299380313
-0.772276782946   -0.39493128984   0.497612144976
-0.589828816002   -0.37515700863   0.71509383069
-0.52340464602   0.851948028034   0.0152359460896
-0.614938650874   -0.365296833281   -0.698862417974
0.577257897663   0.502682004918   -0.643493684131
0.0505490390428   -0.808539866262   -0.586266218809
-0.814995775595   0.305898817578   -0.492146115668
0.924532492859   0.366242626375   0.10538504768
0.348541924756   -0.924410962141   0.154864133228
0.154136940206   -0.106445815789   -0.982298881179
0.688296099051   0.725132610467   -0.0207648083918
0.299946250962   -0.258413059628   0.918289135919
0.660515500624   -0.638283156484   -0.395365508846
0.223150873792   -0.171866113862   -0.959513275798
0.791597869043   0.606361454347   0.0754890747648
0.568837851459   -0.776394117435   0.271358937866
-0.300335331556   0.263357169849   -0.916756068815
-0.284194975879   0.892767574973   0.349570125671
0.910511891358   0.365525728459   -0.193284861099
-0.170347884624   0.0823643966816   -0.98193569258
-0.00414652719883   -0.99655165369   -0.0828710313682
-0.985375260759   -0.0100452818334   0.170101992336
0.563846424722   -0.823541226938   -0.0621052080114
0.318172369608   0.147213959986   0.936533177845
-0.762130928743   -0.547821045159   0.345034128652
0.190202325756   0.88660321841   -0.4216133399
0.35872322614   0.336994193595   0.870489839407
0.9138603407   -0.316811689475   -0.253948087427
-0.468364603983   -0.620516592901   0.628962443768
0.171146226448   -0.762104339617   -0.624424490799
0.866800765406   -0.184813780522   0.463141770542
0.179328428368   0.467190277478   -0.865779740701
0.803945443912   0.437634257528   0.402676023438
0.567021197128   -0.768250936392   -0.297115231416
0.249799793657   0.533787877517   -0.807880291198
0.358019263959   0.724290258957   0.589258710088
0.899678981484   -0.436433411412   -0.0101787857837
0.278766994893   0.248437474152   -0.927667927653
0.772513029609   -0.631873831755   0.0629212192163
-0.57053709927   -0.734175920458   -0.368066755055
0.950529488577   0.29747935094   -0.0894411935842
0.241155330145   -0.888165847815   -0.391159217604
-0.195800403696   0.350239150494   -0.915966560183
0.747821320648   0.571565091677   0.337752303264
-0.0274363078107   -0.481698822812   0.875907240018
0.663332888825   -0.664288785152   -0.344543014041
0.608862553229   0.0219877168666   0.792970952546
0.341031134537   -0.909783607649   -0.236625342111
0.716229122943   0.414500093558   -0.561431666268
-0.744780020556   0.52852999278   -0.407380372273
-0.200325394774   0.405240438381   0.891992109444
0.636531583811   0.745946535506   -0.195937002573
-0.766654015212   -0.437090586885   -0.470312066415
0.394170841764   -0.898626379918   0.192613542665
-0.50682439608   -0.0377153572425   0.861223886899
0.035234806719   -0.97961033491   -0.197793074027
0.919380468613   -0.0458162038474   0.390692243841
-0.391788287635   -0.195613054786   0.89902028368
-0.633495117986   0.55865896389   0.535335499994
-0.633700738289   0.0223825580011   -0.77325441828
-0.443967690018   -0.82909540052   0.339843356647
0.992305727763   -0.123452070944   0.00943020826073
-0.00765320722301   -0.137179549645   -0.990516632661
0.123574961329   0.982823156696   -0.137068857126
-0.472493724743   -0.880749804012   0.0320852428792
-0.855610215907   0.449667386248   -0.256379406699
0.211378424901   -0.148590122406   -0.966043548195
0.104082199594   -0.984192521357   -0.143289834365
-0.0472583231054   0.13901558437   -0.989161927189
0.993445291209   0.109725786427   -0.0320422403732
0.353269971368   -0.311604474925   0.88210145592
-0.850148221378   0.286595554313   0.441713696794
-0.390446320276   -0.905961168845   -0.163664386865
0.40169063754   0.242983196967   -0.882951752761
0.442842842817   0.792392357259   0.419528984366
0.801582714558   -0.559529729459   0.210693221468
-0.445558622181   0.208767395561   0.870570898176
-0.88554908316   -0.245562387993   -0.394337336449
0.13145468997   -0.946633661008   0.294286214986
-0.776226849911   0.621236926154   0.107408375191
-0.61494835363   -0.783619073132   0.0882024409667
0.138961864719   0.00241449941609   0.990294789619
-0.594404513763   -0.749389837432   -0.291715864449
0.76475922504   -0.638937054367   0.083082900003
-0.24864955607   -0.17370754765   0.952889860454
0.0340880392779   -0.733144525831   0.679218013471
0.850539730333   -0.335590660276   -0.40492107362
0.52480489013   0.591504871476   0.612128919686
0.991153529614   0.124142677224   0.046939071422
-0.0742541828663   0.225553603124   0.971396874838
0.110004532003   -0.966288863544   0.232776362909
-0.758436267454   0.118149292269   -0.640948650787
0.0162760483086   0.986558190317   0.162597747123
0.651543949754   0.112887917221   -0.750164515079
0.730798541697   -0.567320403485   -0.379580098586
-0.402320862613   -0.807221638344   0.431892521462
-0.551426708602   -0.16291343216   -0.818161230237
0.0763148234657   0.919408213866   -0.385829734461
0.87761776214   0.121724248843   0.463648865867
0.473247410237   -0.373994309474   -0.797599614584
-0.395955740792   0.849529947285   -0.348594205346
0.912078234993   0.407854320666   -0.0420493325369
0.106453485556   -0.334594862155   -0.936330034567
-0.966113717088   0.248400872331   -0.0701519228522
0.168369698888   0.400473498114   -0.900706734628
-0.195642352652   -0.881996589525   -0.428726119936
0.586633427102   0.740657439242   -0.327548133717
-0.806357229356   0.496658000674   -0.321121237279
-0.0751614320725   0.452501257525   0.888590665643
-0.650608903206   0.184112520414   -0.736756835663
-0.36730340152   0.772848945266   0.517486926437
0.664677565667   0.607294893464   -0.435197249613
-0.795634237134   0.471761646721   -0.380009354337
0.43350427713   0.00523701884468   -0.901136291215
-0.423131424513   -0.881710566069   -0.208677443132
-0.972742228783   -0.143859738729   0.181870646107
0.195567939243   -0.0875161840388   0.976777404874
-0.124602317325   0.985720697309   0.11326504056
-0.580880702919   0.514465924178   0.630795071188
0.684363190318   0.728238597154   0.0362707782314
-0.44070923829   0.452761922509   -0.775101289388
0.931845937137   0.362619736301   -0.0130413299194
-0.355017416083   0.90370199299   -0.239343565077
-0.0750052246144   0.227661227948   0.970847352353
0.997825465797   -0.058304450971   -0.030739726795
-0.00598297438596   0.384331073126   -0.923175947611
0.0656394989618   0.921352384936   0.383146498026
-0.851940245552   -0.404054631192   0.333073074595
-0.513772978638   0.522103517864   -0.680768127233
0.101168890625   -0.751097711118   -0.652393350612
-0.339490261669   -0.792936838312   0.505961987386
-0.430430849354   -0.347319930473   -0.83312553065
0.836346606472   -0.500619652375   -0.22339274272
0.436005159882   0.287740309105   -0.852704529759
0.34940775636   0.819053662366   0.455044303293
0.829345356502   -0.496343240792   0.256572927193
0.166817967578   -0.39961989919   0.901374340585
-0.955957450022   -0.289455088981   0.0485912050661
0.241489377489   -0.869781402212   -0.430305929456
0.0459816403967   -0.588003218581   -0.807550557975
0.997704991251   0.0672556003198   0.00783802650075
0.0497035127554   -0.806057627694   0.589746268878
-0.996532328882   0.0287818413705   -0.0780699884716
0.0777212588324   -0.0130439081925   -0.996889794503
-0.0297106616915   -0.999500606336   0.010761715266
-0.587622760276   -0.129256909203   0.798744103596
0.33225049083   0.861549524192   0.383851571193
-0.73777307009   0.490943040268   -0.463320437994
-0.827201946353   0.554590606733   0.0903670231492
-0.00591802899302   -0.169412512397   0.985527461604
0.561873577313   0.81469543976   0.143420443281
-0.936409206464   -0.0198762591317   0.350346588928
0.253315121954   0.652617886034   0.714087770389
-0.242835843812   0.757426451315   -0.606082439779
-0.583856265716   0.172493151451   -0.793320851665
0.529115059049   -0.660282725861   -0.532976525016
-0.615750854869   -0.730939692883   0.294241482622
0.295367684742   -0.111353740636   0.948872106902
0.734305832296   -0.608912092956   -0.300035010805
0.611189721336   0.785382968684   -0.0980852539112
-0.239274855703   -0.818512696998   -0.522287763864
-0.22431302866   0.569961088263   -0.790460639779
0.944685772414   -0.0719814053774   -0.31998041921
0.951385930713   -0.129008540363   0.279681260286
-0.213431970984   0.378545478101   0.900638726
-0.222062163827   -0.916547935202   0.332608294957
0.999207796292   -0.0118882715608   0.0379795843616
0.013631136664   0.998850037044   -0.0459651564754
-0.037389462984   0.0464464476129   0.998220794996
0.892179584818   -0.399691418908   -0.210386211728
-0.24234174429   -0.816652761558   0.523783109706
-0.38116409512   -0.416323235828   -0.825462837384
0.852700639397   -0.52217833142   0.0152121585235
0.521978666285   0.852820928446   0.0153210948264
-0.0209735908877   -0.00512388513736   0.999766899975
