-0.514487624168   -0.772744238377   -0.371710658073
-0.0698539465666   0.469811230898   -0.879998743534
0.854647815228   -0.426783025265   -0.295691311359
-0.138456240296   -0.862460017204   0.486818879843
0.711748480797   0.255148887634   0.654456377029
-0.688653767109   0.43710616231   0.578527629375
0.770091533661   0.217931598425   -0.599553883076
0.258674114943   0.752430617809   0.605752289295
0.583135247231   -0.621573805809   0.523067176342
0.949576020241   -0.197830498219   0.243245646358
0.103289574385   0.929884850979   0.353051632643
-0.296034812927   -0.310124605894   0.90343016386
-0.609709024429   0.730760335922   -0.3069922328
0.405795991421   -0.044916562736   -0.912859320641
-0.68087041378   -0.68115478754   -0.269153565168
0.599452912807   -0.682652652264   0.417901396751
0.534546792507   0.730048716068   0.425779998302
-0.595748245716   -0.0318472012877   0.802539587021
0.22879730165   -0.949254095554   -0.215797334909
-0.81947273016   -0.0681517347693   -0.569051682949
0.525467634201   0.307037502527   -0.793480753899
0.947296380997   -0.195505231619   0.25378587842
-0.112891808152   -0.945096373558   -0.306672990322
0.299808263779   0.261859893799   -0.917357265949
-0.993748366833   0.0817360505462   0.0760484710336
-0.107909411192   -0.528526604176   -0.842030405998
-0.0286305956542   -0.844972670078   0.534042537212
-0.986037731171   0.0761981382966   -0.148065492511
0.0653436630964   0.994899451733   0.0768455415964
0.153165772557   0.0660974606872   -0.985987484455
-0.890185892582   -0.220792263746   -0.398522078991
-0.454736202955   0.376827329397   0.806979656219
-0.0280008483678   0.899584293365   -0.435848593712
0.894924342632   0.0348125249147   -0.444857865572
-0.443485707045   0.17954736948   -0.878113389015
0.0493037179112   0.983133196831   0.176120176911
0.192791253328   0.685376465321   0.702204108238
-0.37640941143   0.712538301945   -0.592119216919
-0.906171917915   -0.150160819292   0.395353287458
-0.442640632391   0.803713798523   0.397634744644
0.86503970623   0.265940457582   0.425419807434
0.236168608069   0.532277941704   -0.812960386276
-0.839339256287   0.521112799644   0.154761344194
-0.484385222197   -0.84616959095   0.2221891433
0.246739953756   0.111527949572   0.962642669678
-0.0176120176911   0.599142432213   -0.800448775291
0.516471743584   0.690946817398   0.505815565586
0.85612308979   -0.404500722885   -0.321609079838
0.732909500599   -0.68017244339   0.0144619662315
0.666712880135   0.713850498199   -0.214269444346
0.13541649282   0.166682094336   0.976667523384
-0.217822417617   -0.918609797955   0.329711079597
-0.962149202824   0.258797705173   0.0853973701596
-0.163775339723   -0.298629790545   -0.940211594105
0.116415545344   0.922223269939   0.368716180325
0.869292080402   -0.274173080921   0.411291092634
0.480394303799   0.272641390562   -0.833599448204
0.916727662086   -0.0117922332138   -0.399338692427
-0.0574221313   -0.993074834347   -0.102494165301
-0.395364552736   0.116890117526   -0.911056280136
0.816225588322   0.127843379974   0.563410878181
-0.566428661346   -0.0148903466761   0.823976278305
0.113729290664   -0.991682589054   0.0602602697909
0.209842503071   -0.660304307938   -0.721085548401
0.976261079311   0.10101814568   0.191597729921
-0.0536700822413   -0.744173049927   0.665827274323
-0.505517721176   0.343140870333   -0.791647732258
-0.846031188965   -0.0170349851251   0.532861173153
0.169360741973   0.939129471779   0.298919379711
-0.299891203642   0.863694012165   0.405090004206
-0.176825597882   -0.467602550983   0.866071939468
0.937442243099   0.188097059727   0.292953103781
0.160912826657   0.747503519058   -0.644473075867
0.642659187317   -0.574939072132   -0.506393313408
-0.749063551426   -0.332691371441   -0.572905063629
-0.222930029035   0.42659753561   -0.876536786556
-0.909774422646   -0.414025992155   0.0298830270767
-0.350160986185   0.804112553596   0.480406343937
0.949039936066   0.185624867678   0.254689157009
-0.0129629913718   0.830445408821   -0.556949198246
-0.31488904357   0.525265514851   0.790532112122
-0.0842913910747   -0.845474302769   -0.527321636677
-0.0279736295342   0.53100425005   -0.846907258034
0.996048390865   -0.0566358938813   -0.068410076201
0.923572003841   -0.105198644102   0.368711233139
-0.105261258781   0.855114042759   0.507641673088
-0.368693351746   -0.507654666901   0.7786860466
-0.961585879326   -0.266212493181   -0.0669588372111
0.261341571808   -0.962451994419   0.0733941048384
-0.0839830935001   0.053075607866   0.995052695274
0.206348925829   -0.160192415118   0.965276360512
0.244138553739   -0.946877896786   -0.209329038858
0.947531759739   0.278856009245   -0.156278088689
-0.338804841042   -0.242784500122   0.908992290497
0.837365329266   -0.51832306385   0.173667714
0.428987830877   0.819998085499   0.378909677267
0.640266537666   0.491016328335   -0.590729832649
0.191065922379   -0.846656560898   -0.496655285358
-0.744011163712   0.205123409629   -0.635902345181
-0.328236430883   0.0864609107375   0.940630316734
0.812694251537   0.533392608166   0.234564244747
-0.481444627047   0.841437339783   -0.245345175266
0.764303684235   -0.261720865965   -0.589357316494
0.503864526749   -0.327993065119   0.799087643623
-0.402443021536   -0.907701909542   -0.118814431131
-0.990368247032   -0.0953640341759   0.100381456316
-0.0693280696869   -0.286015689373   -0.955713689327
0.119851380587   -0.953467726707   0.276649445295
0.74423378706   0.612360775471   0.266702800989
0.247991248965   -0.62410145998   0.740943789482
0.620174527168   -0.485295444727   -0.616337478161
-0.493014335632   0.396946430206   0.77419012785
-0.860948979855   -0.0944211110473   -0.499851465225
-0.125314354897   -0.912972152233   0.388301581144
0.386761456728   0.874098300934   -0.293883860111
-0.461093246937   -0.0926882922649   -0.882497549057
-0.7986292243   0.47682389617   0.367192566395
0.717461824417   0.674416065216   0.174389079213
0.592118382454   -0.722304463387   0.357312321663
0.366939157248   -0.153098970652   -0.917559981346
0.622946858406   -0.775089740753   0.105702653527
-0.738390564919   -0.537999272346   0.406615495682
-0.258295536041   -0.331349670887   -0.9074639678
0.473317831755   -0.840071618557   0.265046954155
-0.809712290764   -0.296422481537   0.506457984447
-0.346895128489   -0.454327374697   -0.820518374443
0.648875534534   -0.695335805416   -0.308979988098
0.0272971373051   -0.384540498257   0.922704458237
-0.760404765606   -0.607154607773   -0.230538249016
-0.161824971437   -0.564989805222   -0.809073030949
0.352663904428   0.732624709606   -0.582141876221
0.921651124954   -0.379535973072   0.0806945487857
0.888610482216   0.451900035143   0.0784716457129
0.320732742548   -0.48992177844   -0.810621440411
-0.327874898911   0.745495140553   -0.580288767815
-0.227123782039   0.792966067791   0.56534910202
0.626214265823   0.563508152962   -0.538808166981
-0.74583542347   0.231653496623   -0.62455278635
0.108282983303   -0.0752599015832   0.991267263889
0.881679654121   -0.45337587595   -0.130733594298
0.459255665541   0.888136386871   0.0172622315586
0.0668630078435   -0.679540634155   -0.730584621429
0.968286931515   0.220854461193   -0.116806469858
0.240727618337   -0.699605464935   0.672757327557
0.147298902273   -0.514575779438   -0.84469807148
0.98273652792   -0.0205177497119   0.183869197965
-0.111945934594   -0.857199370861   0.502670168877
-0.404611051083   0.347448199987   0.845913529396
0.522114217281   0.847198426723   -0.0982421934605
-0.750790655613   0.401913613081   -0.52419346571
-0.115092627704   -0.993107736111   0.0221509356052
-0.964950442314   0.117068216205   0.23487380147
-0.235848158598   0.00565768731758   -0.971773445606
0.464438706636   0.185920506716   -0.865869641304
-0.229864910245   0.969514131546   0.0848792865872
0.855253636837   0.159611836076   0.4930164814
-0.809932410717   -0.369592398405   -0.455423951149
-0.379582136869   -0.261645674706   0.887388825417
-0.447131872177   0.891595780849   0.0716246217489
-0.69744104147   -0.143232733011   -0.702182590961
-0.33114913106   -0.804530143738   0.493022859097
-0.635544061661   0.576381504536   0.513680934906
0.0601319484413   -0.324168115854   -0.944086432457
0.67281472683   -0.685498178005   0.278231233358
-0.737363219261   -0.651925802231   0.176884740591
-0.900273263454   0.421217083931   0.109928093851
-0.435189515352   -0.8645221591   -0.251419007778
-0.0108667043969   -0.274185359478   0.96161544323
0.48946300149   -0.866320967674   0.0995687320828
-0.540573775768   -0.211841985583   0.814188539982
-0.68425577879   -0.452339410782   -0.571999251842
-0.587113499641   -0.191665545106   -0.786487162113
-0.432867258787   -0.746661841869   0.505096077919
-0.684049487114   0.636993288994   0.355409502983
-0.344000190496   -0.888014018536   -0.305114775896
0.936110496521   -0.349680125713   -0.0376951359212
-0.0732187628746   -0.298588275909   0.951569259167
0.646691799164   0.356098413467   -0.674524724483
-0.548417806625   -0.397542953491   -0.735661268234
-0.530120372772   0.845667481422   -0.0617970600724
0.761604189873   -0.583783507347   0.281346529722
-0.520899355412   -0.809749901295   -0.270127594471
0.385516345501   0.0591770857573   -0.920801401138
-0.691233813763   -0.345717340708   -0.634567081928
-0.625565707684   -0.153319090605   0.76495808363
-0.361750513315   0.925728261471   -0.110289566219
-0.896974980831   0.193194121122   0.397632956505
0.0959419980645   -0.792948782444   0.601687073708
0.431544959545   0.577847957611   0.692719757557
0.564023375511   0.149997070432   0.812021255493
-0.381589114666   -0.824726104736   0.417392611504
0.73230278492   -0.545277655125   -0.407927542925
-0.445034354925   -0.467122882605   0.764029204845
0.401061832905   -0.866793870926   -0.296340674162
0.800683319569   0.174541175365   0.573098242283
0.810304522514   0.130270600319   0.571345925331
0.170492246747   0.880395174026   -0.442534416914
-0.560659408569   0.45599770546   0.69117808342
-0.622220695019   0.531603932381   -0.574663937092
-0.0291145388037   -0.749280571938   -0.661612391472
-0.782300293446   -0.394937872887   0.48169529438
-0.589777350426   -0.383181810379   0.710868775845
-0.513141810894   0.857527256012   0.0365038439631
-0.623576939106   -0.343247324228   -0.702376723289
0.566237330437   0.485447734594   -0.666119933128
0.0380463935435   -0.822692751884   -0.567211747169
-0.823363661766   0.2958329916   -0.484308898449
0.928041160107   0.354748100042   0.113548912108
0.337533771992   -0.929861962795   0.146382123232
0.157513588667   -0.0975220426917   -0.982689619064
0.682646334171   0.730727732182   -0.00555981369689
0.30373904109   -0.276816785336   0.911655128002
0.664632618427   -0.62402677536   -0.410918504
0.203009128571   -0.161871850491   -0.965704321861
0.796779453754   0.600563108921   0.0668312832713
0.569148242474   -0.783020734787   0.250895947218
-0.315755426884   0.281181246042   -0.906220495701
-0.251521587372   0.89611017704   0.365682154894
0.91489636898   0.343400150537   -0.212228491902
-0.165809139609   0.0728570893407   -0.983462870121
-0.0494181253016   -0.996628046036   -0.0655006319284
-0.984918892384   0.0377402864397   0.168850496411
0.553699195385   -0.832321822643   -0.0256437119097
0.286989808083   0.161829397082   0.944165289402
-0.781699419022   -0.530143082142   0.328472703695
0.170614331961   0.878330349922   -0.446571946144
0.39353787899   0.354758024216   0.848100602627
0.903337538242   -0.320441097021   -0.285129487514
-0.466523528099   -0.634323298931   0.616433084011
0.202304571867   -0.754969477654   -0.623773992062
0.861062526703   -0.166298002005   0.48053753376
0.16734996438   0.447650671005   -0.878409266472
0.813532173634   0.440597474575   0.379525065422
0.556919574738   -0.778127729893   -0.290444254875
0.259650200605   0.522266209126   -0.812292933464
0.371574610472   0.722353339195   0.583213448524
0.891355216503   -0.453258901834   -0.00650166440755
0.281076431274   0.250125557184   -0.926516711712
0.768784224987   -0.636555969715   0.0613784976304
-0.574427425861   -0.729543507099   -0.371213465929
0.948584914207   0.29981186986   -0.101486466825
0.234848603606   -0.881620585918   -0.409379184246
-0.212209284306   0.364496976137   -0.906702339649
0.754268348217   0.561151146889   0.340864539146
-0.0365311391652   -0.482489824295   0.875139474869
0.655549168587   -0.672542154789   -0.343427300453
0.606317043304   0.0464914776385   0.793862819672
0.33443120122   -0.92062485218   -0.201508536935
0.721481382847   0.38767054677   -0.573738753796
-0.736805975437   0.522888422012   -0.428607732058
-0.209361881018   0.426323413849   0.880009055138
0.642872095108   0.738130092621   -0.204644739628
-0.760477125645   -0.454091995955   -0.464192867279
0.400012433529   -0.890697002411   0.215983614326
-0.511531591415   -0.0214323252439   0.858997106552
0.0350664183497   -0.983089864254   -0.179734960198
0.928698778152   -0.0343801677227   0.369237780571
-0.369173228741   -0.179867491126   0.91178882122
-0.632612526417   0.558584034443   0.536456227303
-0.625347495079   0.0402138158679   -0.779309511185
-0.456882804632   -0.828472554684   0.323869347572
0.989555060863   -0.14207097888   0.0244254954159
0.00309978448786   -0.148428708315   -0.988918244839
0.14412201941   0.978664755821   -0.146437987685
-0.472436308861   -0.880863189697   0.0297323688865
-0.851094603539   0.447185873985   -0.275068610907
0.229001924396   -0.155257463455   -0.960964739323
0.108416773379   -0.982090473175   -0.154091313481
-0.0629034861922   0.147917032242   -0.986997306347
0.992113351822   0.116699941456   -0.045740224421
0.344785124063   -0.280432492495   0.895812928677
-0.853800535202   0.302873551846   0.423429131508
-0.390061348677   -0.910837650299   -0.135007113218
0.366356819868   0.263300657272   -0.892443537712
0.440582424402   0.795704007149   0.415622681379
0.819554626942   -0.545461118221   0.175505936146
-0.425714939833   0.225065231323   0.876420259476
-0.897444665432   -0.228744521737   -0.377185672522
0.115584947169   -0.947112262249   0.299363553524
-0.769786775112   0.628047764301   0.11394880712
-0.623686730862   -0.778061449528   0.0750684514642
0.135805740952   -0.0132816629484   0.990646481514
-0.583135068417   -0.756195127964   -0.296854287386
0.778573691845   -0.624532878399   0.0614951886237
-0.231897637248   -0.195262953639   0.952940642834
0.0319176353514   -0.742775440216   0.668779432774
0.861735224724   -0.318533450365   -0.394903540611
0.506353259087   0.588915169239   0.629908919334
0.989559471607   0.141288071871   0.0284564830363
-0.0584939941764   0.213261529803   0.975242495537
0.13172146678   -0.966724991798   0.219299465418
-0.767097473145   0.104148186743   -0.633020222187
0.0313128344715   0.991636633873   0.125204801559
0.64076590538   0.076222628355   -0.763943195343
0.744294583797   -0.55068641901   -0.37784922123
-0.420280277729   -0.825907468796   0.375820964575
-0.519028007984   -0.120918922126   -0.846161067486
0.0891536697745   0.927754700184   -0.362384915352
0.886150658131   0.0922280848026   0.454126566648
0.454740136862   -0.361614704132   -0.813907980919
-0.415759712458   0.84767216444   -0.329538762569
0.905981838703   0.417743742466   -0.0684624239802
0.0796290636063   -0.327020049095   -0.941656589508
-0.961537659168   0.262414932251   -0.0811399668455
0.178636237979   0.37303930521   -0.910456359386
-0.20864893496   -0.889932632446   -0.405568152666
0.59842312336   0.728933632374   -0.332483887672
-0.799539029598   0.516795635223   -0.306038618088
-0.0512556247413   0.448974400759   0.892073333263
-0.643671929836   0.168596059084   -0.746499657631
-0.361582756042   0.792696535587   0.490805566311
0.674495577812   0.585839211941   -0.449275106192
-0.793678939342   0.473944813013   -0.381379216909
0.434554219246   0.00297684897669   -0.900640785694
-0.425718694925   -0.880549550056   -0.208317369223
-0.973877668381   -0.148971408606   0.171376213431
0.185969159007   -0.090187817812   0.978407680988
-0.130298733711   0.984720110893   0.115535989404
-0.572913825512   0.519889354706   0.633628308773
0.694675683975   0.71827763319   0.0387678332627
-0.434966027737   0.46237680316   -0.772665679455
0.934173762798   0.356814771891   -0.00161169795319
-0.344868302345   0.901719152927   -0.260707497597
-0.0915709882975   0.244101926684   0.965416491032
0.997488379478   -0.070660546422   -0.00489838328212
0.0224075801671   0.380411446095   -0.924545824528
0.0671923160553   0.922114014626   0.381039321423
-0.85189974308   -0.409124851227   0.32693067193
-0.511870265007   0.518513023853   -0.684932887554
0.110705263913   -0.750840246677   -0.651139974594
-0.344540625811   -0.795869410038   0.497879207134
-0.463280022144   -0.317125350237   -0.827528357506
0.816494584084   -0.515774607658   -0.259447813034
0.437322378159   0.307592153549   -0.845065832138
0.317735731602   0.82623487711   0.465166509151
0.841304421425   -0.471935331821   0.263597995043
0.155485078692   -0.411767780781   0.897926330566
-0.961849808693   -0.270236313343   0.0426300950348
0.225098580122   -0.870298564434   -0.438076466322
0.0344125777483   -0.600604474545   -0.798805356026
0.998375415802   0.0569779537618   0.000169573555468
0.0454124473035   -0.797513484955   0.601589560509
-0.99601316452   0.0125820981339   -0.0883144885302
0.0882538482547   -0.00529671087861   -0.996083915234
-0.0130006019026   -0.99990683794   0.00416517537087
-0.562434434891   -0.136497274041   0.815497398376
0.336138993502   0.863354563713   0.376336842775
-0.755432367325   0.485785275698   -0.439698308706
-0.833026468754   0.544929385185   0.0954928398132
0.00394573714584   -0.166752189398   0.985990941525
0.553219079971   0.821733295918   0.136758834124
-0.929100096226   -0.0133155938238   0.369588524103
0.26974901557   0.65925514698   0.701867640018
-0.252998918295   0.751801431179   -0.608922123909
-0.577494978905   0.169075056911   -0.7986946702
0.526174843311   -0.670935869217   -0.522479832172
-0.624211192131   -0.721982479095   0.298499047756
0.301051676273   -0.10447435081   0.947867631912
0.719553291798   -0.627395033836   -0.297688633204
0.625788271427   0.771660923958   -0.113703452051
-0.249362930655   -0.810039639473   -0.530710756779
-0.217527791858   0.580870985985   -0.784391820431
0.943662941456   -0.0801539048553   -0.321053832769
0.948052227497   -0.117540217936   0.295603275299
-0.233728393912   0.372982770205   0.897916972637
-0.215796276927   -0.920363068581   0.326134651899
0.999999880791   -0.00014415087935   0.000462063821033
0.000144235906191   1.0   -0.00018398273096
-0.000462037278339   0.000184049349627   0.999999880791
0.897131025791   -0.403791487217   -0.179187968373
-0.276212632656   -0.829268991947   0.48581841588
-0.344764381647   -0.386348813772   -0.855495274067
0.866001188755   -0.500041782856   0.000445617712103
0.500041663647   0.866001307964   0.000303876498947
-0.000537856481969   -4.03299745813e-05   0.999999880791
