-0.514464437962   -0.772772073746   -0.371684968472
-0.0698135718703   0.469752639532   -0.880033254623
0.854665100574   -0.426797121763   -0.295621007681
-0.138540044427   -0.862423300743   0.486860007048
0.711748838425   0.255126446486   0.654464781284
-0.688636541367   0.437191605568   0.578483581543
0.770198762417   0.217935562134   -0.599414646626
0.258596092463   0.752394258976   0.605830788612
0.583028197289   -0.62161642313   0.523135840893
0.949554145336   -0.197760164738   0.243388190866
0.103153429925   0.929877519608   0.353110671043
-0.296152442694   -0.310191363096   0.903368711472
-0.609690606594   0.730745494366   -0.307064175606
0.405716508627   -0.0450950302184   -0.912885844707
-0.680934250355   -0.681158900261   -0.268981486559
0.599423348904   -0.682660102844   0.417931675911
0.534540116787   0.730042397976   0.425799250603
-0.595783948898   -0.0318327657878   0.802513659
0.228795394301   -0.949244081974   -0.215843379498
-0.819452345371   -0.0681105107069   -0.569085896015
0.525500237942   0.307077616453   -0.79344367981
0.947298288345   -0.195547521114   0.253746241331
-0.11292937398   -0.945076048374   -0.306721687317
0.299788177013   0.261901527643   -0.917351961136
-0.993761122227   0.0816611051559   0.0759622901678
-0.107796818018   -0.528543233871   -0.842034339905
-0.0286120977253   -0.844969511032   0.534048557281
-0.986038386822   0.0762521922588   -0.148033320904
0.0654127597809   0.994901061058   0.0767658278346
0.153132066131   0.0660107880831   -0.985998570919
-0.89018034935   -0.220730111003   -0.398568928242
-0.454750567675   0.3768016994   0.806983530521
-0.0279441159219   0.899610280991   -0.435798615217
0.894889116287   0.0347957722843   -0.444929987192
-0.443550229073   0.179613098502   -0.878067374229
0.0493622235954   0.983121752739   0.176167488098
0.192765250802   0.685382843018   0.702205061913
-0.376387417316   0.712532937527   -0.592139601707
-0.906186580658   -0.150157213211   0.395321071148
-0.442633599043   0.803717970848   0.397634148598
0.865047454834   0.265945464373   0.425400882959
0.23615334928   0.532269120216   -0.812970578671
-0.839339792728   0.521127998829   0.154707163572
-0.484436631203   -0.846170604229   0.222073018551
0.246637135744   0.111448898911   0.962678194046
-0.0175704341382   0.599070966244   -0.800503134727
0.516434490681   0.690997183323   0.505784869194
0.856146395206   -0.404520571232   -0.321522027254
0.732961773872   -0.680113136768   0.0146017074585
0.666680574417   0.713885545731   -0.214253202081
0.135292470455   0.166774079204   0.9766690135
-0.217875540257   -0.918605148792   0.329688936472
-0.962125658989   0.258866906166   0.0854527428746
-0.163842871785   -0.298584103584   -0.940214335918
0.116423167288   0.922241389751   0.368668437004
0.869256556034   -0.274177849293   0.411363005638
0.480456739664   0.272575259209   -0.833585083485
0.916752457619   -0.0117893042043   -0.399281859398
-0.0574001185596   -0.993078708649   -0.102468945086
-0.395310282707   0.116857476532   -0.911084055901
0.81620913744   0.127870112658   0.563428640366
-0.56644898653   -0.0148836839944   0.823962390423
0.113746061921   -0.991679251194   0.0602836981416
0.209854453802   -0.660373628139   -0.721018612385
0.976259469986   0.101059041917   0.191584080458
-0.0536516271532   -0.744105994701   0.665903687477
-0.505507111549   0.343219399452   -0.791620492935
-0.846020638943   -0.0169898737222   0.53287935257
0.169444993138   0.939101576805   0.298959225416
-0.299862921238   0.863713026047   0.405070483685
-0.176794096828   -0.467567771673   0.866097092628
0.93745726347   0.18809632957   0.292905598879
0.160906866193   0.747518420219   -0.644457280636
0.642645835876   -0.574931204319   -0.506419181824
-0.74907630682   -0.332671493292   -0.572899997234
-0.222930908203   0.426701664925   -0.87648588419
-0.909790039063   -0.413993537426   0.0298562683165
-0.350119769573   0.804074048996   0.480500876904
0.948987662792   0.185640871525   0.254872381687
-0.0128682283685   0.830443143845   -0.556954801083
-0.315050572157   0.525263488293   0.790469110012
-0.0842201933265   -0.845416545868   -0.527425646782
-0.0279854666442   0.531104207039   -0.84684419632
0.996054112911   -0.056561127305   -0.0683890730143
0.923575818539   -0.105225130916   0.368694156408
-0.105221964419   0.855124473572   0.507632255554
-0.36869508028   -0.507631599903   0.77870029211
-0.961567997932   -0.266266435385   -0.0670012831688
0.261381089687   -0.962430238724   0.0735385492444
-0.0840649083257   0.0531994476914   0.99503916502
0.206422358751   -0.160141289234   0.96526914835
0.244162112474   -0.946877360344   -0.209303975105
0.94750970602   0.278887182474   -0.156356230378
-0.338798552752   -0.242756053805   0.909002244473
0.837384581566   -0.518283128738   0.173694118857
0.428955197334   0.820031762123   0.378873765469
0.640234529972   0.490970551968   -0.590802550316
0.191012442112   -0.846687734127   -0.496622741222
-0.744052410126   0.205104395747   -0.635860204697
-0.32829362154   0.0865463539958   0.940602481365
0.81270390749   0.533372163773   0.234577417374
-0.481389343739   0.841441571712   -0.245439231396
0.764273226261   -0.261750608683   -0.589383602142
0.503865122795   -0.328044563532   0.799066185951
-0.402500122786   -0.907674729824   -0.118828684092
-0.990377247334   -0.095309600234   0.100344114006
-0.0693168416619   -0.285939574242   -0.955737292767
0.119783289731   -0.953496038914   0.276581496
0.744262754917   0.612324655056   0.266704827547
0.248007535934   -0.624151527882   0.740896165371
0.620133221149   -0.485276639462   -0.616393864155
-0.493049561977   0.396898984909   0.774192035198
-0.860934197903   -0.094448402524   -0.499871760607
-0.125277385116   -0.912989974022   0.388271659613
0.386721968651   0.874100446701   -0.293929427862
-0.461055517197   -0.0927751362324   -0.882508099079
-0.798670113087   0.476803064346   0.367130666971
0.717513561249   0.6743709445   0.174350470304
0.592080712318   -0.722336828709   0.357309311628
0.366898775101   -0.153144717216   -0.91756850481
0.622910678387   -0.775116443634   0.105720154941
-0.73842382431   -0.537966072559   0.406599074602
-0.258287787437   -0.331341177225   -0.907469272614
0.473271280527   -0.840098679066   0.265044271946
-0.80973225832   -0.296383887529   0.506448686123
-0.346912026405   -0.45430251956   -0.820524990559
0.648848891258   -0.695382297039   -0.308931291103
0.027242872864   -0.38450846076   0.922719359398
-0.760429441929   -0.607121646404   -0.23054368794
-0.161819070578   -0.565006792545   -0.809062361717
0.352652698755   0.732618868351   -0.582156062126
0.921656489372   -0.379521995783   0.08069948107
0.88858217001   0.451959908009   0.0784472227097
0.320756733418   -0.489930272102   -0.810606837273
-0.327928125858   0.745453238487   -0.580312490463
-0.227175310254   0.793006122112   0.565272152424
0.626232802868   0.563479483128   -0.53881663084
-0.745804131031   0.231586173177   -0.624615073204
0.10836905241   -0.0752371922135   0.99125957489
0.881672263145   -0.453371196985   -0.130799621344
0.459249526262   0.888140678406   0.0172031372786
0.0669157356024   -0.679581403732   -0.730541825294
0.968273341656   0.220911964774   -0.116810493171
0.240767687559   -0.699547708035   0.672803044319
0.14721891284   -0.514614760876   -0.844688236713
0.982754051685   -0.0205084867775   0.18377661705
-0.111897438765   -0.857176184654   0.502720534801
-0.404581218958   0.347457170486   0.845924079418
0.522170066833   0.847165644169   -0.0982282087207
-0.750767946243   0.401974916458   -0.524179041386
-0.115163117647   -0.993102312088   0.0220297686756
-0.964925289154   0.117107637227   0.234957352281
-0.235916540027   0.00580134056509   -0.971755981445
0.464469313622   0.185920000076   -0.865853369236
-0.229934334755   0.969501793385   0.084832303226
0.855218350887   0.159687414765   0.493053197861
-0.809965014458   -0.369650095701   -0.455319136381
-0.379464477301   -0.261641174555   0.887440502644
-0.447172701359   0.891573131084   0.0716511160135
-0.69748967886   -0.143233627081   -0.702134132385
-0.331087172031   -0.804554700851   0.493024289608
-0.635522961617   0.576346933842   0.51374578476
0.0601244866848   -0.324196428061   -0.944077193737
0.67279446125   -0.685509681702   0.278251856565
-0.737382292747   -0.651899635792   0.176901638508
-0.900285840034   0.421166807413   0.110017903149
-0.435164809227   -0.864507377148   -0.251512527466
-0.0108174327761   -0.274309068918   0.961580753326
0.489463537931   -0.866324543953   0.0995349362493
-0.540530145168   -0.211845308542   0.814216673374
-0.684289872646   -0.452330976725   -0.571965098381
-0.58717161417   -0.191625833511   -0.786453425884
-0.432911127806   -0.746611714363   0.505132555962
-0.683971822262   0.637063920498   0.355432271957
-0.343910694122   -0.888066530228   -0.305062741041
0.93614500761   -0.349591106176   -0.0376647897065
-0.0731983780861   -0.298536270857   0.95158714056
0.646653354168   0.356150269508   -0.674534201622
-0.548377335072   -0.397617787123   -0.735650956631
-0.530209064484   0.845610499382   -0.0618161447346
0.76162058115   -0.583766579628   0.281337350607
-0.520867586136   -0.809758841991   -0.270162045956
0.38552698493   0.0592214539647   -0.920794069767
-0.69124096632   -0.345728963614   -0.634552896023
-0.625572323799   -0.153265878558   0.764963269234
-0.361725270748   0.925732731819   -0.110334813595
-0.896961569786   0.19320371747   0.397658407688
0.0959632024169   -0.792932927608   0.601704597473
0.431568026543   0.577866494656   0.692689955235
0.564092814922   0.149892583489   0.81199234724
-0.381655722857   -0.824703633785   0.417376130819
0.732214570045   -0.545340359211   -0.408002018929
-0.445019006729   -0.467128276825   0.764034867287
0.401089131832   -0.866784512997   -0.296331077814
0.800678193569   0.174573123455   0.573095679283
0.810260891914   0.130350634456   0.571389555931
0.170473739505   0.880375742912   -0.442580252886
-0.56072807312   0.456012398005   0.69111263752
-0.622304737568   0.531562745571   -0.574611008167
-0.0291138570756   -0.749278724194   -0.661614477634
-0.782233476639   -0.394996702671   0.481755554676
-0.589847385883   -0.383073866367   0.710868835449
-0.513089239597   0.85756367445   0.0363862961531
-0.623553931713   -0.343276768923   -0.702382743359
0.566219210625   0.485479056835   -0.666112542152
0.0379863493145   -0.822650015354   -0.567277669907
-0.823378920555   0.295900315046   -0.484241813421
0.928042292595   0.354759246111   0.113505035639
0.337549835443   -0.929856657982   0.146378770471
0.157472640276   -0.0975320860744   -0.982695221901
0.682666182518   0.730709075928   -0.00558070605621
0.303728580475   -0.276796191931   0.911664843559
0.664617061615   -0.624057769775   -0.410896629095
0.203111842275   -0.161936417222   -0.965671896935
0.79676669836   0.600575387478   0.0668733641505
0.569129526615   -0.782997965813   0.251009523869
-0.315687030554   0.281188547611   -0.906242072582
-0.251571983099   0.896098673344   0.365675717592
0.914906144142   0.343424201012   -0.212147563696
-0.165820881724   0.0727991163731   -0.983465135098
-0.0493252426386   -0.996635496616   -0.0654573515058
-0.984921574593   0.0376554578543   0.16885381937
0.553650736809   -0.832352399826   -0.0256973803043
0.287089169025   0.161812782288   0.94413793087
-0.781697332859   -0.530100107193   0.328547120094
0.170689940453   0.878350019455   -0.446504443884
0.393524259329   0.354674637318   0.848141849041
0.903329193592   -0.320479601622   -0.285112649202
-0.466488301754   -0.634380757809   0.61640059948
0.202296733856   -0.754916727543   -0.623840332031
0.861083447933   -0.166318386793   0.480492979288
0.167407497764   0.447657644749   -0.878394782543
0.813493669033   0.440613567829   0.379588961601
0.556958556175   -0.778114616871   -0.290404617786
0.259672939777   0.522285342216   -0.812273323536
0.371505379677   0.722366511822   0.583241283894
0.891377449036   -0.453215897083   -0.00645278953016
0.28108727932   0.25010317564   -0.926519453526
0.768782436848   -0.636555850506   0.0614021643996
-0.574424505234   -0.729551255703   -0.371202677488
0.948586165905   0.299790292978   -0.101538211107
0.234821259975   -0.881651699543   -0.409327834845
-0.212233841419   0.36443939805   -0.906719744205
0.754268169403   0.561137020588   0.34088820219
-0.0365642607212   -0.482492566109   0.875136554241
0.655547559261   -0.672551929951   -0.343411237001
0.606371998787   0.0464213900268   0.793824911118
0.334422409534   -0.920604288578   -0.201617076993
0.721439242363   0.387727797031   -0.573752999306
-0.736826837063   0.522934794426   -0.428515344858
-0.209264338017   0.426291137934   0.880047917366
0.642879962921   0.738115906715   -0.204671144485
-0.760489463806   -0.45412003994   -0.464145153761
0.400054097176   -0.890682458878   0.215966522694
-0.511480689049   -0.0214428957552   0.859027206898
0.035098772496   -0.983088254929   -0.179737597704
0.928698241711   -0.0343514233828   0.369241863489
-0.369171589613   -0.179881930351   0.911786615849
-0.632632493973   0.558577418327   0.536439597607
-0.625357508659   0.04015269503   -0.779304683208
-0.456841468811   -0.82847994566   0.323908656836
0.989562273026   -0.142031431198   0.0243632178754
0.00305443862453   -0.148354142904   -0.988929569721
0.144073456526   0.97868180275   -0.146371841431
-0.472497791052   -0.880829036236   0.0297671239823
-0.851088881493   0.447251707315   -0.274979352951
0.228896394372   -0.155261605978   -0.960989236832
0.108377955854   -0.982093930244   -0.154096379876
-0.0629280358553   0.147921055555   -0.98699516058
0.992116034031   0.116665497422   -0.0457698665559
0.344795495272   -0.280521184206   0.895781159401
-0.853787720203   0.302850067616   0.423471748829
-0.390080183744   -0.91081815958   -0.135084196925
0.366481244564   0.263231128454   -0.892412960529
0.440584540367   0.795696437359   0.415634989738
0.81949788332   -0.5455057621   0.175632253289
-0.425774723291   0.224946752191   0.876421630383
-0.897406935692   -0.228791803122   -0.377246767282
0.115657649934   -0.94712895155   0.299282550812
-0.769787371159   0.62804287672   0.113971486688
-0.623680591583   -0.778065264225   0.0750792250037
0.135830238461   -0.0132867665961   0.990643024445
-0.583120584488   -0.756215453148   -0.296830922365
0.778569638729   -0.624529600143   0.0615803040564
-0.231947675347   -0.195194795728   0.952942430973
0.0319826342165   -0.742721021175   0.668836712837
0.861719548702   -0.318539172411   -0.39493316412
0.506375849247   0.588980674744   0.629829525948
0.989567279816   0.141220584512   0.0285183079541
-0.05854498595   0.213299378753   0.975231170654
0.131639778614   -0.966726481915   0.21934184432
-0.767027914524   0.104251563549   -0.633087456226
0.0313206836581   0.99161875248   0.125344410539
0.640848755836   0.0763139277697   -0.763864517212
0.744202435017   -0.550762116909   -0.377920389175
-0.42025950551   -0.825848639011   0.375973343849
-0.519176900387   -0.120975658298   -0.846061587334
0.0892143696547   0.927726566792   -0.362442016602
0.88612985611   0.0922194346786   0.454169005156
0.454768836498   -0.361689090729   -0.813858866692
-0.415725857019   0.847674190998   -0.329576253891
0.9059907794   0.417736202478   -0.0683897286654
0.0797037184238   -0.327024430037   -0.941648721695
-0.961554527283   0.26235422492   -0.0811368823051
0.178611502051   0.373057991266   -0.910453557968
-0.208592563868   -0.889942705631   -0.405575096607
0.598412692547   0.728992581367   -0.332373410463
-0.799539983273   0.516774058342   -0.306072622538
-0.0513627268374   0.448903560638   0.892102837563
-0.643683493137   0.168709531426   -0.746464073658
-0.36163559556   0.79256939888   0.490971893072
0.674456238747   0.585978507996   -0.449152469635
-0.793658792973   0.473949551582   -0.38141515851
0.434564262629   0.00291062681936   -0.900636136532
-0.425745934248   -0.880547165871   -0.208271577954
-0.973868668079   -0.148902669549   0.171486929059
0.18606826663   -0.0901574715972   0.978391647339
-0.13022428751   0.98473328352   0.115507602692
-0.572944402695   0.519943356514   0.633556306362
0.694692969322   0.718260586262   0.0387741923332
-0.434898138046   0.462342560291   -0.77272439003
0.934155404568   0.356863021851   -0.00155929429457
-0.344900608063   0.901702404022   -0.26072281599
-0.0916363149881   0.244093447924   0.965412437916
0.997493565083   -0.0705824494362   -0.00497300503775
0.0223101135343   0.380433529615   -0.924539089203
0.0671481341124   0.922110855579   0.381054699421
-0.851915121078   -0.409140586853   0.326870977879
-0.511846005917   0.518599808216   -0.684885323048
0.110699132085   -0.750771760941   -0.651220023632
-0.344529688358   -0.795916557312   0.497811377048
-0.463218301535   -0.317097425461   -0.827573597431
0.816534221172   -0.515718996525   -0.259433627129
0.437395572662   0.307516634464   -0.845055401325
0.317833691835   0.826198875904   0.465163558722
0.841229379177   -0.472047567368   0.26363658905
0.155483365059   -0.411791056395   0.897915959358
-0.961833059788   -0.270302295685   0.0425885953009
0.225171133876   -0.870267093182   -0.438101768494
0.0345382653177   -0.60058504343   -0.798814594746
0.998371720314   0.0570423752069   0.000279454339761
0.0453984476626   -0.79752355814   0.601577222347
-0.996016919613   0.0125546120107   -0.0882764160633
0.0882158875465   -0.00529721146449   -0.996087312698
-0.0129731083289   -0.999907135963   0.00416859565303
-0.562551915646   -0.136400252581   0.815432548523
0.336123108864   0.863374710083   0.376304864883
-0.755351960659   0.485776752234   -0.439845830202
-0.83299946785   0.544963538647   0.0955333933234
0.00395417353138   -0.1668009758   0.985982656479
0.55325961113   0.821700811386   0.136790245771
-0.929116308689   -0.0133103365079   0.369548052549
0.269738763571   0.659204244614   0.701919317245
-0.252950429916   0.751846075058   -0.608887135983
-0.577511191368   0.169036865234   -0.798691034317
0.526182293892   -0.670939922333   -0.522467017174
-0.624189913273   -0.7219876647   0.298531085253
0.301010251045   -0.10449898243   0.947878062725
0.719590306282   -0.627357721329   -0.297677844763
0.625765621662   0.771687924862   -0.113644637167
-0.249361172318   -0.810048937798   -0.530697405338
-0.21745595336   0.580851435661   -0.784426271915
0.943679988384   -0.0802021324635   -0.320991754532
0.948061943054   -0.11755848676   0.295564860106
-0.233687922359   0.372974097729   0.897931098938
-0.21579746902   -0.920364260674   0.326130539179
0.999999880791   -0.000166289813933   0.000517481588759
0.000166404686752   0.999999940395   -0.000221963055083
-0.000517444685102   0.000222049129661   0.999999821186
0.897103428841   -0.403819680214   -0.179262682796
-0.276150047779   -0.829206287861   0.485960960388
-0.34488633275   -0.386453866959   -0.855398654938
0.865993201733   -0.500055551529   0.000497368862852
0.50005543232   0.865993320942   0.000363513157936
-0.00061249488499   -6.60879086354e-05   0.999999821186
