-0.513825811377   -0.774679537317   -0.36858465788
-0.0706842239173   0.466406841249   -0.88174168492
0.854977646522   -0.427008516189   -0.294409495517
-0.143090184835   -0.85955294304   0.490605683941
0.710334444152   0.255983528246   0.65566562417
-0.689166290858   0.442313431152   0.573941331642
0.775910089756   0.216433329733   -0.592553918555
0.258349753276   0.747905216755   0.611468062726
0.575516235737   -0.627530398094   0.524391706524
0.949908327095   -0.189229937725   0.24872917156
0.0912632789975   0.929124628802   0.358327277861
-0.298906647673   -0.317678225287   0.899852966409
-0.608477769306   0.733210565294   -0.303573831551
0.391459279591   -0.0554351267029   -0.918524130956
-0.69030025111   -0.677738307659   -0.253291037441
0.594592841787   -0.684670696612   0.421527448331
0.533982476762   0.728220377323   0.429601904748
-0.601100712865   -0.0303499464983   0.798596777943
0.228768366668   -0.948756432685   -0.218005196843
-0.817358355222   -0.065562014702   -0.572387055564
0.528763041031   0.309132420925   -0.790472512345
0.947393843524   -0.198343219893   0.251206831862
-0.115725099342   -0.944021097507   -0.308920489518
0.298416833698   0.263598434335   -0.917313064761
-0.994561130956   0.0764922428862   0.0706901235651
-0.100689821417   -0.532521743946   -0.84040594482
-0.0266405077735   -0.84295286286   0.537327418193
-0.985946327277   0.0749161949156   -0.149323151149
0.0644785967474   0.995204091482   0.0735617214254
0.154117975237   0.0628997618195   -0.986048310009
-0.89028981498   -0.219981362953   -0.398738316815
-0.454544348383   0.375784471282   0.80757381489
-0.0278115209203   0.900218990633   -0.43454837269
0.893377874056   0.0357688845955   -0.447880074397
-0.44626525246   0.186417381286   -0.875269035441
0.0521852334804   0.981819304582   0.182503574094
0.193876748238   0.683151359117   0.70407103834
-0.372742980875   0.715163188226   -0.591273443015
-0.907454944722   -0.147803365127   0.393293387379
-0.44380050244   0.801841307439   0.400114523254
0.8636388845   0.263579163486   0.429713743969
0.23910037895   0.536261636014   -0.809477897491
-0.839751402811   0.522466128309   0.147806380943
-0.488310298635   -0.845726373456   0.215174239834
0.237425006527   0.108517491731   0.965325499645
-0.0119879636642   0.594435908898   -0.804053629393
0.512750629481   0.693996600787   0.505426067851
0.858453889673   -0.406219975271   -0.313116992507
0.733579869716   -0.67914197109   0.0250351323513
0.667282982398   0.712809638826   -0.215953328752
0.128817685703   0.175124532551   0.976082681923
-0.214785869837   -0.920092652694   0.327561506557
-0.962263735265   0.256738235766   0.0901885917954
-0.167079423966   -0.29582932369   -0.94051553806
0.113265256479   0.922515308362   0.368966783751
0.869293107865   -0.271845529677   0.412831079999
0.481144961829   0.273980863988   -0.832726853101
0.92018010474   -0.00833319030104   -0.391406607993
-0.0541105126452   -0.992885016251   -0.106072602143
-0.387737833159   0.118785110361   -0.914083951447
0.815945920157   0.131205451227   0.563042969006
-0.566372028115   -0.0139922906444   0.824030910568
0.115995608313   -0.991256447833   0.062894145046
0.208126068496   -0.664133208596   -0.718060318394
0.976774341726   0.102888041219   0.18795195216
-0.050945313413   -0.740500595688   0.670121961158
-0.504120606692   0.350932739357   -0.789118892409
-0.843836808581   -0.00563574935623   0.536570292518
0.183852806321   0.936383709158   0.29897106019
-0.294130635583   0.865938990265   0.404520499296
-0.174770604154   -0.464835952659   0.867976251426
0.939650150394   0.184600114448   0.288063174686
0.161039001305   0.74965076383   -0.641942499254
0.639333445854   -0.574749426538   -0.510799218584
-0.751877107692   -0.32815671406   -0.571833879677
-0.216950069792   0.430769820065   -0.875996592082
-0.911577885932   -0.410430176406   0.0239338291078
-0.349225464561   0.803731567388   0.481723097314
0.94648710152   0.18652374873   0.263383860205
-0.00903264532298   0.831072241165   -0.55609112678
-0.32261521659   0.523954025774   0.78828395956
-0.0800050414744   -0.846497169427   -0.526347542495
-0.0259869981203   0.529632000962   -0.847829357528
0.996455653437   -0.0541524303148   -0.0643711505539
0.922533036875   -0.105553227462   0.371202521605
-0.106422528202   0.85499039281   0.507607795146
-0.370954230822   -0.507789271622   0.777523642252
-0.960915146652   -0.265504095015   -0.0784197453727
0.259000453986   -0.962210749628   0.0840787615045
-0.0977795774639   0.0604818057885   0.993368564733
0.206963798013   -0.156468054933   0.965755525015
0.243766967397   -0.94774886744   -0.205790548548
0.947493351912   0.278010489103   -0.158007961922
-0.335608700277   -0.242579536734   0.910231821382
0.840717780483   -0.513005112822   0.173260981755
0.424924009534   0.823395969493   0.376109908863
0.637313524881   0.491730045571   -0.593323717111
0.188632527453   -0.846070092519   -0.49858115501
-0.747160786304   0.205832360982   -0.631968194281
-0.328078785239   0.0887370190055   0.940473312824
0.812114054383   0.53503856842   0.232818583832
-0.482529867832   0.840154433281   -0.247599383862
0.763643952152   -0.265904469956   -0.588338956044
0.500565151241   -0.331699939334   0.799630964639
-0.40777744384   -0.905135328613   -0.120198141383
-0.990064700051   -0.0990985182419   0.0997565706867
-0.0682395093328   -0.281674509564   -0.957080372815
0.122944129908   -0.954378831672   0.272113554563
0.744422784655   0.609904129254   0.271756638935
0.249148500658   -0.631329857919   0.734402910615
0.619483447968   -0.478998500645   -0.621933030216
-0.496849920598   0.394669734591   0.772901000776
-0.858617282708   -0.094083338479   -0.503909403817
-0.126160684196   -0.913993504363   0.385615554335
0.38368368166   0.874296469939   -0.297308787423
-0.456784755737   -0.10012362944   -0.88392473987
-0.802579914622   0.474953620345   0.360949496698
0.721015857168   0.67096060227   0.173054915893
0.586978917819   -0.72414537455   0.362034841629
0.368228032269   -0.159453274408   -0.915960026165
0.618523397159   -0.779104020432   0.102106476355
-0.74092028593   -0.535005668583   0.405963131925
-0.261659964581   -0.326750455136   -0.908167497218
0.471594890658   -0.841860225608   0.262430218618
-0.810299019168   -0.296310831263   0.505584207439
-0.347870318712   -0.451077877772   -0.821897189157
0.64612020138   -0.697139139672   -0.31068586274
0.0279103384817   -0.385210417127   0.922406606407
-0.7627251788   -0.604656889876   -0.229434842931
-0.162496781888   -0.565385263933   -0.808662042638
0.35074156115   0.732931178644   -0.582917013522
0.922266313577   -0.378353526082   0.0792051522482
0.890007812674   0.449067053749   0.0788978745988
0.319188157847   -0.49009076101   -0.81112882199
-0.325584110898   0.747094255907   -0.579521491854
-0.230444534914   0.795570099693   0.560324488849
0.627221781538   0.561682966586   -0.539541547808
-0.743967844126   0.227113323084   -0.628435665271
0.113367041687   -0.0682060567124   0.991209285513
0.880757759598   -0.454790191551   -0.13202897628
0.459797436669   0.887983004058   0.00851479509659
0.0631562108873   -0.683902218057   -0.726834953179
0.968640166286   0.217368806621   -0.120362079432
0.240307139477   -0.696439917038   0.676183348414
0.146914054283   -0.513315067855   -0.845531727239
0.983524066077   -0.0152268987738   0.180134818958
-0.105340742837   -0.858065138941   0.502620677283
-0.397912414484   0.344761393466   0.850179564548
0.525398375119   0.845322032429   -0.0968876096922
-0.752078624761   0.408130179067   -0.517501206871
-0.114745917544   -0.993312807871   0.0127687166749
-0.963002403704   0.114381241672   0.244014962686
-0.243843689416   0.0157034159377   -0.969687402135
0.468260235195   0.179480960634   -0.865169889042
-0.231991389515   0.969774046021   0.0756194079207
0.852591547768   0.165302402987   0.495744660325
-0.811748606155   -0.370572317764   -0.451376071266
-0.376604013072   -0.258565821725   0.889557830146
-0.446355931677   0.892087368559   0.0703314233813
-0.701413294062   -0.141791107981   -0.698508892292
-0.328097380095   -0.805776847317   0.493027161019
-0.63274916048   0.574994742606   0.518661301706
0.0621637568376   -0.322740984937   -0.944443711387
0.671831859945   -0.686258058836   0.278732539624
-0.738090522428   -0.65183443705   0.174167297094
-0.900616799342   0.418951183371   0.115625631656
-0.434555832188   -0.863688790033   -0.255348590523
-0.00711403227012   -0.2802170229   0.959910313843
0.485751773129   -0.868635550816   0.0975576483985
-0.541988295003   -0.211746841696   0.81327237941
-0.68577977732   -0.447923603855   -0.573646704975
-0.591770753315   -0.187370335062   -0.784027890486
-0.434347382055   -0.745231838774   0.505936614784
-0.679080059509   0.639938953352   0.359622592116
-0.342305888699   -0.891022785025   -0.298169540914
0.937337403299   -0.345788993756   -0.0427617138922
-0.0650020841167   -0.2941230497   0.953554592405
0.644825211589   0.357858952589   -0.675379461156
-0.547343023185   -0.400561280298   -0.734823975995
-0.533494200034   0.843497261867   -0.0624204113385
0.760837789067   -0.582839101643   0.285349680784
-0.518838102169   -0.810451086248   -0.271985405006
0.389785687865   0.0588864873709   -0.919020945975
-0.692860199229   -0.348809043687   -0.631091907227
-0.625155083351   -0.145577392246   0.766803980576
-0.359340877282   0.925818272616   -0.117194965785
-0.896089213296   0.191038748009   0.400659853957
0.0992957722899   -0.793493123153   0.600424027763
0.432625093377   0.577817324306   0.692071288461
0.567073767792   0.147618155591   0.810330933645
-0.381402462163   -0.824918492341   0.417182984852
0.730040754847   -0.545635740338   -0.411487709571
-0.442701388055   -0.46764249438   0.765065996149
0.404088966287   -0.865726515877   -0.295346757274
0.800454613541   0.178404308123   0.572227502401
0.807102045011   0.132828607823   0.575276324806
0.170806072189   0.880168344205   -0.442864507002
-0.565165086184   0.455697538728   0.687697737786
-0.62582817675   0.527345412691   -0.574670261019
-0.0291201536732   -0.752077785331   -0.658430726396
-0.779417160342   -0.395330014704   0.486027848624
-0.591015671074   -0.38052201177   0.711268918978
-0.514495485339   0.856934670397   0.0309413354294
-0.621284855852   -0.347657833553   -0.702238676418
0.568361465313   0.488757261474   -0.661877318016
0.0412810027   -0.820367610829   -0.570344511605
-0.821742735632   0.296838882997   -0.486441727217
0.927929486973   0.356024290417   0.110424507417
0.338649520563   -0.928978088495   0.149386121574
0.155767035755   -0.101224580658   -0.982593616325
0.686606518709   0.726980061783   -0.00845448024242
0.300877589765   -0.2735433835   0.913590002857
0.66184904959   -0.629820615027   -0.406548679057
0.210434644887   -0.163973306145   -0.963758276282
0.794687361063   0.60285846614   0.0709483471882
0.569376201116   -0.780816511528   0.257169821185
-0.311996875116   0.278299605875   -0.908409202556
-0.259385244082   0.894862369001   0.363236335874
0.913989740134   0.348956544452   -0.207007451589
-0.167533521388   0.0744107676303   -0.983054198339
-0.0385507591909   -0.996879315808   -0.0688873622625
-0.985112358149   0.0263565432929   0.16987929376
0.556616421577   -0.830123075156   -0.0327694876885
0.293770352028   0.159776938201   0.942427880683
-0.777095322016   -0.534197538474   0.332800015607
0.177073431765   0.88100561328   -0.438718712995
0.384375573917   0.34845699719   0.854887793389
0.906035550041   -0.320010672446   -0.276934561914
-0.465457860278   -0.63171935968   0.619902920554
0.194103300852   -0.756207851333   -0.624878863606
0.863523531181   -0.1705295757   0.474601701333
0.173520416094   0.45261022028   -0.874662594202
0.811765130156   0.437127862928   0.387242307755
0.557609216802   -0.777215040996   -0.291562585714
0.25950700318   0.525733011965   -0.810099324423
0.367227782071   0.722105841183   0.586265221726
0.893196434932   -0.449630908924   -0.00567224512104
0.281374867921   0.247261650414   -0.927194618156
0.769452472044   -0.635485923743   0.0640354119953
-0.573385626753   -0.731450146599   -0.369065856012
0.949444091852   0.297328272809   -0.100756213882
0.234200569486   -0.884554650044   -0.403377198584
-0.209059823255   0.359386935313   -0.909469637221
0.753728477822   0.561731248133   0.341103190532
-0.0358193899211   -0.483150114246   0.874804514397
0.65620907722   -0.671583183214   -0.344043129562
0.608145318869   0.0390170997544   0.792866279435
0.335135776275   -0.918036534375   -0.211879524763
0.719613286841   0.39457139719   -0.571375646945
-0.738518013091   0.525935009866   -0.421880918907
-0.206372933529   0.419357669149   0.884052802514
0.641873318224   0.739953722014   -0.201164441762
-0.761757732679   -0.451285232629   -0.464829856523
0.400278790109   -0.891998998503   0.210034941994
-0.50941343415   -0.0260657913788   0.860127041562
0.0351881717268   -0.982798293696   -0.181298942298
0.926577458811   -0.0358888896502   0.374387767459
-0.374454276773   -0.181161534293   0.909375881085
-0.634679513557   0.556940828245   0.535722716435
-0.626233863873   0.0355101603239   -0.778826152779
-0.452783682138   -0.829792710469   0.32623763554
0.990605525356   -0.135506825221   0.0184009090255
-0.00151588702468   -0.1454310684   -0.989367225266
0.136742075533   0.980044746255   -0.144270232953
-0.473836413702   -0.88014053324   0.0288391192367
-0.85156536214   0.449619012206   -0.269590759981
0.224311138942   -0.152300313893   -0.962543052198
0.107373459079   -0.982453570337   -0.152498925956
-0.0593988757748   0.146772657971   -0.987385213799
0.992442801295   0.115077230608   -0.0425971495944
0.345319819473   -0.289193951318   0.892816375746
-0.852998903384   0.299982263754   0.427087241976
-0.391340124578   -0.909053078733   -0.143092302175
0.377017740014   0.258435053447   -0.889420568047
0.440682172791   0.794572397245   0.417676822581
0.814651364879   -0.549423360157   0.185680168608
-0.432497214872   0.218760325475   0.87469427752
-0.893700509711   -0.232432141073   -0.383763858041
0.119354757218   -0.947691521432   0.296032468043
-0.771963420977   0.625432267188   0.113608784139
-0.620655802138   -0.780208940425   0.0778484717461
0.137327535278   -0.010415778483   0.990470928202
-0.586061057513   -0.754762236613   -0.294731069027
0.775439145607   -0.627947678696   0.0661501646315
-0.235003336845   -0.189777972911   0.953287864535
0.034196826016   -0.739976631097   0.671762727844
0.858725408572   -0.322114821008   -0.398538222458
0.511293702057   0.590488465185   0.624421430382
0.990118975312   0.136010915146   0.0341386245835
-0.0634645215715   0.217532774754   0.973987549412
0.125046668205   -0.966530145867   0.224015195695
-0.764216051102   0.109532874033   -0.635591359872
0.0292892333783   0.990350778597   0.135452855787
0.644294938709   0.0848992628875   -0.760050095135
0.73985667183   -0.556376531815   -0.378229110453
-0.417514623591   -0.820558074292   0.390340858483
-0.527535443583   -0.130880103755   -0.839390704145
0.0868405697011   0.925168502527   -0.369488778429
0.884130791539   0.0993479885755   0.456555276629
0.459098528538   -0.36632392646   -0.80934252452
-0.40996750483   0.848677895583   -0.334174317582
0.908014065009   0.414392783329   -0.0615554942424
0.0862386382647   -0.328670732912   -0.940499041253
-0.962752056443   0.258296817116   -0.0799451817325
0.177524856285   0.380827863964   -0.907444248111
-0.203944608204   -0.887836072874   -0.412496914519
0.593577223277   0.734104429684   -0.329782907874
-0.802697813286   0.510615103922   -0.308137041254
-0.0578126331581   0.447619148346   0.89235351598
-0.645436136431   0.173791025779   -0.743780124195
-0.36228061631   0.787615110996   0.498412672368
0.672432114667   0.591150671394   -0.445394134307
-0.794204681245   0.472148981167   -0.382510475507
0.435707802084   0.00370845861961   -0.900080528918
-0.423553580427   -0.881510968121   -0.208664270036
-0.973479173838   -0.146173774623   0.175987288506
0.190383845388   -0.0910640636396   0.977477021586
-0.126855388213   0.985058660145   0.116478094746
-0.574086815631   0.520892386489   0.631740017583
0.693584709735   0.719419069346   0.0371005806382
-0.43516040553   0.45946417092   -0.774291997311
0.932704835592   0.36061668595   -0.00415878319464
-0.349630419879   0.901341865779   -0.255619659825
-0.0884322291859   0.239871729906   0.966768480058
0.997739381213   -0.0660121499992   -0.0125906007967
0.0135450435882   0.381049158922   -0.924455553436
0.0658229365049   0.922195171608   0.381081889484
-0.852779904313   -0.407392134788   0.326799760272
-0.510885547282   0.520763483812   -0.683960051104
0.108454563661   -0.750224661312   -0.652227387634
-0.341681636697   -0.797304423459   0.49755332928
-0.454072861374   -0.323472276265   -0.830170779449
0.822843542667   -0.509579574572   -0.251509764166
0.43922192179   0.303259660854   -0.845646309941
0.324560803274   0.824162600375   0.464129608107
0.837701849346   -0.478319544073   0.263564082076
0.15636918383   -0.409816954285   0.898664977803
-0.960698841227   -0.274392058242   0.0420325450013
0.229360883356   -0.869918997582   -0.436617135293
0.0384627865441   -0.598040571357   -0.800542371809
0.998096500736   0.0616420784332   0.00190509447855
0.0482077718818   -0.799091815236   0.599273127675
-0.996010719088   0.0164123011159   -0.0877113666127
0.0876004716034   -0.00735934198596   -0.996128504491
-0.0169942589088   -0.999838225143   0.0058922581856
-0.569162960605   -0.133802122727   0.811264763335
0.335993847169   0.862681159619   0.378007078642
-0.75044097632   0.487727596915   -0.446049472892
-0.830934093618   0.548074004927   0.0957257394119
0.00227342287975   -0.168707697112   0.985663504693
0.556366213578   0.819239035971   0.138938973404
-0.93094487085   -0.0133275738974   0.364916460593
0.266858862231   0.657305719265   0.704794678662
-0.249254879764   0.753506182586   -0.608358806724
-0.57925119825   0.168108796353   -0.797626154232
0.528482438729   -0.667547400287   -0.524487159353
-0.620624170719   -0.725341230704   0.297835084837
0.300598099116   -0.106169122557   0.947823243133
0.722700428828   -0.623139020896   -0.299001422753
0.622370366406   0.774871523578   -0.110585934766
-0.246403449385   -0.811891752242   -0.529260921259
-0.220838367391   0.578767437156   -0.785021445042
0.943671423547   -0.0765508741249   -0.321907141971
0.94856791889   -0.120265666173   0.292839670798
-0.2297611639   0.374817775936   0.898176732278
-0.217781337163   -0.919264817331   0.327907738246
0.999929640745   -0.0011295543429   0.0118083727024
0.0012596846666   0.99993850047   -0.0110185512915
-0.0117952004405   0.0110326508605   0.999869568425
0.894814317531   -0.404802689817   -0.188260775146
-0.269125009286   -0.82556914144   0.495991252019
-0.356200879447   -0.393154390817   -0.847673615528
0.862993112819   -0.505184716981   0.00559365317295
0.505165887152   0.863010608184   0.00448515547257
-0.00709321402479   -0.00104493551522   0.999974296882
