0.0	0.0
1.67911565304	8.626888412332456e-06
3.67911577225	1.7157774589126478e-05
5.67911577225	2.177855421005187e-05
7.67911577225	2.2862756454049423e-05
9.67911529541	3.226689179793116e-05
11.6791152954	5.0384224255890114e-05
13.6791152954	7.413246596810572e-05
15.6791152954	0.00010047900065341227
17.6791152954	0.00012789792301453207
19.6791152954	0.00015571401848128523
21.6791152954	0.0001834724985337133
23.6791152954	0.00021105443921965215
25.6791152954	0.00023845111691799355
27.6791152954	0.0002658030506018878
29.6791152954	0.0002930084969924204
31.6791152954	0.000320159364975714
33.6791152954	0.00034721875499807176
35.6791152954	0.0003743358826348346
37.6791152954	0.00040134834607527005
39.6791152954	0.00042845866077180505
41.6791152954	0.00045548997416572953
43.6791152954	0.0004824392649619581
45.6791152954	0.0005095490528108242
47.6791152954	0.0005364443369036425
49.6791152954	0.0005635121830128532
51.6791152954	0.0005905048929650564
53.6791152954	0.0006174996416544505
55.6791152954	0.0006444508669912609
57.6791152954	0.0006714848156257026
59.6791152954	0.000698439672580013
61.6791152954	0.0007255215345535296
63.6791152954	0.0007525401340552098
65.6791152954	0.0007795753884359034
67.6791152954	0.0008065914915683217
69.6791152954	0.000833728975474183
71.6791152954	0.0008608456073764539
73.6791152954	0.000887989481642022
75.6791152954	0.0009152186397510223
77.6791152954	0.0009423949496310659
79.6791152954	0.0009695506274904799
81.6791152954	0.0009968297834831216
83.6791152954	0.0010241312426389833
85.6791152954	0.0010513569334229833
87.6791152954	0.0010787711678496561
89.6791152954	0.0011060617664917266
91.6791152954	0.0011335103389263032
93.6791152954	0.0011608615670182295
95.6791152954	0.0011881831972627016
97.6791152954	0.001215675787361442
99.6791152954	0.0012431453180810305
101.679115295	0.0012706270113385647
103.679115295	0.0012980976784640603
105.679115295	0.0013256644175260893
107.679115295	0.0013531139996064358
109.679115295	0.0013806482386554363
111.679115295	0.0014082335000533636
113.679115295	0.0014357307987923056
115.679115295	0.0014633131549628756
117.679115295	0.0014909279080483444
119.0	0.0015090997596368385
119.0	0.0015090997596368385
134.074119568	0.0017132269593835457
150.074119568	0.0019294325920629156
166.074119568	0.0021453864146257972
182.074119568	0.002361184929675894
198.074119568	0.002576900158158934
214.074119568	0.0027923476960346736
230.074119568	0.003007614247721578
246.074119568	0.0032226241498367982
262.074111938	0.0034373927568137545
278.074111938	0.0036520755006679605
294.074111938	0.0038666674525450243
310.074111938	0.0040809467173558885
326.074111938	0.004295248663505164
342.074111938	0.004509257582158209
358.074111938	0.004723169996005568
374.074111938	0.0049370051386929195
390.074127197	0.0051506594288880546
406.074127197	0.00536413631238029
422.074127197	0.005577449724962359
438.074127197	0.005790606101209177
454.074127197	0.006003743266402329
470.074127197	0.006216606135133777
486.074127197	0.006429395279649764
502.074127197	0.006642069407918648
518.074127197	0.006854561318501082
534.074127197	0.007066914384218596
550.074127197	0.007279055729641172
566.074127197	0.007491196651892291
582.074127197	0.007703181099075538
598.074127197	0.007914999924989357
614.074127197	0.008126790231642965
630.074127197	0.00833826362961578
646.07409668	0.008549759536270211
662.07409668	0.0087611143122878
678.07409668	0.00897239631586522
694.07409668	0.0091834693370495
710.07409668	0.009394512586974388
726.07409668	0.009605554359257959
742.07409668	0.0098163783610814
758.07409668	0.010027217690410949
774.07409668	0.010237798317536791
790.07409668	0.01044844107861324
806.07409668	0.010658952224920816
822.07409668	0.010869415193769574
838.07409668	0.011079772650342587
854.07409668	0.011290156461462954
870.07409668	0.01150047785401023
886.07409668	0.011710657861335672
902.07409668	0.011920787629250825
918.07409668	0.01213089360204206
934.07409668	0.012340909922987212
950.07409668	0.012551044559242396
966.07409668	0.012761122629351343
982.07409668	0.012971048088378945
998.07409668	0.013181118900112478
1014.07409668	0.013391039183858696
1030.07409668	0.013600880516087127
1046.07409668	0.013810786415422308
1062.07409668	0.014020802509644464
1078.07409668	0.014230693751991805
1094.07409668	0.014440512298519084
1110.07409668	0.014650289195029474
1126.07409668	0.014860183646669939
1142.07409668	0.015070032572598322
1158.07409668	0.015279870136413336
1174.07409668	0.015489696659249872
1190.07409668	0.015699479164177476
1206.07409668	0.01590946798691689
1222.07409668	0.01611916286295812
1238.07409668	0.01632901635492078
1254.07409668	0.016538716080106305
1270.07409668	0.016748664326640645
1286.07409668	0.01695850941856555
1302.07409668	0.017168263210874543
1318.07409668	0.01737806482426819
1334.07409668	0.017587880101157024
1350.07409668	0.017797750733445184
1366.07409668	0.018007549346456205
1382.07409668	0.018217314663677053
1398.07409668	0.018427133465751748
1414.07409668	0.018636922655858028
1430.07409668	0.018846652851354336
1446.07409668	0.019056408716970036
1462.07409668	0.019266154779654033
1478.07409668	0.019475900524296975
1494.07409668	0.019685601014634166
1510.07409668	0.019895215430756476
1526.07409668	0.020105030892385127
1542.07409668	0.020314645718334277
1558.07409668	0.02052425762161644
1574.07409668	0.02073392051163142
1590.07409668	0.020943473033782425
1606.07409668	0.021152970018909877
1622.07409668	0.02136253358978198
1638.07409668	0.021571957961412105
1654.07409668	0.02178132688170049
1670.07409668	0.021990812621952655
1686.07409668	0.02220027477150984
1702.07409668	0.022409478992190937
1718.07409668	0.02261887977237754
1734.07409668	0.02282817912394272
1750.07409668	0.023037429247958242
1766.07409668	0.02324655037375159
1782.07409668	0.02345560612829261
1798.07409668	0.023664844411146198
1814.07409668	0.023873832771352032
1830.07409668	0.02408283968152848
1846.07409668	0.024291717835881552
1862.07409668	0.02450070573280129
1878.07409668	0.02470956614381689
1894.07409668	0.024918390787866597
1910.07409668	0.02512709228799956
1926.07409668	0.025335804806410723
1942.07409668	0.025544338100061372
1958.07409668	0.02575298248520605
1974.07409668	0.025961439859395877
1990.07409668	0.02616993921148702
2006.07409668	0.026378359641608087
2022.07409668	0.026586555610584352
2038.07409668	0.026794895103733472
2054.07409668	0.027003121955621993
2070.07409668	0.027211179967892195
2086.07409668	0.02741932304297917
2102.07409668	0.02762734069358909
2118.07409668	0.027835329781502695
2134.07409668	0.02804323678611637
2150.07409668	0.028250957908018858
2166.07409668	0.02845875025246341
2182.07421875	0.028666301105950812
2198.07421875	0.02887387646378857
2214.07421875	0.02908133540866524
2230.07421875	0.02928879010647129
2246.07421875	0.029496076888324004
2262.07421875	0.029703492773619646
2278.07421875	0.029910573611225656
2294.07421875	0.03011760832136405
2310.07421875	0.030324665370315466
2326.07421875	0.030531628561364054
2342.07421875	0.030738378420757113
2358.07421875	0.030945161235795472
2374.07421875	0.031151810168660192
2390.07421875	0.031358271243952615
2406.07421875	0.03156476149723671
2422.07421875	0.031771323128800814
2438.07421875	0.03197756513796959
2454.07421875	0.032183747152349645
2470.07421875	0.03238984880571948
2486.07421875	0.032595921300011696
2502.07421875	0.03280174904948167
2518.07421875	0.03300762589271554
2534.07421875	0.03321328935503605
2550.07421875	0.03341892357742751
2566.07421875	0.03362457358867868
2582.07421875	0.03383000751192808
2598.07421875	0.03403531363543624
2614.07421875	0.03424050060872375
2630.07421875	0.034445761677619896
2646.07421875	0.03465070449405242
2662.07421875	0.034855729442911876
2678.07421875	0.035060476120792536
2694.07421875	0.03526532718203217
2710.07421875	0.03546992441727766
2726.07421875	0.035674396997841626
2742.07421875	0.03587898615171828
2758.07421875	0.036083281705814985
2774.07421875	0.036287533468670856
2790.07421875	0.03649170014278609
2806.07421875	0.036695750773383676
2822.07421875	0.03689971507392046
2838.07421875	0.037103646360884576
2854.07421875	0.03730736090329289
2870.07421875	0.037511100057418714
2886.07421875	0.03771469283926168
2902.07421875	0.03791814521585319
2918.07421875	0.03812147763841378
2934.07421875	0.03832479850096771
2950.07421875	0.03852806357466823
2966.07421875	0.038731110094654395
2982.07421875	0.03893419001405137
2998.07421875	0.03913710379819748
3014.07421875	0.039339989722210006
3030.07421875	0.039542742643178454
3046.07421875	0.039745338232341595
3062.07421875	0.03994797026819337
3078.07421875	0.04015043510088008
3094.07421875	0.04035275729131865
3110.07421875	0.04055506856583559
3126.07421875	0.040757265475561036
3142.07421875	0.04095957139875088
3158.07421875	0.041161516160226924
3174.07421875	0.04136360388701707
3190.07421875	0.04156551453703959
3206.07421875	0.041767373626932704
3222.07421875	0.041969167163562145
3238.07421875	0.042170884619605456
3254.07421875	0.04237249785322594
3270.07421875	0.04257404892145378
3286.07421875	0.04277540968565291
3302.07421875	0.04297696310996646
3318.07421875	0.043178304071765566
3334.07421875	0.04337961226819302
3350.07421875	0.043580879946033886
3366.07421875	0.043782041377442
3382.07421875	0.04398308295259883
3398.07421875	0.044184129841699615
3414.07421875	0.04438512197956032
3430.07421875	0.04458616677499831
3446.07421875	0.04478708644367001
3462.07421875	0.04498786618723095
3478.07421875	0.045188696081056474
3494.07421875	0.045389455635015036
3510.07421875	0.045590230605975446
3526.07421875	0.04579078366507522
3542.07421875	0.0459915198526326
3558.07421875	0.04619209480026551
3574.07421875	0.046392865579103555
3590.07421875	0.04659327572754566
3606.07421875	0.046793797436637884
3622.07421875	0.046994332853495406
3638.07421875	0.047194752464674014
3654.07421875	0.04739525903345147
3670.07421875	0.04759578093209679
3686.07421875	0.047796060251476695
3702.07421875	0.04799658846624912
3718.07421875	0.048196948446080384
3734.07421875	0.04839731848794649
3750.07421875	0.048597691940389334
3766.07421875	0.04879804632179523
3782.07421875	0.04899839940929005
3798.07421875	0.0491989368097587
3814.07421875	0.04939928747320842
3830.07421875	0.04959956990732581
3846.07421875	0.04980009374456586
3862.07421875	0.05000053718893749
3878.07421875	0.050200829391516315
3894.07421875	0.0504014165516677
3910.07421875	0.050601854418529435
3926.07421875	0.05080237594884766
3942.07421875	0.05100293366015371
3958.07421875	0.05120353205906779
3974.07421875	0.0514041350331398
3990.07421875	0.05160471439654141
4006.07421875	0.05180547574255802
4022.07421875	0.052006189820252895
4038.07421875	0.05220692768016768
4054.07421875	0.05240778593682037
4070.07421875	0.052608613816246874
4086.07421875	0.052809576815457816
4102.07421875	0.0530105480756649
4118.07421875	0.05321166407478431
4134.07421875	0.0534126509767996
4150.07421875	0.05361395636398045
4166.07421875	0.05381519553456789
4182.07421875	0.054016592044432744
4198.07421875	0.05421807055733148
4214.07421875	0.05441956780407211
4230.07421875	0.054621110686533976
4246.07421875	0.05482283833259258
4262.07421875	0.055024542798445424
4278.07421875	0.05522641096079574
4294.07421875	0.05542834048668732
4310.07421875	0.05563039917514798
4326.07421875	0.05583243062676801
4342.07421875	0.056034800601617474
4358.07421875	0.056237099283926006
4374.07421875	0.0564395667871215
4390.07421875	0.05664208445889112
4406.07421875	0.05684482096486168
4422.07421875	0.05704756761774982
4438.07421875	0.057250419898991364
4454.07421875	0.05745338283543249
4470.07421875	0.05765642742493262
4486.07421875	0.05785973815701991
4502.07421875	0.05806305353630517
4518.07421875	0.05826646548663052
4534.07421875	0.0584700148465005
4550.07421875	0.05867373055150012
4566.07421875	0.05887744997672909
4582.07421875	0.05908144688493786
4598.07421875	0.05928537693916362
4614.07421875	0.059489504765010685
4630.07421875	0.05969383761490722
4646.07421875	0.059898222062301554
4662.07421875	0.060102718188241686
4678.07421875	0.06030738363033826
4694.07421875	0.060512141065240305
4710.07421875	0.06071697451005002
4726.07421875	0.060921953681636304
4742.07421875	0.061126912595304166
4758.07421875	0.06133220293094714
4774.07421875	0.06153762900869835
4790.07421875	0.06174308612910671
4806.07421875	0.0619486747412811
4822.07421875	0.062154400494677894
4838.07421875	0.06236030209305814
4854.07421875	0.0625661912674318
4870.07421875	0.06277249579375171
4886.07421875	0.06297856415359308
4902.07421875	0.06318508170853551
4918.07421875	0.0633916232727687
4934.07421875	0.06359844107779909
4950.07421875	0.06380521980807433
4966.07421875	0.06401222183810207
4982.07421875	0.06421941540438875
4998.07421875	0.06442676313681601
5014.07421875	0.06463413912410561
5030.07421875	0.06484181721752787
5046.07421875	0.06504956336857566
5062.07421875	0.06525760492210793
5078.07421875	0.06546574813999723
5094.07421875	0.06567401868380461
5110.07421875	0.06588258982952047
5126.07421875	0.06609112312331927
5142.07421875	0.06630000225282108
5158.07421875	0.0665091149717471
5174.07421875	0.06671833286485343
5190.07421875	0.06692777882426298
5206.07421875	0.06713734247437457
5222.07421875	0.06734722854117219
5238.07421875	0.06755736125406579
5254.07421875	0.0677676180874636
5270.07421875	0.06797811158044934
5286.07421875	0.06818879815459722
5302.07421875	0.06839970934014018
5318.07421875	0.0686108801341631
5334.07421875	0.0688221860276816
5350.07421875	0.0690340035100591
5366.07421875	0.06924574494881344
5382.07421875	0.06943138052135735
5398.07421875	0.06960219835754518
5414.07421875	0.06977319985359448
5430.07421875	0.06994415245436035
5446.07421875	0.07011519567552474
5462.07421875	0.07028626734067013
5469.0	0.07036039776468224
