0.0	0.0
1.67911565304	6.555089884545819e-06
3.67911577225	1.3530634192906838e-05
5.67911577225	1.856341791534862e-05
7.67911577225	2.166773423079698e-05
9.67911529541	2.396778886667821e-05
11.6791152954	2.7404629742126424e-05
13.6791152954	3.416343572317271e-05
15.6791152954	4.536147498594391e-05
17.6791152954	5.846756158955052e-05
19.6791152954	7.296315115081285e-05
21.6791152954	8.901748847157652e-05
23.6791152954	0.00010621414481636608
25.6791152954	0.0001237152997323463
27.6791152954	0.00014190219746660872
29.6791152954	0.00016034340261673153
31.6791152954	0.00017927687438518616
33.6791152954	0.0001981493312976319
35.6791152954	0.00021711892745473842
37.6791152954	0.00023646381411975134
39.6791152954	0.00025541862308951996
41.6791152954	0.0002747912734510289
43.6791152954	0.0002936822283081888
45.6791152954	0.00031303070752547506
47.6791152954	0.0003322266325007868
49.6791152954	0.0003511812101956945
51.6791152954	0.0003701950325193586
53.6791152954	0.0003891915791463819
55.6791152954	0.0004078038614810502
57.6791152954	0.0004273154637937234
59.6791152954	0.00044605475693850513
61.6791152954	0.000464733877005581
63.6791152954	0.0004839668864442258
65.6791152954	0.0005023458112024812
67.6791152954	0.0005211334274743941
69.6791152954	0.0005397463687776375
71.6791152954	0.000558383988587686
73.6791152954	0.0005770490941035668
75.6791152954	0.0005962640829204644
77.6791152954	0.000614537897897891
79.6791152954	0.0006329387905968351
81.6791152954	0.0006520226149584814
83.6791152954	0.0006705115517798149
85.6791152954	0.0006888342942739287
87.6791152954	0.0007073696694127496
89.6791152954	0.0007256353702845539
91.6791152954	0.0007440610270862453
93.6791152954	0.0007626023020071953
95.6791152954	0.0007810906214891713
97.6791152954	0.0007993887653485389
99.6791152954	0.0008174509104571466
101.679115295	0.0008360577257363718
103.679115295	0.000854815182176656
105.679115295	0.0008730217330877826
107.679115295	0.0008910279180085982
109.679115295	0.0009094786117141895
111.679115295	0.0009278992610901863
113.679115295	0.0009458596497249205
115.679115295	0.0009645169179711786
117.679115295	0.000982620024772145
119.0	0.0009943663083647938
119.0	0.0009943663083647938
134.074119568	0.0011289547413197525
150.074119568	0.0012699731514370933
166.074119568	0.0014104598168991557
182.074119568	0.0015501331891064757
198.074119568	0.0016895737313276124
214.074119568	0.001828622795231181
230.074119568	0.0019674253356730285
246.074119568	0.0021059941553934597
262.074111938	0.002244146015052817
278.074111938	0.002382228127333548
294.074111938	0.002519970978820366
310.074111938	0.00265798666719648
326.074111938	0.0027951707535865504
342.074111938	0.0029329674535946313
358.074111938	0.0030705780656567184
374.074111938	0.003207919920572109
390.074127197	0.0033452871222873055
406.074127197	0.0034825776478126748
422.074127197	0.003620115267654087
438.074127197	0.003757300264924029
454.074127197	0.0038946829314017014
470.074127197	0.004032207859611724
486.074127197	0.004169381829580195
502.074127197	0.004306136505281302
518.074127197	0.004443030381015974
534.074127197	0.004580631925667662
550.074127197	0.004717885948990374
566.074127197	0.004854960619755985
582.074127197	0.00499234054366535
598.074127197	0.005129722242584612
614.074127197	0.005266574149188711
630.074127197	0.005403962488019585
646.07409668	0.005541752218027785
662.07409668	0.005678535930443706
678.07409668	0.005816292078505321
694.07409668	0.005953714059050684
710.07409668	0.006091255914129465
726.07409668	0.00622871579892422
742.07409668	0.006366017423775248
758.07409668	0.00650364201374106
774.07409668	0.006641504204220284
790.07409668	0.0067792655632009854
806.07409668	0.006917044674071193
822.07409668	0.007054656299899413
838.07409668	0.0071927196291300365
854.07409668	0.007330287764193938
870.07409668	0.007468521982544848
886.07409668	0.00760605336525381
902.07409668	0.007744322188888836
918.07409668	0.007882629058199243
934.07409668	0.008020452082326058
950.07409668	0.008158808592811003
966.07409668	0.00829688011563603
982.07409668	0.008435411875361731
998.07409668	0.008573769870987031
1014.07409668	0.008711780153507848
1030.07409668	0.008850238452379195
1046.07409668	0.008988826934710458
1062.07409668	0.009127112871925434
1078.07409668	0.009265772669531313
1094.07409668	0.009404558908825121
1110.07409668	0.00954313309339763
1126.07409668	0.009682263742129387
1142.07409668	0.009820498492917754
1158.07409668	0.009959024722742776
1174.07409668	0.010098163828143335
1190.07409668	0.010236900888423675
1206.07409668	0.010375670505283173
1222.07409668	0.010514784236114424
1238.07409668	0.010653626809738467
1254.07409668	0.010792984276277945
1270.07409668	0.0109318382326084
1286.07409668	0.011070859275499043
1302.07409668	0.011209618358000922
1318.07409668	0.011348721852578241
1334.07409668	0.011487810835054752
1350.07409668	0.011627018261792904
1366.07409668	0.011766129693248147
1382.07409668	0.01190520109020601
1398.07409668	0.012044292122495727
1414.07409668	0.012183535380519597
1430.07409668	0.01232305004952823
1446.07409668	0.012461922159590633
1462.07409668	0.01260144645709816
1478.07409668	0.0127402544555778
1494.07409668	0.012879626317973653
1510.07409668	0.013018842099289673
1526.07409668	0.013158176035274865
1542.07409668	0.013297012972084028
1558.07409668	0.013436329995338326
1574.07409668	0.013575737114228676
1590.07409668	0.013714646706481657
1606.07409668	0.013853942367717734
1622.07409668	0.013992527634767452
1638.07409668	0.014131840548719295
1654.07409668	0.01427104450363142
1670.07409668	0.014410080271603756
1686.07409668	0.014549208033124235
1702.07409668	0.014688411886860125
1718.07409668	0.014827040501767247
1734.07409668	0.014966093468981726
1750.07409668	0.015104992072262869
1766.07409668	0.015243770581292927
1782.07409668	0.015382918070858429
1798.07409668	0.015521583421805143
1814.07409668	0.015660105265383747
1830.07409668	0.015798924053493757
1846.07409668	0.01593754566514807
1862.07409668	0.016076122838704826
1878.07409668	0.016214223932296795
1894.07409668	0.016352896647138487
1910.07409668	0.0164910840736741
1926.07409668	0.0166294108665367
1942.07409668	0.016767316350759554
1958.07409668	0.016905802290158544
1974.07409668	0.01704385031072695
1990.07409668	0.017181325827597967
2006.07409668	0.017319550096340203
2022.07409668	0.01745730251831483
2038.07409668	0.017595200778049776
2054.07409668	0.017732882931392135
2070.07409668	0.017869895876228673
2086.07409668	0.018007902923098736
2102.07409668	0.018144971783837918
2118.07409668	0.018282405332236858
2134.07409668	0.018419729886729845
2150.07409668	0.018556733987641783
2166.07409668	0.018693643153199345
2182.07421875	0.0188309961728158
2198.07421875	0.018967756541934888
2214.07421875	0.01910422537753002
2230.07421875	0.019241130702790373
2246.07421875	0.01937712093942411
2262.07421875	0.019514057259469964
2278.07421875	0.01965023130752282
2294.07421875	0.019785980157993942
2310.07421875	0.019922651006885717
2326.07421875	0.020058581956785723
2342.07421875	0.020194484645715858
2358.07421875	0.020329966685582138
2374.07421875	0.020465981420451983
2390.07421875	0.020601669249433047
2406.07421875	0.020737179462245337
2422.07421875	0.020872178974013327
2438.07421875	0.02100758502995776
2454.07421875	0.021142715942292604
2470.07421875	0.02127807187662654
2486.07421875	0.021412647890303272
2502.07421875	0.02154765538978364
2518.07421875	0.021682358888879028
2534.07421875	0.02181710107615133
2550.07421875	0.02195143328253862
2566.07421875	0.022085815169210987
2582.07421875	0.02222034495750072
2598.07421875	0.022354504167048827
2614.07421875	0.022488682137727097
2630.07421875	0.02262305252014381
2646.07421875	0.022756747655727754
2662.07421875	0.022890246711543487
2678.07421875	0.023024397184061015
2694.07421875	0.023158181901127922
2710.07421875	0.023291081712952712
2726.07421875	0.023424518477730673
2742.07421875	0.023557923307120993
2758.07421875	0.02369114623424395
2774.07421875	0.023824236041960732
2790.07421875	0.023957117118729703
2806.07421875	0.02409019109617303
2822.07421875	0.024222829597288834
2838.07421875	0.024355561874936864
2854.07421875	0.02448814534600285
2870.07421875	0.024620436137838653
2886.07421875	0.024752923528862804
2902.07421875	0.024885053152013357
2918.07421875	0.02501726710283519
2934.07421875	0.025149382046578687
2950.07421875	0.02528152972438042
2966.07421875	0.025413067648775087
2982.07421875	0.025545075728643812
2998.07421875	0.025676848088897017
3014.07421875	0.02580843394293076
3030.07421875	0.025939913357492902
3046.07421875	0.026071196992860243
3062.07421875	0.026202355289064123
3078.07421875	0.026333491966517984
3094.07421875	0.026464275315089568
3110.07421875	0.026595308393043054
3126.07421875	0.026726212170086604
3142.07421875	0.0268568205064457
3158.07421875	0.026987469615432885
3174.07421875	0.027118129260388313
3190.07421875	0.027248516260049194
3206.07421875	0.02737888873864899
3222.07421875	0.0275089524146239
3238.07421875	0.027638950977389623
3254.07421875	0.02776898606472445
3270.07421875	0.02789892226175827
3286.07421875	0.028028648855372162
3302.07421875	0.028158018607015656
3318.07421875	0.028287546136319126
3334.07421875	0.028417002777265103
3350.07421875	0.02854665385713807
3366.07421875	0.028675725190672133
3382.07421875	0.028804678360178537
3398.07421875	0.028933492254824656
3414.07421875	0.029062091368925163
3430.07421875	0.0291912402621841
3446.07421875	0.02931972212041393
3462.07421875	0.029448149181279117
3478.07421875	0.029576281508140755
3494.07421875	0.029705053303413703
3510.07421875	0.029832853127937167
3526.07421875	0.029960905340021108
3542.07421875	0.030088369573028313
3558.07421875	0.030215924934563765
3574.07421875	0.03034381886427754
3590.07421875	0.03047159808777445
3606.07421875	0.030598308589026665
3622.07421875	0.0307259847420188
3638.07421875	0.030852453711662207
3654.07421875	0.030979545797424526
3670.07421875	0.0311063736369336
3686.07421875	0.031232850592604153
3702.07421875	0.031359374038881206
3718.07421875	0.0314854895283297
3734.07421875	0.03161172612858963
3750.07421875	0.0317377997067016
3766.07421875	0.03186356264499765
3782.07421875	0.03198931381055258
3798.07421875	0.03211448996961789
3814.07421875	0.032239740520649214
3830.07421875	0.03236527575003781
3846.07421875	0.03248992607793482
3862.07421875	0.03261492532726311
3878.07421875	0.03273937481472876
3894.07421875	0.032863813623579145
3910.07421875	0.03298815577930761
3926.07421875	0.03311238155830827
3942.07421875	0.033236402171201815
3958.07421875	0.03336044302048999
3974.07421875	0.033483862964695806
3990.07421875	0.0336072011755009
4006.07421875	0.03373051383300516
4022.07421875	0.033853604051332996
4038.07421875	0.03397633465811136
4054.07421875	0.03409912279047375
4070.07421875	0.03422173985923258
4086.07421875	0.034344341711441025
4102.07421875	0.03446628427466993
4118.07421875	0.03458823223564583
4134.07421875	0.03471040133666933
4150.07421875	0.034831967783305065
4166.07421875	0.03495321817533029
4182.07421875	0.03507463948067225
4198.07421875	0.03519593642534083
4214.07421875	0.035316536794022385
4230.07421875	0.03543734116922379
4246.07421875	0.035558196434037126
4262.07421875	0.03567823416297903
4278.07421875	0.035798789606959695
4294.07421875	0.03591913439347482
4310.07421875	0.03603859953190895
4326.07421875	0.03615881961950191
4342.07421875	0.036278225187686516
4358.07421875	0.0363977073020721
4374.07421875	0.03651718316704401
4390.07421875	0.03663585374395948
4406.07421875	0.036755067432374416
4422.07421875	0.03687331737953668
4438.07421875	0.036992044351741915
4454.07421875	0.037110646534206905
4470.07421875	0.03722880165096373
4486.07421875	0.037347310261681074
4502.07421875	0.03746504192274852
4518.07421875	0.037583029808698015
4534.07421875	0.03770049726747041
4550.07421875	0.03781812698077965
4566.07421875	0.03793543983788254
4582.07421875	0.03805244365754035
4598.07421875	0.03816992746324026
4614.07421875	0.0382867354012804
4630.07421875	0.03840363283786317
4646.07421875	0.03852008667544894
4662.07421875	0.03863652272442331
4678.07421875	0.0387530035646455
4694.07421875	0.03886929855420047
4710.07421875	0.038985445622538105
4726.07421875	0.039101653776873704
4742.07421875	0.03921747320323442
4758.07421875	0.0393334294242457
4774.07421875	0.03944862862999083
4790.07421875	0.039564313681903926
4806.07421875	0.03967958336140323
4822.07421875	0.03979504702303442
4838.07421875	0.03990969659864367
4854.07421875	0.04002521695778779
4870.07421875	0.04014008081990643
4886.07421875	0.040254732577935104
4902.07421875	0.040369373309137535
4918.07421875	0.04048432463599867
4934.07421875	0.04059865174463184
4950.07421875	0.04071340472212144
4966.07421875	0.04082721486608112
4982.07421875	0.0409417978045933
4998.07421875	0.041055645372109185
5014.07421875	0.04116964563925994
5030.07421875	0.0412837634050292
5046.07421875	0.04139753575168747
5062.07421875	0.04151161233822637
5078.07421875	0.04162513235284344
5094.07421875	0.041738783207773536
5110.07421875	0.04185203099714952
5126.07421875	0.041966295374651824
5142.07421875	0.042079501395180664
5158.07421875	0.04219290529309335
5174.07421875	0.04230631547909399
5190.07421875	0.04241938247673849
5206.07421875	0.04253289339858946
5222.07421875	0.0426458846023176
5238.07421875	0.04275895101381324
5254.07421875	0.04287218355873185
5270.07421875	0.04298533857426537
5286.07421875	0.04309834567857034
5302.07421875	0.04321125472266415
5318.07421875	0.043324458776082916
5334.07421875	0.04343731356799146
5350.07421875	0.043550098649261015
5366.07421875	0.043663403721266585
5382.07421875	0.043775780450528726
5398.07421875	0.043888778337962356
5414.07421875	0.044001436164353855
5430.07421875	0.044114588944304284
5446.07421875	0.04422750833329309
5462.07421875	0.04434062990409637
5469.0	0.04438944895203125
