0.0	0.0
1.67911565304	6.471050300330809e-06
3.67911577225	1.258607777372207e-05
5.67911577225	1.5236300885797143e-05
7.67911577225	1.5224716073318117e-05
9.67911529541	2.3862596149898967e-05
11.6791152954	3.937159437464386e-05
13.6791152954	5.8581967811350314e-05
15.6791152954	8.045445939939538e-05
17.6791152954	0.00010321865107026869
19.6791152954	0.00012653075280880696
21.6791152954	0.00014992254925849375
23.6791152954	0.00017336021882829309
25.6791152954	0.00019672810047686158
27.6791152954	0.0002200144625535301
29.6791152954	0.00024339185998364728
31.6791152954	0.0002668150044267306
33.6791152954	0.00029046954197504526
35.6791152954	0.0003143706920345563
37.6791152954	0.0003381537666638731
39.6791152954	0.0003621289872725998
41.6791152954	0.0003863221706509368
43.6791152954	0.0004105510176935082
45.6791152954	0.0004349732106023526
47.6791152954	0.00045950650684199474
49.6791152954	0.00048410536066220065
51.6791152954	0.0005087041987592669
53.6791152954	0.0005335080342609974
55.6791152954	0.0005583669233833065
57.6791152954	0.0005834796629947797
59.6791152954	0.0006085008444305375
61.6791152954	0.0006336530507528035
63.6791152954	0.0006589949416104006
65.6791152954	0.0006840701611262156
67.6791152954	0.0007095685200250978
69.6791152954	0.0007349949282058272
71.6791152954	0.0007606815507156088
73.6791152954	0.0007861492718690762
75.6791152954	0.0008115692173048628
77.6791152954	0.0008374145177691486
79.6791152954	0.0008630687130200479
81.6791152954	0.0008886991446512985
83.6791152954	0.0009144162450949939
85.6791152954	0.0009401710181363489
87.6791152954	0.0009662458228445808
89.6791152954	0.0009918925601301786
91.6791152954	0.0010178477073306538
93.6791152954	0.001043747469002602
95.6791152954	0.001069566209439222
97.6791152954	0.0010956135732732356
99.6791152954	0.0011217396147124407
101.679115295	0.0011475439699628878
103.679115295	0.0011735445795497577
105.679115295	0.001199702092389388
107.679115295	0.0012256384730781498
109.679115295	0.001251761784091618
111.679115295	0.0012776631694455286
113.679115295	0.001303717274349369
115.679115295	0.0013297974894861076
117.679115295	0.001355935513429151
119.0	0.0013730830135350615
119.0	0.0013730830135350615
134.074119568	0.0015658611705898229
150.074119568	0.001769206874796618
166.074119568	0.001972026117431664
182.074119568	0.0021739021898130374
198.074119568	0.0023748517911166044
214.074119568	0.002575215282192803
230.074119568	0.0027747225210115077
246.074119568	0.0029733528641389057
262.074111938	0.0031712756820826645
278.074111938	0.003368477445987467
294.074111938	0.003565065807271799
310.074111938	0.0037608566216638523
326.074111938	0.003956114736729535
342.074111938	0.004150845743583801
358.074111938	0.0043447452903177825
374.074111938	0.004538284229891164
390.074127197	0.004730805172351636
406.074127197	0.004923196081824359
422.074127197	0.005114996191901406
438.074127197	0.005306123351348431
454.074127197	0.005496929432356527
470.074127197	0.005687145014656463
486.074127197	0.0058769009263532675
502.074127197	0.006065904524996098
518.074127197	0.006254718099430697
534.074127197	0.0064430440130244454
550.074127197	0.006630724311042497
566.074127197	0.006818089191805827
582.074127197	0.007005182630384698
598.074127197	0.007191433039435029
614.074127197	0.007377512643097001
630.074127197	0.007563127731810299
646.07409668	0.0077479752429260714
662.07409668	0.007932819946257233
678.07409668	0.008116864894201105
694.07409668	0.00830082859191743
710.07409668	0.008484040378784532
726.07409668	0.008667199871858568
742.07409668	0.008849971630963996
758.07409668	0.009031823583790736
774.07409668	0.009213536494401063
790.07409668	0.009395041769873314
806.07409668	0.009575803473138316
822.07409668	0.009756486560150143
838.07409668	0.009936486794085174
854.07409668	0.01011619425130244
870.07409668	0.010295650214542084
886.07409668	0.010474472608769839
902.07409668	0.010653192277728148
918.07409668	0.010831408151222008
934.07409668	0.01100914480228369
950.07409668	0.011186601835240501
966.07409668	0.01136359009284805
982.07409668	0.01154003886773567
998.07409668	0.01171614810551452
1014.07409668	0.011891975116918124
1030.07409668	0.01206747986389616
1046.07409668	0.01224245688984035
1062.07409668	0.012417062633311417
1078.07409668	0.01259105064921841
1094.07409668	0.01276468053376892
1110.07409668	0.012938212302129153
1126.07409668	0.01311120748481778
1142.07409668	0.013283556290732053
1158.07409668	0.013455566903903428
1174.07409668	0.01362711545039167
1190.07409668	0.013798325250395274
1206.07409668	0.013969078704504794
1222.07409668	0.014139353023027653
1238.07409668	0.014308813264224916
1254.07409668	0.014478427857908066
1270.07409668	0.014647247593511005
1286.07409668	0.014815487990788436
1302.07409668	0.014983563687379263
1318.07409668	0.015150901546503661
1334.07409668	0.01531760140340458
1350.07409668	0.015484303071349402
1366.07409668	0.01565008741573525
1382.07409668	0.015815506596829954
1398.07409668	0.015980319338196644
1414.07409668	0.016144929015261215
1430.07409668	0.01630873381807345
1446.07409668	0.01647210455169157
1462.07409668	0.01663512637763108
1478.07409668	0.016797503469541678
1494.07409668	0.01695945250491888
1510.07409668	0.017120731945103603
1526.07409668	0.017281323304184176
1542.07409668	0.017442005476696824
1558.07409668	0.017601636044049802
1574.07409668	0.017760902622370234
1590.07409668	0.017919559978176153
1606.07409668	0.018077852705518153
1622.07409668	0.018235712629093608
1638.07409668	0.01839269957075392
1654.07409668	0.018549628171470205
1670.07409668	0.018705594493893217
1686.07409668	0.01886144646900459
1702.07409668	0.019016634520237677
1718.07409668	0.01917130024829001
1734.07409668	0.01932555041122634
1750.07409668	0.019479179130905064
1766.07409668	0.01963249867414064
1782.07409668	0.019785194699093178
1798.07409668	0.019937239228321753
1814.07409668	0.02008895754595713
1830.07409668	0.02024034456553963
1846.07409668	0.020391139411807754
1862.07409668	0.020541553867150338
1878.07409668	0.02069145346387169
1894.07409668	0.020840960543281002
1910.07409668	0.020990017981783425
1926.07409668	0.021138716495539986
1942.07409668	0.02128665470583114
1958.07409668	0.02143437689004258
1974.07409668	0.0215819431527862
1990.07409668	0.02172853968314021
2006.07409668	0.021875053833316702
2022.07409668	0.022021292529952722
2038.07409668	0.022166844882715177
2054.07409668	0.0223123318398799
2070.07409668	0.02245728089289365
2086.07409668	0.0226021045314888
2102.07409668	0.022746079931738813
2118.07409668	0.022890150745699483
2134.07409668	0.02303373209627677
2150.07409668	0.023177001997527445
2166.07409668	0.02332002799785303
2182.07421875	0.023462567414148414
2198.07421875	0.02360506455246052
2214.07421875	0.023746937621640873
2230.07421875	0.023888801426372185
2246.07421875	0.02403030451858679
2262.07421875	0.024171403556974058
2278.07421875	0.024312093559238024
2294.07421875	0.024452959357985294
2310.07421875	0.024593476825906315
2326.07421875	0.024733699723113685
2342.07421875	0.024873813768302423
2358.07421875	0.025013813201587964
2374.07421875	0.025153278387438985
2390.07421875	0.02529256546522886
2406.07421875	0.025431839918160018
2422.07421875	0.025570918536307524
2438.07421875	0.025709815649025653
2454.07421875	0.02584858730949354
2470.07421875	0.025987127956436137
2486.07421875	0.026125428536871782
2502.07421875	0.026263858378152476
2518.07421875	0.026402016961585735
2534.07421875	0.02654004528696842
2550.07421875	0.02667778554891031
2566.07421875	0.02681572467600992
2582.07421875	0.026953325395350326
2598.07421875	0.027090833553965587
2614.07421875	0.027228501267487073
2630.07421875	0.027365802697994872
2646.07421875	0.027503268499337326
2662.07421875	0.02764056366085149
2678.07421875	0.02777776342637983
2694.07421875	0.02791498256876756
2710.07421875	0.028052149246627443
2726.07421875	0.028189295860007263
2742.07421875	0.028326120799767186
2758.07421875	0.028463057645257805
2774.07421875	0.02860027410048667
2790.07421875	0.02873711257733067
2806.07421875	0.028873925502101074
2822.07421875	0.029010763824365852
2838.07421875	0.02914767763489529
2854.07421875	0.029284516844210313
2870.07421875	0.029421240615833892
2886.07421875	0.029558381394113886
2902.07421875	0.029695047945703743
2918.07421875	0.029831919188436504
2934.07421875	0.029968482182785132
2950.07421875	0.03010509199911597
2966.07421875	0.03024198222472797
2982.07421875	0.030378757895195042
2998.07421875	0.030515677518953566
3014.07421875	0.0306523458964993
3030.07421875	0.030789014177055058
3046.07421875	0.03092599698223953
3062.07421875	0.031062632631323243
3078.07421875	0.031199490607581565
3094.07421875	0.03133604520726922
3110.07421875	0.031472736682804016
3126.07421875	0.031609328762435676
3142.07421875	0.0317462401773891
3158.07421875	0.03188288152880142
3174.07421875	0.03201958152296752
3190.07421875	0.03215603594196057
3206.07421875	0.032292874346112915
3222.07421875	0.03242946234474013
3238.07421875	0.032565991941607406
3254.07421875	0.03270239547241264
3270.07421875	0.03283890135952321
3286.07421875	0.03297580874187159
3302.07421875	0.033112189811957425
3318.07421875	0.03324875665280172
3334.07421875	0.03338507380290936
3350.07421875	0.03352156263269115
3366.07421875	0.033658029351892
3382.07421875	0.033794491119427485
3398.07421875	0.03393093857477371
3414.07421875	0.03406730773436804
3430.07421875	0.034203634233215506
3446.07421875	0.03434007489829964
3462.07421875	0.03447650036773342
3478.07421875	0.034612650576070644
3494.07421875	0.03474899378644861
3510.07421875	0.034885348089714795
3526.07421875	0.03502153041967113
3542.07421875	0.03515771316701156
3558.07421875	0.03529407221995955
3574.07421875	0.035430376422688335
3590.07421875	0.03556647836724142
3606.07421875	0.035702548266657294
3622.07421875	0.03583900745383596
3638.07421875	0.03597525437024849
3654.07421875	0.036110995598537705
3670.07421875	0.036247451384906516
3686.07421875	0.03638347483559351
3702.07421875	0.03651924263428056
3718.07421875	0.036655634367460416
3734.07421875	0.03679174395151815
3750.07421875	0.036927624273706154
3766.07421875	0.03706405724157951
3782.07421875	0.0371996547175178
3798.07421875	0.037335759595370666
3814.07421875	0.037471609853139146
3830.07421875	0.037607907846405365
3846.07421875	0.0377436677283601
3862.07421875	0.037879475322590686
3878.07421875	0.0380155161614124
3894.07421875	0.03815147003603334
3910.07421875	0.03828719373829003
3926.07421875	0.03842307239525752
3942.07421875	0.03855858048293046
3958.07421875	0.03869445041922793
3974.07421875	0.03883010240045178
3990.07421875	0.038965540465451864
4006.07421875	0.039101146875977856
4022.07421875	0.03923687911590224
4038.07421875	0.039372175576266114
4054.07421875	0.0395078749207377
4070.07421875	0.039643220660173194
4086.07421875	0.039778331045410495
4102.07421875	0.039913696340059285
4118.07421875	0.040048831729509654
4134.07421875	0.04018405501155709
4150.07421875	0.04031877796977051
4166.07421875	0.040453967191312216
4182.07421875	0.04058883821062249
4198.07421875	0.040723422628873386
4214.07421875	0.04085838559199748
4230.07421875	0.040992939831691715
4246.07421875	0.04112736350342515
4262.07421875	0.041261793577026765
4278.07421875	0.04139619134824099
4294.07421875	0.041530173492491676
4310.07421875	0.041664403520371526
4326.07421875	0.04179832893434536
4342.07421875	0.04193195792151147
4358.07421875	0.04206568393100511
4374.07421875	0.04219941965447592
4390.07421875	0.0423327141652336
4406.07421875	0.04246577368166932
4422.07421875	0.042599112433601816
4438.07421875	0.0427319558131055
4454.07421875	0.042864732157066765
4470.07421875	0.04299720910672967
4486.07421875	0.04312998671510397
4502.07421875	0.043261887408878916
4518.07421875	0.043394121510637276
4534.07421875	0.04352589337743476
4550.07421875	0.04365759358293107
4566.07421875	0.0437891335481359
4582.07421875	0.043920442128162394
4598.07421875	0.044051467500316854
4614.07421875	0.04418228497668843
4630.07421875	0.044313363312433324
4646.07421875	0.044443626114461704
4662.07421875	0.04457386773081824
4678.07421875	0.044703914296519244
4694.07421875	0.044833945157844404
4710.07421875	0.04496318825542583
4726.07421875	0.04509250577266968
4742.07421875	0.04522160024218669
4758.07421875	0.04535037920217245
4774.07421875	0.04547898706779036
4790.07421875	0.04560738064718857
4806.07421875	0.04573548527225338
4822.07421875	0.04586331904328594
4838.07421875	0.045990684942093796
4854.07421875	0.04611769898437611
4870.07421875	0.04624430133529293
4886.07421875	0.0463709919557173
4902.07421875	0.04649710504319048
4918.07421875	0.04662256226126721
4934.07421875	0.046747910475869736
4950.07421875	0.0468727856075378
4966.07421875	0.04699735782103884
4982.07421875	0.047121182608340154
4998.07421875	0.0472450629773039
5014.07421875	0.04736801470982305
5030.07421875	0.047490699915601696
5046.07421875	0.0476127789056225
5062.07421875	0.04773451612444954
5078.07421875	0.047855532849657205
5094.07421875	0.04797611111816393
5110.07421875	0.04809639996607864
5126.07421875	0.04821607813148185
5142.07421875	0.0483353055597303
5158.07421875	0.04845385951543866
5174.07421875	0.04857177662415429
5190.07421875	0.0486896305194182
5206.07421875	0.048806455597815414
5222.07421875	0.04892316194924704
5238.07421875	0.04903881904268349
5254.07421875	0.04915429313869945
5270.07421875	0.049268912522426586
5286.07421875	0.049383569286277317
5302.07421875	0.049497240160406714
5318.07421875	0.0496104117186725
5334.07421875	0.049722954358149656
5350.07421875	0.049835077429134955
5366.07421875	0.04994679758461841
5382.07421875	0.05005792170248757
5398.07421875	0.050168313401846784
5414.07421875	0.0502782781109468
5430.07421875	0.05038792846428774
5446.07421875	0.05049677100175732
5462.07421875	0.05060484380554287
5469.0	0.05065147370531334
