0.0	0.0
1.67911565304	7.496833247045495e-06
3.67911577225	1.4609650097862885e-05
5.67911577225	1.7218399904542e-05
7.67911577225	1.5110011228057017e-05
9.67911529541	2.0394560090828034e-05
11.6791152954	3.875055381830005e-05
13.6791152954	6.11353262786024e-05
15.6791152954	8.530639865951626e-05
17.6791152954	0.00011052413187481809
19.6791152954	0.0001365069422831585
21.6791152954	0.00016305751948515865
23.6791152954	0.00019002119710347085
25.6791152954	0.00021726260442737205
27.6791152954	0.00024466634904646474
29.6791152954	0.0002721450402597296
31.6791152954	0.00029963290904890243
33.6791152954	0.0003270834538884037
35.6791152954	0.00035446498994156186
37.6791152954	0.0003817485820526857
39.6791152954	0.0004089470061740321
41.6791152954	0.0004360471656810692
43.6791152954	0.0004630587599495448
45.6791152954	0.0004899874897967811
47.6791152954	0.000516857088428622
49.6791152954	0.0005436739013339405
51.6791152954	0.0005704499795669315
53.6791152954	0.0005972070842704544
55.6791152954	0.0006239505816112565
57.6791152954	0.0006506916842813596
59.6791152954	0.0006774404351531398
61.6791152954	0.0007041954778824809
63.6791152954	0.0007309643757737503
65.6791152954	0.0007577582562640499
67.6791152954	0.0007845683906637842
69.6791152954	0.0008113996673223781
71.6791152954	0.0008382530884277646
73.6791152954	0.0008651298567767678
75.6791152954	0.000892020639971896
77.6791152954	0.0009189345626090973
79.6791152954	0.0009458640507659719
81.6791152954	0.0009728103208667797
83.6791152954	0.0009997690732521888
85.6791152954	0.0010267432068042238
87.6791152954	0.001053724456284804
89.6791152954	0.0010807144021634247
91.6791152954	0.00110771176405641
93.6791152954	0.0011347126654061115
95.6791152954	0.0011617171259640834
97.6791152954	0.0011887212444186479
99.6791152954	0.0012157303015169732
101.679115295	0.0012427398117848011
103.679115295	0.0012697390330514004
105.679115295	0.001296742797319583
107.679115295	0.0013237360905699958
109.679115295	0.0013507306911580163
111.679115295	0.0013777125106588315
113.679115295	0.0014046908997277638
115.679115295	0.00143165871320112
117.679115295	0.0014586167047887081
119.0	0.0014764158410190639
119.0	0.0014764158410190639
134.074119568	0.001675379631366367
150.074119568	0.0018850138357340953
166.074119568	0.002093719379048256
182.074119568	0.002301403068452207
198.074119568	0.002508047857319576
214.074119568	0.00271364241594826
230.074119568	0.0029182107499564898
246.074119568	0.0031217576505364933
262.074111938	0.003324316051617817
278.074111938	0.0035258966474179176
294.074111938	0.0037265257110871675
310.074111938	0.003926227429240172
326.074111938	0.004125021503885251
342.074111938	0.0043229346310714525
358.074111938	0.004519984900928373
374.074111938	0.004716198577517997
390.074127197	0.0049115885718695376
406.074127197	0.005106186283870593
422.074127197	0.005299997399183912
438.074127197	0.005493049896234451
454.074127197	0.005685356835634287
470.074127197	0.005876930997921184
486.074127197	0.0060677893165669
502.074127197	0.006257945988850663
518.074127197	0.0064474164589819645
534.074127197	0.006636204571643514
550.074127197	0.006824332171200366
566.074127197	0.0070118019941188044
582.074127197	0.007198628481629818
598.074127197	0.007384823997414309
614.074127197	0.0075703906490005015
630.074127197	0.00775534154077602
646.07409668	0.007939688169861623
662.07409668	0.008123438164290453
678.07409668	0.008306598384899446
694.07409668	0.008489173514587814
710.07409668	0.00867117646723118
726.07409668	0.008852609601199818
742.07409668	0.009033490298590944
758.07409668	0.009213815978410997
774.07409668	0.009393599051458958
790.07409668	0.009572841274097492
806.07409668	0.009751557834164926
822.07409668	0.00992975255590125
838.07409668	0.01010743099975071
854.07409668	0.010284600935165126
870.07409668	0.010461269694341848
886.07409668	0.010637447126596334
902.07409668	0.010813133482915337
918.07409668	0.010988339951589288
934.07409668	0.011163073452661062
950.07409668	0.011337339568697388
966.07409668	0.0115111414217492
982.07409668	0.011684491848641704
998.07409668	0.0118573943776548
1014.07409668	0.012029866508527958
1030.07409668	0.012201890179847826
1046.07409668	0.012373494812940233
1062.07409668	0.012544678521642257
1078.07409668	0.012715449219382209
1094.07409668	0.012885811706143554
1110.07409668	0.013055779306915509
1126.07409668	0.013225349134390182
1142.07409668	0.013394531484990136
1158.07409668	0.013563330648965788
1174.07409668	0.01373175995898664
1190.07409668	0.013899822462305315
1206.07409668	0.014067527620077177
1222.07409668	0.01423487129085807
1238.07409668	0.014401872431907815
1254.07409668	0.014568531511451818
1270.07409668	0.014734858473204812
1286.07409668	0.01490085662481843
1302.07409668	0.015066534277607851
1318.07409668	0.01523189628247745
1334.07409668	0.01539695060360297
1350.07409668	0.015561707750747316
1366.07409668	0.015726165309724028
1382.07409668	0.01589033657233966
1398.07409668	0.01605421976474262
1414.07409668	0.016217832877467944
1430.07409668	0.016381178757302783
1446.07409668	0.016544254097394698
1462.07409668	0.016707081166396524
1478.07409668	0.01686965082564477
1494.07409668	0.01703198165707051
1510.07409668	0.017194073764327546
1526.07409668	0.01735593448824458
1542.07409668	0.017517566730318547
1558.07409668	0.01767897952808285
1574.07409668	0.017840184401698368
1590.07409668	0.018001173996560583
1606.07409668	0.018161965970725384
1622.07409668	0.018322556702779314
1638.07409668	0.018482962005247298
1654.07409668	0.018643182229603143
1670.07409668	0.018803220312432988
1686.07409668	0.018963092429650916
1702.07409668	0.019122789194495955
1718.07409668	0.019282326088225533
1734.07409668	0.01944170606480824
1750.07409668	0.019600920665041405
1766.07409668	0.019760005449092156
1782.07409668	0.019918942859924838
1798.07409668	0.020077736523223644
1814.07409668	0.02023639975175767
1830.07409668	0.02039494029705456
1846.07409668	0.020553349021047468
1862.07409668	0.020711645660047358
1878.07409668	0.02086982630874724
1894.07409668	0.02102789552946145
1910.07409668	0.021185856741168116
1926.07409668	0.021343718414487976
1942.07409668	0.021501476227609763
1958.07409668	0.021659138536571296
1974.07409668	0.02181671318602528
1990.07409668	0.02197420110355376
2006.07409668	0.022131604861187155
2022.07409668	0.02228892005914785
2038.07409668	0.022446164937924246
2054.07409668	0.02260332614044741
2070.07409668	0.022760414566129736
2086.07409668	0.02291743675740199
2102.07409668	0.023074388399732283
2118.07409668	0.02323127472525632
2134.07409668	0.02338809441379683
2150.07409668	0.023544850690882163
2166.07409668	0.02370154291912386
2182.07421875	0.023858173856548103
2198.07421875	0.024014743662894557
2214.07421875	0.024171253005297606
2230.07421875	0.02432770607098982
2246.07421875	0.02448409505653883
2262.07421875	0.02464041859405237
2278.07421875	0.02479668604071176
2294.07421875	0.024952894397528215
2310.07421875	0.025109032403579628
2326.07421875	0.025265107203719477
2342.07421875	0.02542111524965198
2358.07421875	0.02557705388148947
2374.07421875	0.02573292115809591
2390.07421875	0.02588871215797451
2406.07421875	0.02604442840174497
2422.07421875	0.026200062788931517
2438.07421875	0.02635561605354808
2454.07421875	0.026511077872055602
2470.07421875	0.02666645357750267
2486.07421875	0.02682173375893158
2502.07421875	0.026976921197433983
2518.07421875	0.027132013241428218
2534.07421875	0.027286995669525506
2550.07421875	0.027441880205010646
2566.07421875	0.027596651368577935
2582.07421875	0.027751315803746828
2598.07421875	0.027905865404577568
2614.07421875	0.028060305172283345
2630.07421875	0.028214625083085566
2646.07421875	0.02836882290593592
2662.07421875	0.028522904711125285
2678.07421875	0.028676866129339826
2694.07421875	0.028830702576775606
2710.07421875	0.028984411759175772
2726.07421875	0.029138001913738745
2742.07421875	0.02929146422723505
2758.07421875	0.029444802297366117
2774.07421875	0.029598011736343726
2790.07421875	0.029751104965830156
2806.07421875	0.02990406203115849
2822.07421875	0.03005689645417518
2838.07421875	0.0302096094618219
2854.07421875	0.030362192446079843
2870.07421875	0.030514657666866507
2886.07421875	0.030666996119211292
2902.07421875	0.030819212132899662
2918.07421875	0.03097131188783025
2934.07421875	0.031123285794594824
2950.07421875	0.03127514309700164
2966.07421875	0.031426878710672505
2982.07421875	0.03157850512050229
2998.07421875	0.0317300118389932
3014.07421875	0.03188140205412107
3030.07421875	0.032032681551486676
3046.07421875	0.03218385536531411
3062.07421875	0.03233492027641496
3078.07421875	0.03248587049458
3094.07421875	0.032636716667891405
3110.07421875	0.03278745734319018
3126.07421875	0.03293810223950754
3142.07421875	0.03308864442079841
3158.07421875	0.03323908561753698
3174.07421875	0.033389434756113195
3190.07421875	0.0335396881014819
3206.07421875	0.03368985062198253
3222.07421875	0.033839921660404754
3238.07421875	0.033989906001936514
3254.07421875	0.03413980136877124
3270.07421875	0.03428961665665717
3286.07421875	0.034439351013410495
3302.07421875	0.03458900922873641
3318.07421875	0.03473858729872427
3334.07421875	0.034888092561361855
3350.07421875	0.0350375287493393
3366.07421875	0.03518689625723078
3382.07421875	0.03533619556655274
3398.07421875	0.03548543136691357
3414.07421875	0.03563461314630695
3430.07421875	0.03578373203107194
3446.07421875	0.03593279237004175
3462.07421875	0.03608180213795357
3478.07421875	0.03623076279942633
3494.07421875	0.03637967450882888
3510.07421875	0.036528538124744145
3526.07421875	0.036677358932428995
3542.07421875	0.03682614023919406
3558.07421875	0.03697488040400177
3574.07421875	0.037123581624129064
3590.07421875	0.037272249086004273
3606.07421875	0.03742088525157814
3622.07421875	0.03756948219832794
3638.07421875	0.03771805425231473
3654.07421875	0.037866597557719345
3670.07421875	0.03801510772449978
3686.07421875	0.03816359691586449
3702.07421875	0.03831205971264233
3718.07421875	0.03846049271537871
3734.07421875	0.03860891373972107
3750.07421875	0.03875730046833806
3766.07421875	0.038905673853950246
3782.07421875	0.03905402120254683
3798.07421875	0.039202349308482036
3814.07421875	0.03935066454648963
3830.07421875	0.03949895890199046
3846.07421875	0.03964722946941979
3862.07421875	0.03979549173382562
3878.07421875	0.039943733618199966
3894.07421875	0.040091957761897855
3910.07421875	0.04024017089164553
3926.07421875	0.040388375253110995
3942.07421875	0.040536564291943106
3958.07421875	0.04068473949897325
3974.07421875	0.04083291094208596
3990.07421875	0.0409810676489471
4006.07421875	0.041129211634098425
4022.07421875	0.04127734817842384
4038.07421875	0.04142548101037152
4054.07421875	0.04157360292809622
4070.07421875	0.04172171280590865
4086.07421875	0.04186981800405522
4102.07421875	0.042017914944963444
4118.07421875	0.04216600342841552
4134.07421875	0.04231409266512202
4150.07421875	0.04246217010201439
4166.07421875	0.042610236444923434
4182.07421875	0.0427582975037538
4198.07421875	0.042906350843996396
4214.07421875	0.04305439162269468
4230.07421875	0.043202425327277846
4246.07421875	0.0433504504857729
4262.07421875	0.04349845922027177
4278.07421875	0.043646454833424185
4294.07421875	0.04379444307263197
4310.07421875	0.043942412805157705
4326.07421875	0.04409036484449121
4342.07421875	0.04423829809241868
4358.07421875	0.044386214076614215
4374.07421875	0.04453410345347086
4390.07421875	0.04468197062375069
4406.07421875	0.04482982296266194
4422.07421875	0.04497763813937542
4438.07421875	0.04512542530028318
4454.07421875	0.04527318277354333
4470.07421875	0.04542090610671851
4486.07421875	0.045568588289348705
4502.07421875	0.04571623855138395
4518.07421875	0.04586385751199659
4534.07421875	0.04601142355946551
4550.07421875	0.04615894825521245
4566.07421875	0.04630642122395376
4582.07421875	0.04645384499461474
4598.07421875	0.04660122700141518
4614.07421875	0.04674855022075546
4630.07421875	0.046895817452242416
4646.07421875	0.04704303583314412
4662.07421875	0.04719019470472627
4678.07421875	0.047337286559007666
4694.07421875	0.047484321066203754
4710.07421875	0.047631295113766466
4726.07421875	0.04777819921850584
4742.07421875	0.047925045963365165
4758.07421875	0.04807182378251719
4774.07421875	0.04821853846951114
4790.07421875	0.048365179770435404
4806.07421875	0.048511758436267656
4822.07421875	0.04865826811034868
4838.07421875	0.04880471581634746
4854.07421875	0.048951097134964636
4870.07421875	0.04909741088026126
4886.07421875	0.04924366794788009
4902.07421875	0.04938985628510445
4918.07421875	0.04953598442805708
4934.07421875	0.04968205845274647
4950.07421875	0.04982807663525568
4966.07421875	0.04997405163076425
4982.07421875	0.05011996011379046
4998.07421875	0.05026582758900733
5014.07421875	0.05041164693889621
5030.07421875	0.050557424699666564
5046.07421875	0.0507031657629363
5062.07421875	0.05084886177492299
5078.07421875	0.05099452651179814
5094.07421875	0.05114015252699935
5110.07421875	0.05128575208199155
5126.07421875	0.05143132008229759
5142.07421875	0.051576863829080055
5158.07421875	0.0517223747688065
5174.07421875	0.05186787112830602
5190.07421875	0.052013341797293944
5206.07421875	0.05215879732382704
5222.07421875	0.05230422830424651
5238.07421875	0.052449650171576434
5254.07421875	0.05259505157609343
5270.07421875	0.05274045331357352
5286.07421875	0.05288584006763406
5302.07421875	0.0530312207048931
5318.07421875	0.05317659238598045
5334.07421875	0.053321964582437986
5350.07421875	0.05346732615341818
5366.07421875	0.0536126956808629
5382.07421875	0.053758063675770976
5398.07421875	0.05390343482512468
5414.07421875	0.05404880707772825
5430.07421875	0.05419419096883534
5446.07421875	0.054339578442357914
5462.07421875	0.05448497408781552
5469.0	0.054547917253178355
