9947198.25
16305551.375
7061509.45313
13181582.25
11644084.75
19663904.5
12414033.625
15568109.5
9070663.0625
16619414.25
10156571.75
6920910.1875
6368992.0625
5042186.60938
8423936.9375
14427580.875
10948609.375
7163079.0
10923831.9375
7618789.5
6560480.625
4950229.34375
9328364.4375
9294593.9375
10634350.0
3046021.53125
10505623.25
8710381.0
7592857.5625
9439857.3125
4955766.94531
10456368.5
3861296.62891
8816332.25
10294868.25
7699350.6875
13404003.625
9292452.75
14829632.6875
16794672.5
6405144.375
4504407.9375
12285485.75
7901604.25
8284890.375
5176701.48438
10285118.375
8241845.0625
7440007.125
7570198.85938
8416325.75
6002838.82617
6395931.29688
14106541.5
9347880.9375
9227611.375
10092029.5
10552667.375
9627860.6875
4165075.47656
14766099.875
8027028.375
8905940.5
11160517.25
8727013.625
13942887.875
4675515.04688
6629120.76563
6142144.90625
14227762.5
9414337.625
4538292.59375
4583311.20459
7548957.3125
6549365.0625
12514380.9375
5502224.40625
8087699.75
4158944.89063
10339201.375
5722610.4375
13530205.25
4938384.17969
10138422.625
14841648.0
13275656.0
9251294.5
7829844.6875
17210918.75
8548569.375
8266808.375
10559131.3125
10585582.125
8246573.1875
13417277.5
7967967.75
7002814.40625
12009868.25
3074670.80859
15214423.125
8328988.9375
9419442.75
8202476.40625
2148139.01563
9452981.875
5926093.0625
7979985.1875
9522986.625
7105332.4375
3001249.58008
10053483.375
6163438.15625
6859466.3125
5840758.03125
7457495.78125
8502828.64063
10265990.0
9496595.375
10337785.5
9986351.0
6558369.4375
9304227.625
9329287.8125
6435702.65625
11306846.75
