3588475.75
5600010.5625
2734000.5332
7291486.5
7072223.5
8078135.625
6082041.375
7148871.75
3449504.6875
8092362.0625
4514944.0625
7552597.5625
2523689.10938
3197424.5
5678881.0625
3371139.9375
5952432.8125
4834140.9375
6538211.8125
4521490.8125
7238762.25
1932839.30469
7308585.9375
3768274.04688
2900761.71875
882351.408203
4918812.0625
6116645.55664
3087385.96875
8558424.875
2076879.8125
7153197.125
970408.390625
4044354.46875
8840762.125
6121499.6875
5535296.5625
6311607.0625
3406520.0625
9001531.125
3896273.03125
1224832.6875
6453620.0625
727964.183594
3984163.96094
1196152.27344
8635421.75
4767352.89453
4073643.5
765839.337891
5874085.8125
2362525.42188
3584176.28125
3414155.28125
5997557.625
6749679.0625
3211597.28125
1713279.30469
7213898.875
3354630.40625
8916959.375
5067857.4375
2616039.03125
3918951.65625
2293877.89063
6503418.3125
2614494.83203
771469.824219
634206.140625
8764083.0
2411366.0
3033368.0
2660588.4375
996063.1875
2230171.78125
3521553.625
2523278.73047
1019820.6875
3318727.11719
6945071.1875
4793018.78125
1226814.40625
2589988.0625
6117008.875
9143979.625
7993920.0625
6019135.25
8505569.8125
8434201.0
965716.529297
8611186.5625
350999.763672
5552181.375
7756336.375
7974911.0
3979479.375
6575073.1875
6782221.375
2224606.98438
7516784.5625
6834345.3125
6557860.375
5163747.0
2015081.76563
8697690.875
6729757.3125
2698261.59375
7866855.75
5779574.0
420863.058594
2673207.15625
2382753.87109
2364062.1875
3421925.75
7618646.8125
1091845.71484
8389094.4375
2818834.09375
4827435.125
7340638.75
3034781.9375
6059738.75
7918355.875
1890667.29688
7772683.9375
