22273896.0
21106556.0
35225588.0
35625592.0
24666150.0
27665388.0
36771284.0
31785650.0
24465454.0
25595862.0
26761502.0
21114004.0
30214592.0
30263456.0
24802928.0
30562598.0
23110144.0
25285250.0
30718378.0
23898738.0
26247540.0
24638126.0
21481136.0
26140906.0
19600744.0
22332830.0
23379716.0
27905000.0
36322152.0
23757746.0
23809040.0
22866664.0
34640888.0
30458626.0
20308582.0
22955646.0
23751848.0
25220656.0
25855904.0
23317392.0
25289784.0
22463960.0
24490426.0
26960540.0
36256892.0
35690384.0
21189978.0
34430152.0
26510414.0
27073134.0
25700558.0
22259380.0
29143902.0
21934918.0
28999568.0
15685657.0
20274962.0
23286176.0
23773134.0
37385968.0
22531412.0
35736740.0
24074002.0
26499242.0
21840778.0
24342644.0
36569232.0
22426846.0
40458492.0
19694956.0
24127082.0
31010318.0
33546226.0
34858036.0
33700192.0
25889942.0
34015416.0
28199222.0
30909398.0
16664330.0
22765954.0
23774450.0
38089036.0
27018940.0
31455560.0
27366796.0
28684498.0
26222542.0
26102306.0
29236326.0
20542934.0
35562256.0
26555266.0
20793016.0
25877078.0
21710376.0
22226272.0
23017756.0
26314338.0
21575168.0
20614094.0
21942930.0
15549666.0
29414592.0
21193058.0
19105916.0
37442736.0
20010048.0
19991950.0
20738282.0
25420180.0
33363346.0
22650324.0
27193082.0
20825514.0
29062784.0
24104204.0
28325960.0
27112038.0
20215992.0
27088368.0
23617600.0
18585194.0
20916836.0
18909890.0
