-0.144523599416   -0.857047028633   0.494553685953
0.708621196655   0.25919480726   0.656257624642
-0.690629392098   0.445295925156   0.569861906492
0.777217156322   0.221049963161   -0.589126817814
0.254941238686   0.745348869572   0.616003270656
0.575272508033   -0.62896103093   0.522943177455
0.951452291192   -0.184262591044   0.246547835233
0.0855931913457   0.927808715207   0.363104383722
-0.295655784843   -0.324373681769   0.898537351098
-0.612660813671   0.732739878025   -0.296206903418
0.380620104399   -0.0549133991948   -0.923099424754
-0.692657631596   -0.678289379988   -0.245252034256
0.591051664016   -0.688210649001   0.42074223476
0.536943691266   0.724926667696   0.431477456584
-0.601954647726   -0.0291105776586   0.797999482395
0.229558686898   -0.948453519997   -0.218491683143
-0.813804541286   -0.0639060287428   -0.577614084444
0.533877199156   0.310405834952   -0.786525962275
0.947595014853   -0.199308411674   0.249679443651
-0.115582668678   -0.942470820934   -0.313669645803
0.29783269506   0.268373167498   -0.916117234434
-0.995092902504   0.0753649943787   0.064176290878
-0.094544646768   -0.531573009984   -0.841723152278
-0.0293221495813   -0.843656726955   0.536083466745
-0.987028806846   0.0759011027573   -0.141480952742
0.0666868281721   0.995400869434   0.0687748838557
0.146050348637   0.0584477570249   -0.987550940087
-0.888438881257   -0.221369763179   -0.402084411132
-0.458043893142   0.371233059528   0.807701577267
-0.0295336702942   0.901765753349   -0.431214978539
0.890721223883   0.0368716624132   -0.453052073249
-0.451181476886   0.19283379665   -0.87134975536
0.0552356359571   0.980538424419   0.188396966826
0.197219499878   0.682769825762   0.703512481834
-0.371856460268   0.716079781595   -0.590722025693
-0.907098241661   -0.145103768766   0.395117273526
-0.448578121252   0.799179476777   0.400120228375
0.860497159043   0.26521011331   0.434984440264
0.241513296808   0.539424682316   -0.806659951205
-0.840152238232   0.523710184619   0.140966657349
-0.492606795505   -0.845606851945   0.205638847392
0.226897556135   0.103326826435   0.968421943931
-0.00415942649426   0.59084100998   -0.806777313247
0.509588971501   0.695421944772   0.506663013142
0.860407933697   -0.409017395336   -0.303978619137
0.736114857999   -0.676398766043   0.0248922323999
0.664338278768   0.714971485829   -0.217877084081
0.129574554991   0.17691942149   0.975658727642
-0.213273335309   -0.920278927596   0.328026187925
-0.963492771896   0.253738880381   0.0854298492747
-0.161852287741   -0.29783095216   -0.940797832184
0.106761147592   0.920932980607   0.374816825255
0.868598552773   -0.269845905164   0.415601034099
0.483881970509   0.281194080049   -0.828730702194
0.921314554654   -0.00582300794886   -0.388775065974
-0.0530973199533   -0.992410771715   -0.110965689048
-0.38517610772   0.122877183035   -0.914632139558
0.815268789594   0.130121576052   0.564274018684
-0.56748722269   -0.0144981858643   0.823254523683
0.115304140428   -0.991392018389   0.062022419021
0.209954428957   -0.667939056082   -0.713986384125
0.976483296232   0.106666312379   0.187357070283
-0.0489848092215   -0.736532223984   0.674626394499
-0.50053900821   0.360346701661   -0.787153710791
-0.84310490199   0.00353873082391   0.537737489211
0.196557457379   0.932811737525   0.302038792644
-0.289220571886   0.867782259409   0.404110536768
-0.172633444842   -0.462513490526   0.869642954456
0.941567347243   0.181755673277   0.283576724244
0.157761728281   0.747828509568   -0.644878604731
0.635841276406   -0.576592591616   -0.513084372081
-0.755527475199   -0.329093029298   -0.566466834558
-0.209858215612   0.430624588265   -0.8777938164
-0.912460760341   -0.408785249281   0.0176059672169
-0.351247606349   0.80464717313   0.478714990197
0.94658984006   0.187176986763   0.262549898446
-0.0102687355336   0.831346001359   -0.555660305827
-0.32227663058   0.523286344201   0.788865749553
-0.0812004381055   -0.843966497818   -0.530214183218
-0.025587663764   0.53356068118   -0.845374643876
0.996369309537   -0.055077832266   -0.0649205011216
0.923218491716   -0.102960155486   0.370225369167
-0.105145269215   0.858988015969   0.50108289004
-0.369610727597   -0.501536436075   0.782207847238
-0.958902710697   -0.268745303691   -0.0910009520049
0.261375069081   -0.961466534606   0.0852337709093
-0.110400565147   0.0579455277347   0.992196567983
0.21178031911   -0.15083780419   0.965607209868
0.241096441635   -0.949419186141   -0.20118718859
0.947112365432   0.275411938464   -0.164702070329
-0.334812044387   -0.240281878124   0.911134275783
0.842191131701   -0.509995291678   0.174983070495
0.422628852714   0.825935588481   0.373115704717
0.637572920255   0.492527041014   -0.592383343154
0.187556493457   -0.84504014485   -0.500729895416
-0.747210461074   0.208146535573   -0.631151468956
-0.326807884995   0.0934641092921   0.940457899249
0.812686654916   0.535746332231   0.229164277782
-0.482428233945   0.839190279713   -0.251043158779
0.760480466952   -0.277359347613   -0.587146714181
0.49786217901   -0.331461474932   0.801415379005
-0.416896536798   -0.901778881592   -0.113983259792
-0.991146618809   -0.0828161675614   0.1037778288
-0.0769173193854   -0.278952894909   -0.957219406698
0.108222369862   -0.956727102663   0.270113236717
0.743362908343   0.609016408473   0.276605566684
0.24891466394   -0.635698647168   0.730704432328
0.620848705713   -0.474327409665   -0.624147930116
-0.499013476188   0.397345490287   0.770131323382
-0.857119761874   -0.0952506831464   -0.506234259886
-0.127794396237   -0.912712426467   0.388103951755
0.383690825744   0.871601396053   -0.305110411717
-0.455419368298   -0.108828897196   -0.883600295478
-0.803352074696   0.477982520169   0.355187501896
0.722999777982   0.668579980165   0.173987954245
0.584854944974   -0.726394028159   0.360963151148
0.367716863142   -0.159218445132   -0.916204977772
0.616114655261   -0.781431334011   0.0988316487708
-0.740842776291   -0.532303340965   0.409639728204
-0.267496925946   -0.325603741273   -0.906877647085
0.469781005499   -0.84208553375   0.264948493982
-0.811904900682   -0.294314286968   0.504171989905
-0.346577816462   -0.451963402285   -0.821956633172
0.647216673001   -0.697292318162   -0.308048715111
0.0234771821977   -0.385676674417   0.922335276713
-0.761944492575   -0.604182889352   -0.233245922189
-0.164342036778   -0.568739466895   -0.805932457954
0.351883716356   0.729482226979   -0.586543718503
0.921503965348   -0.379988292382   0.0802455593897
0.891433752159   0.446654450768   0.0764569418726
0.316488665216   -0.492913877026   -0.810475657356
-0.32431587556   0.746683110821   -0.580761137523
-0.232720909941   0.796632059283   0.5578694696
0.629415162272   0.560659670908   -0.538049522507
-0.741402411981   0.225916128886   -0.631889525726
0.114209584165   -0.0662583873934   0.991244670374
0.88030250954   -0.455711461966   -0.131888416499
0.460460272056   0.88765809229   0.00628080846509
0.0559246795813   -0.688936747429   -0.722660780481
0.96900817025   0.211880235566   -0.127003718894
0.240615069338   -0.693161551636   0.679434659822
0.151821112851   -0.507466897045   -0.848190828039
0.984073058094   -0.0026760740423   0.177744295205
-0.0924691770211   -0.861667085682   0.498978230505
-0.392188257454   0.34180148152   0.854025857721
0.528770523344   0.843459743931   -0.0947491391742
-0.752721829142   0.414424194471   -0.511529556105
-0.113404140591   -0.993514927685   0.0083126286381
-0.963709625065   0.1120280867   0.242311103666
-0.241670788232   0.0194679446757   -0.97016436852
0.468002039323   0.169880678281   -0.867245436116
-0.231412837878   0.970664401283   0.0652588580535
0.852890491084   0.170150448828   0.493585489153
-0.81548522229   -0.367852275067   -0.446842853925
-0.37767145484   -0.246820793672   0.892436975017
-0.438575084307   0.896528965459   0.0623514175179
-0.705246930676   -0.139363375703   -0.695134118057
-0.322892111937   -0.809761677601   0.489932601175
-0.631168976284   0.569974665365   0.526076516536
0.055579575392   -0.323864530077   -0.944469460435
0.671429116974   -0.687984850802   0.275426178739
-0.738981553502   -0.649452388719   0.179214280116
-0.899646313715   0.419799859549   0.120017861392
-0.43659577248   -0.862105096263   -0.257213217607
-0.00451005352332   -0.28380025684   0.958872810709
0.486807963346   -0.868156142694   0.0965552686392
-0.542743988496   -0.214007862648   0.812175843312
-0.684431859976   -0.447778460191   -0.575367259453
-0.593989237967   -0.188659356967   -0.782038959875
-0.433438615933   -0.743898216423   0.508671760214
-0.677722844496   0.641111254347   0.36009485882
-0.340968296297   -0.891745382172   -0.297541383287
0.937877244133   -0.344312048883   -0.0428435363332
-0.0642415467706   -0.293665570066   0.953747115016
0.647077361961   0.354530501009   -0.674980736036
-0.546577555298   -0.40151220388   -0.734874721835
-0.531548536081   0.844450119665   -0.0660310261208
0.763357473658   -0.57962032026   0.285175635998
-0.513657886445   -0.812342910931   -0.276135251729
0.391714736406   0.0643069661573   -0.91783444
-0.695530093949   -0.354702861418   -0.624840048728
-0.621745766511   -0.138726430286   0.770835951762
-0.360099164424   0.924630598025   -0.124047260062
-0.89662792889   0.187352066351   0.40115804567
0.101365645839   -0.795112150043   0.597907589881
0.430991392275   0.576773511379   0.693955279924
0.567389432279   0.148330485194   0.809979830662
-0.379103699953   -0.826144514615   0.416852178469
0.730992232243   -0.543583867655   -0.412513057567
-0.442509106386   -0.465929426454   0.766221461434
0.406508795715   -0.865820839502   -0.291727101378
0.799334821839   0.182383859582   0.572538148192
0.803309784166   0.135706306512   0.579894122145
0.172151715571   0.879217422593   -0.444230247739
-0.570137861707   0.456684272286   0.682921884495
-0.622197441591   0.528121381943   -0.577892079612
-0.030591977815   -0.754018498481   -0.65614131922
-0.782263114711   -0.390570231621   0.485303682729
-0.592718278272   -0.376347343269   0.712072667052
-0.514482627455   0.857142874428   0.024772921475
-0.619671228956   -0.351665677605   -0.701668416246
0.568481676384   0.491614673705   -0.659654194148
0.0476151895239   -0.820137309765   -0.570182285268
-0.82131689194   0.292728641074   -0.489641411243
0.926761191465   0.359256987377   0.109763154227
0.342673187061   -0.928223725175   0.144815622089
0.153911077816   -0.096596555593   -0.98334944242
0.688730574555   0.724908108613   -0.0125863625052
0.301392013928   -0.27047530135   0.914333588655
0.659403545937   -0.63352292103   -0.404766120711
0.215148983176   -0.169738548123   -0.961717067495
0.794675944126   0.602822032521   0.0713843792062
0.567627550826   -0.779611705305   0.264583694693
-0.309991273507   0.280302024388   -0.90848017533
-0.266794764495   0.891510023107   0.366101674319
0.912538222478   0.355866066695   -0.201577218424
-0.166828833232   0.0782380493125   -0.982872361926
-0.0288800655165   -0.996799242338   -0.0744448527033
-0.985558326034   0.0159656480616   0.168563237188
0.553564929596   -0.831941148247   -0.0379446599244
0.297603646313   0.155057314973   0.942013430782
-0.77781613577   -0.532758068852   0.333423009034
0.179885095604   0.883048594201   -0.433435722329
0.378722250665   0.344487350548   0.859009846483
0.907860563062   -0.318674818243   -0.272462010154
-0.464005085136   -0.629917625755   0.622818828572
0.191572140485   -0.75780714678   -0.62372166583
0.864869714726   -0.170095226854   0.472300828233
0.17810709703   0.456603796596   -0.871659818628
0.810934246892   0.433646209315   0.392856991101
0.557371970675   -0.77682941575   -0.293040188701
0.258554381021   0.526612182581   -0.809832874009
0.364222725355   0.723321474806   0.586641173395
0.894701895049   -0.446638185946   -0.00478618852995
0.282093221966   0.246530722651   -0.927170985715
0.769597556267   -0.635185817172   0.0652581354603
-0.572837704198   -0.731957393326   -0.368911069011
0.949279710052   0.297438025425   -0.101973717646
0.235040143082   -0.886663206912   -0.398226024941
-0.208863949017   0.354059962198   -0.91160126446
0.751770093148   0.565440182072   0.339292107252
-0.0312014609009   -0.483449610551   0.874815970204
0.658686725525   -0.66824689553   -0.345800404074
0.60988925682   0.0346197739973   0.791729981884
0.335693876518   -0.916271964572   -0.218527615324
0.717874999031   0.399056598291   -0.570445883639
-0.736935654665   0.527813487562   -0.42230171331
-0.209522745696   0.415612641906   0.885079850703
0.642671015181   0.74072872594   -0.195690834741
-0.76097833302   -0.449349944063   -0.467971511598
0.400969530872   -0.89280247545   0.205250971017
-0.510035433288   -0.0314508117761   0.859578246315
0.0368597662826   -0.982705649214   -0.181468840147
0.925902072115   -0.0347340964927   0.37616335397
-0.375961016322   -0.181887665937   0.908608930643
-0.632816461718   0.559730941524   0.535018265216
-0.627659505139   0.033800598638   -0.777753838136
-0.453416824372   -0.827984758451   0.329930902882
0.99099730119   -0.133129502933   0.0141733590001
-0.00436544633196   -0.137939943221   -0.990430950272
0.133810655535   0.981452525509   -0.137279280956
-0.472180562509   -0.880884234414   0.0329745263265
-0.853457574353   0.447479274462   -0.267155444241
0.220577701967   -0.154288133597   -0.963088313188
0.109143452668   -0.982401506578   -0.151575192673
-0.0534971184784   0.146459860256   -0.987769010383
0.992585420745   0.115917381924   -0.0365705357909
0.34980403209   -0.291766707169   0.890229927798
-0.85127556728   0.297726305592   0.432075169231
-0.391110015611   -0.908972624396   -0.144228006463
0.384256842559   0.255125730768   -0.887275335524
0.441066354051   0.79355974882   0.419193737866
0.811053099897   -0.552425361513   0.192403387799
-0.433322520246   0.209436380808   0.876566042218
-0.893055966551   -0.230554016238   -0.386388292282
0.121172045383   -0.95025326845   0.286942636087
-0.77069653812   0.627575476502   0.110344751382
-0.62174455371   -0.778550784592   0.0853960356565
0.139501443708   -0.00279182140886   0.990217932311
-0.589859283688   -0.753082519728   -0.291432276433
0.772242301744   -0.631569764456   0.0690035402874
-0.236025169556   -0.1843539521   0.954099439516
0.0362194763972   -0.735752158414   0.676281697725
0.857099599589   -0.32511090169   -0.399603817114
0.513875908826   0.594114210954   0.618837510229
0.990452808132   0.132966784035   0.0363740160747
-0.0653905149354   0.22088583841   0.97310508877
0.121356150476   -0.966193183363   0.227471765543
-0.762832826628   0.11361192008   -0.636536363611
0.0293645656622   0.989513775577   0.141422102271
0.645928736678   0.089189799546   -0.758169755665
0.736790233496   -0.559491374942   -0.379618108881
-0.415296146126   -0.817561161423   0.39890514225
-0.533544392002   -0.136255652605   -0.834725856938
0.0904573932679   0.924009747085   -0.371515029219
0.881868428764   0.0990142965514   0.460981792866
0.462736970636   -0.369326584876   -0.805898448585
-0.405015988941   0.849108454186   -0.339081876945
0.910014327962   0.410271897087   -0.0595880963771
0.0885189762001   -0.332703548756   -0.938867530229
-0.962465746376   0.259520021158   -0.0795048015251
0.178836760002   0.385983771114   -0.905007008919
-0.204179009987   -0.885251168617   -0.417911410776
0.596253292171   0.730766952175   -0.332357768996
-0.800784349304   0.512102691472   -0.310636886932
-0.0568018565905   0.451365163944   0.890529641004
-0.64426535268   0.177141470139   -0.744004617878
-0.363266470606   0.785188056667   0.501514868206
0.673022617153   0.593380646175   -0.441519880297
-0.796964711174   0.466881830392   -0.383380458221
0.434208113847   0.00140015081232   -0.900846033968
-0.42002682434   -0.884353786386   -0.20388933896
-0.973419481615   -0.141643292465   0.179976219266
0.193281107388   -0.0864727613758   0.977325297366
-0.122868528635   0.986133612167   0.111551381073
-0.574205253091   0.521396817599   0.631215800228
0.693453432952   0.719579592291   0.0364347820324
-0.435213010131   0.458639853929   -0.774750787407
0.930470704421   0.366321217958   -0.00574749340377
-0.35606603628   0.900505769066   -0.249612375418
-0.0862626582857   0.234303490003   0.968328781172
0.997900386382   -0.0626698334239   -0.016349641915
0.00903161498687   0.384617186712   -0.923031979999
0.0641346142333   0.92094630579   0.384375649056
-0.850055624082   -0.411485334343   0.328764855244
-0.515413423484   0.521394860354   -0.680071084849
0.108422844984   -0.747547655455   -0.655299893833
-0.341391985603   -0.79554978605   0.500551923246
-0.449863767583   -0.329289398053   -0.830175438763
0.825272246332   -0.508595326783   -0.245472357059
0.440934529602   0.298586445017   -0.846417668238
0.331077443524   0.822430516717   0.462596767764
0.834244844541   -0.484204686065   0.263782776134
0.156397136646   -0.410182703559   0.898493230068
-0.959358353441   -0.279422451648   0.0394289472099
0.234886109555   -0.868143560648   -0.437213074095
0.0364133489774   -0.596111896954   -0.802075208191
0.99795281557   0.0639164696221   -0.00219751345115
0.0525757660831   -0.800353207953   0.597218985651
-0.996225734108   0.0197067726692   -0.0843732110797
0.0842660107007   -0.00620291389511   -0.996417135529
-0.0201602350561   -0.999779731564   0.00453250971027
-0.571497322032   -0.133687031995   0.809640982353
0.333762022127   0.863476910198   0.378167333633
-0.749662360943   0.486349048644   -0.44885508207
-0.827184552358   0.553348466149   0.0978300869472
0.00324176238008   -0.169394409977   0.98554285902
0.561920583249   0.815543199959   0.13832688686
-0.930257758952   -0.0116662870343   0.366719634089
0.269325763621   0.657042658009   0.70410111593
-0.249164655057   0.753762990701   -0.608076807731
-0.579326438891   0.168418814992   -0.79750550262
0.53313883171   -0.661804152875   -0.527045772518
-0.616557304779   -0.730513081993   0.293610797825
0.300976624741   -0.102353213725   0.948122870838
0.726095215979   -0.619941348753   -0.297420011997
0.61822236768   0.777943922043   -0.11226975113
-0.246387416319   -0.813908962819   -0.526161127688
-0.226044623468   0.576184951283   -0.785439215375
0.942442125676   -0.0745864135753   -0.325944479069
0.949532787045   -0.123061037964   0.288519437555
-0.225105702287   0.373215471561   0.900020898097
-0.218437422868   -0.919546722657   0.32667858556
0.999849011253   -0.00795481931305   0.015449127699
0.0082203054812   0.999818315452   -0.01719775174
-0.0153095158238   0.0173221516218   0.999732745182
0.891559841295   -0.407917449034   -0.196785184073
-0.266386726654   -0.823700219531   0.500555827064
-0.366277443694   -0.393854514915   -0.843041832845
0.86226846871   -0.506393492625   0.00766266554018
0.506304680898   0.862284133722   0.0110290878781
-0.0121924532821   -0.00563039124452   0.999909817322
