-0.144655833387   -0.856974670599   0.494640397751
0.708547165682   0.259225405909   0.656325464542
-0.690677655018   0.445417349631   0.569708494539
0.777325046077   0.221100879798   -0.588965341437
0.254903970251   0.745212967825   0.616183088225
0.575143232953   -0.629104151327   0.522913212466
0.951483925746   -0.1840237097   0.2466041608
0.0852704628257   0.927755204638   0.363316978218
-0.295647232399   -0.324662213324   0.898435951373
-0.612767843719   0.732747128227   -0.295968517785
0.380101164796   -0.0550737940488   -0.923303892758
-0.692848339801   -0.678268840458   -0.244770652097
0.590874170671   -0.688360685148   0.42074610142
0.537021583281   0.724785345139   0.43161791292
-0.602059410531   -0.0290821389388   0.797921484562
0.229582974148   -0.94844984727   -0.218482282476
-0.813671228458   -0.0638561145147   -0.577807473923
0.534069988413   0.310427499031   -0.786386627884
0.947595207987   -0.19935968541   0.24963778454
-0.115604020883   -0.942425532214   -0.313798186115
0.297823803603   0.268494519659   -0.916084688805
-0.995201871509   0.0739485457979   0.0640052170515
-0.0937267630853   -0.534208315131   -0.840137179363
-0.0279347295851   -0.842108543384   0.538582361736
-0.98705444683   0.0758250777282   -0.141347555635
0.0666416708984   0.995414893649   0.0686155147615
0.145902233007   0.0583074502411   -0.987581812254
-0.888374301408   -0.221462988769   -0.402176130113
-0.458164223945   0.371123805249   0.807683599208
-0.0296148429781   0.901787889216   -0.431163383033
0.890640860815   0.0368647659613   -0.453210598603
-0.451322580646   0.193058468872   -0.871226928122
0.0553785685452   0.980494477861   0.188583661921
0.197348051182   0.682698258933   0.703545893568
-0.371759554569   0.716172627129   -0.590670465105
-0.907110010248   -0.144982247227   0.395134875796
-0.442245202512   0.802562192404   0.400406242776
0.863831177676   0.261020773701   0.430894449855
0.241302566099   0.536440358067   -0.80871498505
-0.840143948087   0.52380697911   0.140657623646
-0.492813627074   -0.845565747827   0.205313096365
0.22647968435   0.103174547276   0.968535992264
-0.00396022898375   0.590648352049   -0.806919347183
0.509454726122   0.695547276461   0.50662596245
0.860488344296   -0.409082519815   -0.303663120893
0.736156934974   -0.67634558122   0.0250922252252
0.664306586577   0.714965847443   -0.217992187398
0.129497969226   0.177145390851   0.975627893346
-0.213144571329   -0.920315906309   0.328005860789
-0.963528379701   0.253601945605   0.0854342097597
-0.161809374349   -0.297833133285   -0.940804370617
0.106528055807   0.920916764474   0.374926194991
0.86858144257   -0.269728161501   0.415717338675
0.483966544713   0.281366204375   -0.828625870449
0.922692656059   -0.00661899862983   -0.385480274696
-0.052670809591   -0.992649742953   -0.109029829144
-0.381922294635   0.120904535413   -0.916259843239
0.815258190455   0.130204277492   0.564270267894
-0.567487595224   -0.0145073857166   0.823254152214
0.11537728708   -0.991381064976   0.0620620429014
0.209906831356   -0.668071151644   -0.713876762421
0.976497172445   0.106722087218   0.187252872532
-0.0489118369235   -0.736404306346   0.674771308569
-0.500403278009   0.360672518875   -0.787090681435
-0.843068435524   0.00392801370343   0.537791857849
0.197058416962   0.932684192787   0.302106116805
-0.289021620145   0.867881307708   0.404040212166
-0.172558685436   -0.462368572708   0.869734874041
0.94164215995   0.181651553185   0.283395007688
0.164698640806   0.753013247381   -0.637058409069
0.64201747788   -0.572165091425   -0.510330206802
-0.748789640281   -0.324952936819   -0.57768149013
-0.209552669962   0.430687012721   -0.877836143476
-0.912515518616   -0.408674876432   0.017325690914
-0.351287668449   0.804669775967   0.478647564308
0.946555946325   0.187142984413   0.262696297715
-0.0101655885276   0.831366908067   -0.555630927905
-0.32237943833   0.523265296594   0.788837708885
-0.0811820714699   -0.843957780773   -0.530230811578
-0.0255401776227   0.533573544872   -0.845367944773
0.996371993083   -0.0550865409629   -0.0648714323703
0.923244490991   -0.102928378715   0.370169365426
-0.105097756817   0.859047746259   0.500990450882
-0.369559293966   -0.501440643764   0.782293557517
-0.958855972813   -0.268751982974   -0.0914789825433
0.261328335477   -0.961459628666   0.0854616510258
-0.110921294963   0.0580393346534   0.99213300782
0.211818764503   -0.150602932042   0.965635232505
0.24107000702   -0.949472949529   -0.200962584114
0.947110287723   0.275353346372   -0.164810171974
-0.334795800096   -0.240236739847   0.911152001377
0.842268069055   -0.509841968693   0.175058677994
0.422488059755   0.826043188773   0.373036777404
0.637532450735   0.49258585031   -0.592377923759
0.187509996247   -0.84498674308   -0.500836960461
-0.747256599696   0.208223052833   -0.631071280029
-0.326820141019   0.0935868500877   0.940441407091
0.812673638682   0.53579365552   0.229099750856
-0.482441805476   0.839146375993   -0.251163712504
0.76038246834   -0.277649079194   -0.587136674425
0.497774387966   -0.331544925205   0.801435294445
-0.417179990312   -0.901658949559   -0.113894332662
-0.991162531499   -0.08249970939   0.103878074389
-0.0771161955221   -0.278813068288   -0.957244158162
0.107934928436   -0.956795215236   0.269986989954
0.742639263898   0.609655751748   0.277140468199
0.250217868847   -0.636460842337   0.729595051246
0.621190786202   -0.472480459971   -0.62520760102
-0.499108254525   0.397392815002   0.770045394943
-0.857051575533   -0.0952404055287   -0.506351527019
-0.127881025031   -0.912692841335   0.388121404536
0.383644851454   0.871543838325   -0.305332533539
-0.455309854207   -0.109139833627   -0.883618365446
-0.803436092556   0.478016544661   0.354951571287
0.723084976146   0.668481559189   0.174012629906
0.584712476166   -0.726460889493   0.361061081955
0.367776169101   -0.159330441883   -0.916162442707
0.616014074337   -0.781527933904   0.0986956641736
-0.740868327447   -0.532227355324   0.409693183157
-0.267658115858   -0.325497267988   -0.90686883591
0.469771197285   -0.842102964561   0.264910556404
-0.81191023175   -0.294330068274   0.504154288381
-0.346578679951   -0.451920754105   -0.821979801645
0.647200584459   -0.697308115386   -0.308046733578
0.0234003535425   -0.385728431276   0.922315552656
-0.761960511645   -0.604131564672   -0.23332640571
-0.164422515015   -0.568832926882   -0.805850034988
0.351876951324   0.729392811491   -0.586658950303
0.92149215337   -0.380020018074   0.0802306086695
0.891479810034   0.446561878954   0.0764607046584
0.316442614828   -0.492950737368   -0.810471270585
-0.324234209504   0.746714200473   -0.58076683863
-0.232800630728   0.796647631422   0.557813892067
0.629472636476   0.560650562238   -0.537991745901
-0.741328528225   0.225883753467   -0.631987688106
0.114260787466   -0.066113919888   0.991248446769
0.880285038676   -0.455751331125   -0.131867643528
0.460481035776   0.887648451992   0.00612454200288
0.0556705099274   -0.689105869082   -0.722519155208
0.969022392485   0.211680744519   -0.12722772397
0.240616772708   -0.693054393306   0.679543367409
0.151863467087   -0.507321589356   -0.84827016912
0.984105593796   -0.00231979782053   0.177569096422
-0.0920524584464   -0.861753682161   0.498905731357
-0.391949813241   0.341658517897   0.854192478666
0.528877631008   0.843402049189   -0.0946648491663
-0.752770738592   0.414659425791   -0.511266823086
-0.122399824134   -0.99247131902   0.00446160233462
-0.96048728782   0.119584282006   0.251325502647
-0.249966787613   0.0264767684324   -0.967893195185
0.468013524132   0.169510838212   -0.867311603106
-0.231439936339   0.970686899939   0.0648266777728
0.852876835786   0.170390780303   0.493526174477
-0.815570340695   -0.367828086395   -0.446707435527
-0.377659365912   -0.246546274067   0.892517981997
-0.438427231631   0.896614434251   0.0621620982551
-0.702100371905   -0.143617594475   -0.697450940539
-0.321996146674   -0.8095670043   0.49084525087
-0.635123853613   0.569196420694   0.522145175785
0.0555059272909   -0.323797566093   -0.94449678857
0.671387600504   -0.688059810323   0.275340348623
-0.739024855682   -0.649406462767   0.179202315929
-0.899630207158   0.419800811783   0.120134475555
-0.43662927173   -0.862056376091   -0.257319288737
-0.00446014114833   -0.2839465015   0.958829745626
0.486788338923   -0.868173302633   0.0964996906299
-0.542799295408   -0.214080548466   0.812119665127
-0.684401927672   -0.44771033289   -0.575455765718
-0.594055860854   -0.188591469609   -0.782004350154
-0.433492903196   -0.743849410008   0.508696237173
-0.677629285781   0.641187348928   0.3601351125
-0.34094681686   -0.89179188678   -0.297426519563
0.937896066216   -0.344246685069   -0.0429560784634
-0.064080206325   -0.293600896412   0.953777878763
0.64710499736   0.354505913511   -0.674967169436
-0.546525699839   -0.401573604584   -0.734879786136
-0.531568228873   0.84443128669   -0.0661136939915
0.763370269312   -0.579534093943   0.285316845897
-0.513496379462   -0.812398534127   -0.276273971203
0.391901692871   0.064390005764   -0.917749446013
-0.695581356647   -0.354920690012   -0.624659349437
-0.621687744808   -0.138444479837   0.770933479115
-0.360100467916   0.924589306161   -0.124351161542
-0.896096677714   0.192917665162   0.399777164836
0.098269140043   -0.79207172002   0.602488405489
0.432876637359   0.579164809965   0.690789800704
0.567455882271   0.14834225148   0.809931095824
-0.379016772211   -0.826177562192   0.41686550063
0.730985697493   -0.543530252754   -0.412595098406
-0.44249488341   -0.465896243344   0.766249974439
0.40664187621   -0.865801984301   -0.291597975455
0.79927511997   0.182558717169   0.572565815956
0.803168970051   0.135747417512   0.580079512675
0.172222792806   0.879215386505   -0.444206721958
-0.570314748209   0.456675969187   0.682779717075
-0.627020052862   0.523654827686   -0.576742692368
-0.0246954077613   -0.75334953012   -0.657157007022
-0.778612001317   -0.39780751185   0.485296551832
-0.592765022565   -0.376198143491   0.712112673749
-0.514511019715   0.857132844803   0.0245292837669
-0.619603029262   -0.351849729295   -0.701636459182
0.56854286751   0.49177998618   -0.659478254843
0.0478108444884   -0.820045400077   -0.570298301477
-0.821263201762   0.292708856564   -0.489743481751
0.926810735102   0.359546310025   0.108389978666
0.3430727485   -0.928053736134   0.144980460316
0.15271878   -0.0971838236746   -0.983480715322
0.688801921771   0.724837422069   -0.0127523378101
0.301388561423   -0.270317883359   0.91438130381
0.659330604169   -0.633671007134   -0.404653184878
0.215334633248   -0.169894662855   -0.961647968298
0.794654535891   0.602844108949   0.0714363830695
0.56758715629   -0.779560640215   0.264820775107
-0.309866786771   0.280244649342   -0.908540326951
-0.267126708337   0.891423207754   0.36607101441
0.91248337567   0.356128631836   -0.201361615552
-0.169581490232   0.0733757867196   -0.982787051793
-0.0243737389615   -0.997242177029   -0.0702490300428
-0.985220947858   0.0120415653546   0.170889987303
0.553566075617   -0.831926575119   -0.0382463015245
0.297847101277   0.154883096791   0.941965149052
-0.777722129189   -0.532831503742   0.333524942714
0.179994367245   0.883136684842   -0.433210815546
0.378436262555   0.344337038131   0.859196129535
0.907958154324   -0.318593141343   -0.272232217434
-0.464006860527   -0.62977866197   0.622957943026
0.191343298908   -0.757900834496   -0.62367797884
0.864919362608   -0.17019199821   0.472174995365
0.178268802836   0.456776623059   -0.871536200899
0.810860280324   0.433569761886   0.39309396666
0.557427877527   -0.776770479265   -0.293090058159
0.25849202565   0.526702337938   -0.809794121291
0.364121490198   0.723329236798   0.586694430853
0.89476109216   -0.446519273972   -0.00480880054033
0.282097251353   0.246514146616   -0.927174136211
0.769612064054   -0.63516564829   0.0652823469404
-0.572816178371   -0.731980388724   -0.36889871907
0.9492910755   0.297421839664   -0.101915246394
0.235095140169   -0.88674504935   -0.398012587971
-0.208750432876   0.353870024734   -0.911701594278
0.751696121335   0.56556536278   0.339247361174
-0.0310545356729   -0.48346935757   0.874810298672
0.658778086654   -0.668126682053   -0.345858679273
0.609920847868   0.0344095644864   0.791714845604
0.335749991736   -0.916177994992   -0.218835817281
0.717821954197   0.399290813503   -0.570348934231
-0.736957408294   0.527878858741   -0.422181861152
-0.20950937957   0.415438254652   0.885164855225
0.642650319586   0.740779934628   -0.195564673803
-0.760985357372   -0.449225968938   -0.468078740125
0.400947474617   -0.892858173379   0.205050789957
-0.510041959767   -0.0316343594143   0.859567622623
0.0368889294364   -0.982685556677   -0.181571760462
0.925838837358   -0.0347771249608   0.37631502691
-0.37611388533   -0.181988046139   0.908525561766
-0.632772923722   0.559789522251   0.535008414477
-0.62773127977   0.0336998500129   -0.777700259039
-0.45337815693   -0.827949239561   0.33007310806
0.991018180904   -0.13299141343   0.0140088839254
-0.00448313293247   -0.137738828207   -0.990458422081
0.133652034754   0.981499499901   -0.137097901024
-0.472144249764   -0.880900666333   0.0330775134224
-0.853527531243   0.447447380663   -0.26698634227
0.220387974377   -0.15428859194   -0.963132685097
0.109152484533   -0.982412462788   -0.151497402052
-0.0532730572989   0.146407519079   -0.987788841569
0.992596439262   0.115890323675   -0.0363553609242
0.349936285134   -0.291952987393   0.890116874564
-0.851229627809   0.297593415799   0.432257192618
-0.391091700208   -0.908956331724   -0.144380298533
0.38457367761   0.254960026439   -0.887185700017
0.441093709167   0.793517417799   0.419245090221
0.810888044757   -0.552562657858   0.19270464792
-0.433441277992   0.209180869175   0.87656831284
-0.892981208848   -0.230616738952   -0.386523566051
0.121297995643   -0.950294307276   0.28675340998
-0.770699807492   0.627587973955   0.110249099091
-0.621724426863   -0.778541291424   0.0856266052634
0.139571723297   -0.00255214323431   0.990208674515
-0.589984856882   -0.753018727283   -0.29134307739
0.772108683606   -0.631712468335   0.0691929550641
-0.236148624985   -0.184125719798   0.954112964904
0.0362694853881   -0.735615419921   0.676427756918
0.857016158525   -0.325254008639   -0.399666333072
0.514011537207   0.594205206759   0.618637474222
0.990467501124   0.132818431573   0.0365156564596
-0.0655106222463   0.221007552846   0.973069368881
0.12117131387   -0.966185749489   0.227601816936
-0.76276969364   0.113763929858   -0.636584994491
0.0292788758421   0.989470059895   0.141745369404
0.646007302109   0.089480559796   -0.758068655693
0.736670763203   -0.559625167621   -0.379652247443
-0.415150601638   -0.81741377219   0.399355105086
-0.533822194352   -0.136580356435   -0.834493538686
0.09046749228   0.923942111663   -0.371680669009
0.881797038249   0.0991451899003   0.461090151779
0.462870963395   -0.369460578449   -0.805760000653
-0.40481707018   0.849131791781   -0.339261499262
0.910084395597   0.410144399008   -0.0593967621195
0.0887105269069   -0.332801416235   -0.93881504796
-0.962485273667   0.25944104724   -0.0794275473062
0.178787409593   0.386239066551   -0.904905125796
-0.204091779441   -0.885160193145   -0.418133113031
0.596242453893   0.730764222478   -0.332383182426
-0.800784814025   0.512023504037   -0.310766156529
-0.0569087905486   0.451459381963   0.890475049622
-0.64427546295   0.177299072747   -0.743958441315
-0.363290006514   0.785055098609   0.501705952486
0.673000367584   0.593509503207   -0.441380755266
-0.801169272807   0.459843332664   -0.383213183205
0.432757640973   0.00255943248857   -0.90156208626
-0.413556596558   -0.888052633917   -0.201131270867
-0.973433303599   -0.140851125852   0.180529537169
0.194690629109   -0.0941470027234   0.976336624195
-0.12052183363   0.985544826558   0.119066920238
-0.574256776731   0.521377685591   0.63118468822
0.693388524576   0.719643740895   0.0364029856507
-0.43524838387   0.45856093635   -0.774777590256
0.930419299819   0.366450244075   -0.005843438085
-0.35623199355   0.900498104252   -0.249403151359
-0.0861318403555   0.234131125127   0.968382116011
0.997904789554   -0.0625490101336   -0.0165424395235
0.00881268714536   0.384704083254   -0.922997888156
0.06409654842   0.920918229989   0.384449272103
-0.850006339206   -0.411531921556   0.328835804071
-0.515509482553   0.521440489699   -0.679963513898
0.108358118739   -0.747490390825   -0.655376745471
-0.341525985934   -0.797758855985   0.496931359447
-0.445495673583   -0.328149596974   -0.832977439384
0.827582970537   -0.505864228229   -0.243326486918
0.44096205057   0.29838096557   -0.846475787781
0.331375861744   0.822360809053   0.462507010538
0.83411180196   -0.484449683588   0.263753659078
0.156472453938   -0.410128035405   0.898505066016
-0.959299721578   -0.279624424269   0.0394234348344
0.235075314024   -0.868104347189   -0.437189225111
0.0364370653925   -0.596014496803   -0.80214655419
0.997948112965   0.0639897834544   -0.00221472089359
0.0526492034909   -0.800419927763   0.597123115488
-0.99624962214   0.0198589687533   -0.0842395042179
0.0841312551237   -0.00622724219006   -0.996436230118
-0.0203126714675   -0.999784401829   0.00453112581826
-0.571674420887   -0.133661115603   0.809520321756
0.333674704595   0.863492023866   0.378209894018
-0.749566299052   0.486329351978   -0.449036976728
-0.827092747713   0.55348560145   0.0978362999033
0.00319168438058   -0.169437955549   0.985535904262
0.562056995101   0.81544153342   0.138373963824
-0.930287950362   -0.0116657205858   0.366644249937
0.269282690156   0.657001311966   0.70415628039
-0.249100236514   0.75379914128   -0.608058986889
-0.579371160481   0.168447247791   -0.797467855041
0.533237031746   -0.661635513731   -0.527159494192
-0.616431442325   -0.730660241873   0.293509906676
0.300951764972   -0.10232266943   0.948134009081
0.726232966678   -0.619787215409   -0.297404554105
0.618072573382   0.778070602203   -0.112215954302
-0.246348656676   -0.814001733738   -0.52603566683
-0.22618184455   0.576061846431   -0.785489989947
0.942419290179   -0.0745246843798   -0.326024476457
0.949568556102   -0.123185210196   0.288348678581
-0.22490855333   0.373188017777   0.900081571819
-0.218485008844   -0.919541242837   0.326662199809
0.999843785559   -0.00812749177601   0.0156954883335
0.00840278543149   0.999810605282   -0.017554109496
-0.0155498448091   0.0176832531123   0.999722713997
0.891482889137   -0.407938827203   -0.197089226531
-0.266140956805   -0.823591849452   0.500864567614
-0.366643206763   -0.394058672333   -0.842787267742
0.862186848343   -0.506530540444   0.00778779085864
0.506438774608   0.862203028698   0.0112117983542
-0.0123937751525   -0.00572262581886   0.999906818604
