-0.147796343659   -0.855491437719   0.496276717086
0.706889770224   0.259571628598   0.65797369485
-0.691710223059   0.448059070159   0.566374446783
0.779590226329   0.222136121208   -0.585572049652
0.254311155493   0.742153891262   0.620107604369
0.57233287331   -0.632347332135   0.522084226397
0.952162934314   -0.178791862451   0.247829005891
0.0781480851536   0.926478263767   0.368145220158
-0.295429556793   -0.331166870716   0.896130503949
-0.615751251119   0.732483066483   -0.290378108109
0.368220485612   -0.0583115073488   -0.927908273532
-0.696609332646   -0.67828360398   -0.233810105944
0.58666800663   -0.69203887915   0.420598195668
0.539012744672   0.721298519341   0.434964031542
-0.604388876085   -0.0284716946982   0.796180538746
0.225501375159   -0.948551160265   -0.222260495077
-0.814643067289   -0.0584648527103   -0.577008144929
0.534327338089   0.311179084704   -0.785914528372
0.947578552524   -0.200337414689   0.248917262145
-0.115850587434   -0.941431817889   -0.316677497449
0.29778100092   0.271239592013   -0.915289803714
-0.995642301212   0.0719325968659   0.0593360314983
-0.0887775739992   -0.536590195301   -0.839159382427
-0.0285237704497   -0.840770853604   0.54063893374
-0.987612369499   0.0734547270079   -0.138653327984
0.0648997244974   0.995756202256   0.0652503509606
0.14285785957   0.0554435354258   -0.988188332547
-0.886701215324   -0.22406276838   -0.40442322109
-0.461253789822   0.368658564373   0.807054052123
-0.0317365295074   0.90215695835   -0.430240176133
0.888884213044   0.0365351576694   -0.456672791078
-0.454371214997   0.197765510118   -0.868582524804
0.0585803280923   0.979568264934   0.192391163782
0.20034394039   0.680980752875   0.704363177514
-0.36949719889   0.718367648404   -0.589423217892
-0.907377590442   -0.142172866582   0.39554109613
-0.452541109844   0.796277860437   0.401438462505
0.857755283151   0.265582139368   0.440141330863
0.243858861694   0.543516408111   -0.803199002092
-0.839791316829   0.526253035499   0.133447377536
-0.497717061805   -0.844449271696   0.197947138072
0.216859831068   0.0998152579079   0.971086364148
0.000300375727225   0.58600300656   -0.810308811486
0.506409884554   0.698634417498   0.505429495239
0.862292828739   -0.410500209665   -0.296547862043
0.736851384694   -0.675404524448   0.0296439444866
0.663792872784   0.714477555285   -0.221135350179
0.128175883576   0.182621327925   0.974792487294
-0.209925686748   -0.921210985995   0.3275692837
-0.964417618133   0.250175516835   0.0855040172558
-0.160717062497   -0.297964089133   -0.940950372947
0.107336268215   0.920420773912   0.375905011659
0.869111903596   -0.270477436694   0.414109322696
0.482828621631   0.282254550129   -0.828980699594
0.924321583402   -0.0014354308578   -0.381612443082
-0.0495736549119   -0.99197777338   -0.116343833313
-0.378381513707   0.126457005933   -0.916978130193
0.815041422324   0.132072058833   0.564149317634
-0.567459943378   -0.0147159284591   0.823269495292
0.117032875609   -0.991130879598   0.06295151076
0.208437348325   -0.671082210203   -0.711479123961
0.976883519034   0.107550847783   0.184746883221
-0.0474601614286   -0.733540379099   0.677986760405
-0.497072087287   0.368075137619   -0.785773547969
-0.842372978445   0.0125374114934   0.538749108554
0.208151725449   0.929711530449   0.303824531415
-0.28441252263   0.870254437606   0.402202400983
-0.170973707755   -0.458844993283   0.871911296785
0.943333211959   0.179216439068   0.279291857991
0.155294437903   0.748207423014   -0.645037378197
0.63328162126   -0.576545553987   -0.516291532409
-0.758183325653   -0.328311148774   -0.563362323064
-0.202287020914   0.431988882251   -0.878900172142
-0.913683516555   -0.406288143856   0.010597752323
-0.352508636145   0.805180406114   0.476887986299
0.945904981436   0.185947170933   0.265871049627
-0.00757265418317   0.83189737688   -0.5548778308
-0.324355391995   0.522848354522   0.788303986523
-0.0810595224722   -0.843988298198   -0.530200955528
-0.0243893142246   0.533471800746   -0.845466129572
0.99641078983   -0.0556018651438   -0.0638272533514
0.924005338257   -0.102348542335   0.368427617585
-0.103744602325   0.860271040956   0.499170102358
-0.368036942447   -0.499458215952   0.784276925368
-0.957834388288   -0.268547994452   -0.102167436696
0.259925591392   -0.961405879904   0.0902239003592
-0.122453654028   0.0598635108584   0.990667187622
0.212209798101   -0.144929187756   0.966417602735
0.240665925283   -0.950731708626   -0.195423250335
0.947125844198   0.274054492575   -0.166875516489
-0.334788353806   -0.239113628841   0.911450190996
0.843872904801   -0.506473691438   0.177095858238
0.419279499506   0.828437743567   0.371342989367
0.636588970944   0.494264317202   -0.591994449731
0.186731500076   -0.843569762897   -0.50350990288
-0.748255297777   0.209984904601   -0.629302053187
-0.327413599003   0.0964020445733   0.939950513186
0.812232221642   0.536994223559   0.227850866127
-0.482782704292   0.838059571194   -0.254120055436
0.757925347321   -0.284283901177   -0.587138687004
0.495945190467   -0.333585367909   0.801722648669
-0.423777703871   -0.898834523629   -0.111843578408
-0.991497909433   -0.074954808223   0.106365491847
-0.0819055666206   -0.275672348575   -0.957755814132
0.101110431154   -0.958324839536   0.267189375914
0.740854621164   0.609670272889   0.281844941819
0.25221144301   -0.641428657923   0.724540236591
0.62251409694   -0.465694454314   -0.628971195523
-0.501284935036   0.398611128365   0.767999046099
-0.855451166595   -0.0948897537042   -0.509116098364
-0.130064092029   -0.912197932681   0.388559190158
0.38252532847   0.87025641582   -0.310367772398
-0.452883430505   -0.116190212095   -0.883966318182
-0.805339047727   0.478699931093   0.349679002898
0.724829296555   0.666390628218   0.17477451334
0.58154353559   -0.727846555251   0.36338298374
0.369363934493   -0.161751684014   -0.915099686079
0.613841566487   -0.783655573457   0.0953021276925
-0.741301943391   -0.530696165873   0.410893046731
-0.27142214736   -0.32287088645   -0.906688765631
0.469915181448   -0.842474046478   0.263471370722
-0.811746302376   -0.295182239517   0.503919922368
-0.346767389988   -0.450671530708   -0.822585807618
0.646795741825   -0.697631077852   -0.308165769272
0.0216240920018   -0.387127744016   0.921772468685
-0.762356649332   -0.602862309815   -0.235306933314
-0.166258292629   -0.571178859793   -0.803811470796
0.351733648456   0.727184101036   -0.589480043328
0.921217461299   -0.38073349086   0.0800024393633
0.892431306959   0.444603594544   0.0767725120446
0.315581294301   -0.493501896378   -0.810471775508
-0.322451270078   0.747518358254   -0.580725121373
-0.234345921199   0.796577240212   0.557267214811
0.63078423856   0.560772433409   -0.536325967437
-0.739725146734   0.225829580302   -0.633883101361
0.114815722516   -0.0629323052342   0.991391360956
0.879972010655   -0.456634175341   -0.130898501028
0.460940957266   0.887425874124   0.00294991801135
0.0495144832044   -0.693022436001   -0.719213620859
0.969325357578   0.206914223138   -0.132645642586
0.240741937322   -0.690584114023   0.682009461456
0.152697674279   -0.504201491099   -0.849978992378
0.984839122076   0.00599920123135   0.173366449842
-0.0823124215354   -0.86356521391   0.497473409355
-0.386713865012   0.338268071821   0.857920219822
0.531210840157   0.842163163512   -0.0926080446639
-0.753835151272   0.41992370524   -0.505367838639
-0.112164873812   -0.993683362903   0.00372896679649
-0.962959314288   0.109620003214   0.246361536457
-0.245213967646   0.0240420862275   -0.969172185941
0.467863454348   0.160871890179   -0.869036268402
-0.232034537205   0.971159514218   0.0548559220057
0.852797616314   0.175981344424   0.491697879
-0.817376086698   -0.36720523265   -0.443910662517
-0.377628684312   -0.240413986405   0.8942022757
-0.435078080311   0.898532943301   0.0578413992164
-0.700910156466   -0.134002480431   -0.700558224581
-0.333015758319   -0.807093132121   0.487560831255
-0.630744794271   0.575029038137   0.521062781104
0.0538890808067   -0.322031220556   -0.94519409566
0.670389899849   -0.689859939009   0.273259363607
-0.740049571086   -0.648374267384   0.178710541943
-0.899280065485   0.419966162264   0.122162368589
-0.437356351793   -0.861013008057   -0.259568646582
-0.00382665547302   -0.286853417786   0.957966841946
0.483188164088   -0.870215827109   0.0961956981635
-0.544838660838   -0.212864256573   0.811073142173
-0.685332059481   -0.444312077877   -0.576980715217
-0.59514490653   -0.186993093693   -0.781560458381
-0.434931249821   -0.742853359797   0.508924728015
-0.675749935348   0.642808800319   0.360775723065
-0.340748787112   -0.892697696018   -0.294925590852
0.938209231567   -0.343048079345   -0.0456231259539
-0.0604459958761   -0.292247934712   0.954430420094
0.647668707997   0.35412362069   -0.674627088616
-0.545493514835   -0.402653973565   -0.735055517471
-0.531941794464   0.844077158654   -0.0676142429677
0.763456884735   -0.577649874941   0.288885012225
-0.509802146212   -0.81360029729   -0.279569238262
0.396529570178   0.0661650152642   -0.915635991958
-0.696551553072   -0.36019041381   -0.620547953805
-0.620416752912   -0.132083478816   0.773070275007
-0.360416356286   0.923481165586   -0.131465696466
-0.896094504429   0.193611351507   0.399396345621
0.0977433377074   -0.791669381342   0.60307100743
0.432953850037   0.57945064038   0.69049691236
0.56902031076   0.148881838388   0.808733619337
-0.37667943471   -0.827036470654   0.417280729493
0.730977750902   -0.542074535409   -0.414519806091
-0.442242390876   -0.465068876636   0.766897883602
0.40992671262   -0.865332859992   -0.288372703888
0.797735240646   0.186841285727   0.573331272169
0.799821796503   0.136340055967   0.584548100862
0.174119476581   0.879285467038   -0.44332772852
-0.574427977172   0.456364389648   0.679532222704
-0.622595362713   0.527262909398   -0.578245933262
-0.0319942850015   -0.755464091821   -0.654408017276
-0.781889314857   -0.388930985806   0.487218263306
-0.593878604657   -0.372772626432   0.712985815274
-0.515094868692   0.85692296945   0.0189815898702
-0.618049739135   -0.3559825747   -0.700921484469
0.569863957747   0.49591331063   -0.655229046378
0.0523669074306   -0.817664311332   -0.573308792935
-0.820068790946   0.292395713701   -0.491926906725
0.925736464819   0.362363838023   0.108188946023
0.346182100839   -0.927171745987   0.143251262313
0.152218107357   -0.0951599705157   -0.983760616897
0.689554450992   0.724112519772   -0.0132563173243
0.300461241754   -0.269371578282   0.914965597488
0.658967156575   -0.634901615285   -0.403314121082
0.217107579128   -0.16157386194   -0.962682814522
0.79193843414   0.605734575234   0.0769360028101
0.570699422436   -0.779088903229   0.259466114221
-0.306821981448   0.278697688141   -0.910048269141
-0.275022428474   0.889416916998   0.365103012938
0.911165691506   0.362305319924   -0.196244544268
-0.170896480958   0.0749465575562   -0.982439766156
-0.026769834186   -0.997096878879   -0.071407830606
-0.984930584656   0.0140966593448   0.172396173161
0.553411256431   -0.831673259399   -0.0453382360027
0.303538387158   0.150691519965   0.940827552956
-0.775629043786   -0.534426446277   0.335839153957
0.182041492161   0.885116602192   -0.428286721041
0.372027779827   0.341187291108   0.863241900826
0.910195718477   -0.316480408286   -0.267177723355
-0.462255788603   -0.629394302737   0.62464579648
0.185573612678   -0.757488997916   -0.625917582781
0.867111292543   -0.173416255982   0.466952673015
0.181653560043   0.460585955671   -0.868828246963
0.808931920818   0.432378310056   0.398344219907
0.559134235013   -0.775183557288   -0.294039620334
0.257006688659   0.528761665604   -0.808924382845
0.362090329907   0.723380958482   0.587886536442
0.896012359938   -0.44399446813   -0.00554574110746
0.282053796457   0.246321272286   -0.927238680217
0.769911315473   -0.634773537555   0.065569140265
-0.572435416076   -0.73238553827   -0.368685878064
0.949519157651   0.297260507503   -0.100247655416
0.236615627566   -0.888441903549   -0.393300450041
-0.205976810658   0.349726164148   -0.913929097455
0.749930900412   0.568620760748   0.338044498848
-0.0274342458601   -0.483841583937   0.87472551818
0.660947059082   -0.665257694768   -0.347248079246
0.610450458015   0.0299705542604   0.791487121486
0.337335196881   -0.913960163421   -0.225568378293
0.71662756195   0.404694816149   -0.56803739036
-0.737513421356   0.529278273813   -0.419450155802
-0.20906396664   0.411654660284   0.887035900459
0.642157443456   0.741892808781   -0.192947812094
-0.761259287335   -0.446003040099   -0.470707760568
0.399957219338   -0.894323559077   0.200548798179
-0.510410354848   -0.0355933417031   0.859194041235
0.0374810195373   -0.982167381126   -0.184234653891
0.924362164658   -0.0359708066014   0.379816651318
-0.379670595111   -0.18453545871   0.906530144891
-0.631634605395   0.561232435499   0.5348421185
-0.629368615354   0.0316340308132   -0.776462852029
-0.45269535494   -0.82705354598   0.333240806001
0.991455947006   -0.130020888786   0.0104725363228
-0.00701392794336   -0.133307884088   -0.991049880021
0.130253254672   0.982508843906   -0.133080851807
-0.470939697262   -0.881455111107   0.0354387207754
-0.855275857052   0.446369931262   -0.263169722036
0.216153242332   -0.154246495441   -0.964100661968
0.109621686671   -0.982662142041   -0.149526433055
-0.0477439693839   0.145053834133   -0.988271144071
0.992826043661   0.115474912486   -0.0310151267254
0.353085188991   -0.295944338193   0.887551564713
-0.850201582065   0.294455368684   0.436409539419
-0.39049724863   -0.90868749575   -0.147644512187
0.391689241879   0.251217211241   -0.885138090118
0.441808665747   0.792491705123   0.420430726862
0.80708402826   -0.555739872598   0.199420534414
-0.435929037163   0.20380327748   0.87660139478
-0.891366251838   -0.232217956145   -0.389282604094
0.124225546189   -0.951072533961   0.28289397699
-0.770733797972   0.627933502229   0.108021291701
-0.621294081179   -0.778260526401   0.0911256624383
0.141289586929   0.00312064751027   0.989963389381
-0.592758161722   -0.751667494161   -0.289194755111
0.769102876799   -0.63486166748   0.0736972929114
-0.238994546089   -0.178735850645   0.954429200524
0.0373323004151   -0.732403995541   0.679846128613
0.85528927848   -0.328419484692   -0.400775487586
0.516804238946   0.596426968411   0.614156558859
0.990794268162   0.129408537233   0.0397510816467
-0.0681865896942   0.22337913979   0.972343732402
0.116950019182   -0.966103087381   0.230146698316
-0.761403752533   0.116935324038   -0.637644458262
0.0268711318474   0.988444749925   0.149180825225
0.647720825227   0.0964526118554   -0.755747726272
0.734118242896   -0.562404538249   -0.38048853085
-0.411571497773   -0.814231039829   0.409434473908
-0.540073410725   -0.143975072706   -0.829211529611
0.0905733116614   0.922437546853   -0.37537386941
0.880258379583   0.102131633493   0.463372860535
0.465770066509   -0.372395213263   -0.802732980225
-0.400201526975   0.84958597355   -0.343570801518
0.911665820409   0.407249611977   -0.054886644997
0.0932880164166   -0.335187686898   -0.937520380156
-0.963181628006   0.257418572513   -0.077577950928
0.177429735271   0.391819963796   -0.902771439694
-0.201993437979   -0.883296814106   -0.423067940953
0.596202461371   0.730450291487   -0.333144110383
-0.800634246019   0.510264260787   -0.314030556094
-0.0593921772555   0.453952373851   0.889044325096
-0.644310920562   0.18091264193   -0.74305720528
-0.363745616627   0.782182617511   0.50584530591
0.67272023956   0.596205470552   -0.438162616257
-0.798122071166   0.467416149819   -0.38029044362
0.431896698917   0.00359530985113   -0.901945870929
-0.420195097646   -0.884060662799   -0.204788097105
-0.973133859148   -0.138709692815   0.183762223748
0.197776095411   -0.0950068034833   0.975631825289
-0.117870903286   0.985764912924   0.119888662835
-0.575675857527   0.52062919847   0.630509547646
0.691576452174   0.721418637714   0.0357367437858
-0.436255730932   0.456618376501   -0.775358180492
0.929370687029   0.369061289328   -0.0079931277324
-0.359674843055   0.900435238838   -0.244643387237
-0.0830911105041   0.230239319763   0.969580178572
0.99799279958   -0.0598857872808   -0.0205928260352
0.00417524579306   0.386694969762   -0.922198228503
0.0631897090112   0.920261211729   0.386168833332
-0.848756402   -0.412672567907   0.33061987358
-0.517874795738   0.522405020695   -0.677419772529
0.106835598227   -0.746185770416   -0.657106527376
-0.340677155701   -0.793876130872   0.503686147129
-0.444281627231   -0.336209051311   -0.830407899779
0.828584866917   -0.506679517191   -0.238165820037
0.441360687621   0.293455854216   -0.847988443877
0.338221118012   0.820910389629   0.460122381781
0.831148130391   -0.489887530471   0.263064606945
0.158585543134   -0.408915128252   0.898687455927
-0.9579607506   -0.284130877611   0.0397617577746
0.239085603629   -0.867212900595   -0.436783733686
0.0368192205319   -0.593894764084   -0.803699779853
0.997867719036   0.0652214868223   -0.00248101561988
0.0538919497585   -0.80189472459   0.595029831886
-0.995816958967   0.0313653707394   -0.0861317278492
0.0860057309159   -0.00536033498558   -0.996293842506
-0.0317092300999   -0.99950718851   0.00261326483043
-0.575679777244   -0.133183540957   0.806755761643
0.331467417819   0.863930327591   0.379148695269
-0.747477133731   0.485681507387   -0.453201207599
-0.825061857648   0.556517811943   0.0977810229085
0.00189570533963   -0.170323504385   0.985386464708
0.565039476278   0.813190016859   0.139472273824
-0.931017954183   -0.011625031023   0.364788720858
0.268180968226   0.656155196946   0.705364724125
-0.247557913411   0.754536469902   -0.607774723206
-0.576547231441   0.163523595399   -0.800534536201
0.531974594659   -0.668528132689   -0.519687902445
-0.62016009267   -0.725487780089   0.298445854856
0.300499013694   -0.101542558397   0.948361456448
0.729335587596   -0.61628732821   -0.297085056584
0.614629924351   0.780947526415   -0.111135133192
-0.245380653132   -0.816133375884   -0.523177461397
-0.229118983866   0.573211554299   -0.786722955104
0.941962225664   -0.0731767013627   -0.327646676504
0.950366620601   -0.126304805121   0.284342015596
-0.220209643087   0.372556008958   0.901504144715
-0.219797631292   -0.919374301387   0.326251259189
0.999708778747   -0.0119929835995   0.0209410133598
0.0125355114366   0.999584089907   -0.0259712949046
-0.0206208304676   0.0262262378237   0.999443327959
0.889949973733   -0.408014227967   -0.203748333008
-0.260126789431   -0.821094818827   0.508071363954
-0.374597179444   -0.399157672138   -0.836868721841
0.860346281015   -0.509600701137   0.0105546959782
0.50943428059   0.860377525908   0.0150740218635
-0.0167627553349   -0.00759195468325   0.999830671792
