-0.149373824637   -0.854888822197   0.496842647051
0.706145499588   0.259497106496   0.658801806122
-0.692131524826   0.449250918776   0.564913785158
0.780547385404   0.222536656152   -0.584143146496
0.254194798957   0.740732042295   0.621852913038
0.571078613777   -0.633871815069   0.521608798327
0.952457771666   -0.176480457923   0.248352254424
0.074966795006   0.925841370976   0.370402129007
-0.295303528514   -0.334174214291   0.895054983231
-0.617535438075   0.732059067996   -0.287645045386
0.362616843494   -0.0595457528753   -0.930034106079
-0.697967890368   -0.678633873763   -0.228685411317
0.584579499363   -0.693940026475   0.420373712958
0.540089147376   0.71947997898   0.436637469149
-0.605450684844   -0.0282100378067   0.795382717249
0.225161602737   -0.948585116311   -0.222460262224
-0.813812219544   -0.0575563081884   -0.578270693758
0.535734974102   0.311245242617   -0.78492963071
0.947557830368   -0.200673974557   0.24872508128
-0.115808359785   -0.940989229098   -0.318008835808
0.297863448456   0.27252734135   -0.914881475122
-0.995831196497   0.0711236722641   0.0572392581673
-0.0866094626613   -0.537687467908   -0.838690824483
-0.0288740438698   -0.840145773861   0.541594627269
-0.987877106481   0.0719310314114   -0.137614470221
0.0636217564995   0.995928770391   0.0638606531268
0.14164775958   0.054330816651   -0.988431622013
-0.885780355683   -0.225577725037   -0.405597506047
-0.462938187583   0.367481543807   0.806626337087
-0.0329071636804   0.902259665048   -0.429936904427
0.888109922837   0.0362706931373   -0.458197770453
-0.455691627965   0.199721394175   -0.86744248781
0.0600491484636   0.979181171324   0.193902805509
0.201779870111   0.680115578082   0.704789090053
-0.368393572662   0.719450351452   -0.588793137977
-0.907508146866   -0.14083317847   0.395720812939
-0.454482358162   0.79489068989   0.401996742424
0.856419014971   0.265827585937   0.442589651494
0.244947056707   0.545424531846   -0.801574355096
-0.839526055089   0.52755623836   0.129926066761
-0.500145497137   -0.843811529638   0.194517221921
0.212251853113   0.0983203096922   0.972256279512
0.00213066619361   0.583618464483   -0.812025241208
0.504954340471   0.700269495877   0.50462239393
0.863143451857   -0.411110854066   -0.293208636376
0.736996306552   -0.67514902136   0.0317842439771
0.663697662142   0.713999711327   -0.222956991687
0.127835255212   0.185413607463   0.974309982096
-0.208234093427   -0.921655937652   0.327396634814
-0.964882298926   0.248375393836   0.085507908509
-0.160126116279   -0.298093585624   -0.941009722266
0.105501646741   0.920321407256   0.376678147809
0.868984522757   -0.269493945663   0.415031324377
0.48347059776   0.28353766655   -0.828178712681
0.92654169497   -0.00175527623681   -0.376188046791
-0.0481104186113   -0.992331257041   -0.113864614503
-0.373103089191   0.123598874672   -0.919520771829
0.814952780443   0.132926079322   0.564076791485
-0.567432564806   -0.0147927122578   0.823286997251
0.117780531724   -0.991015566417   0.0633712215692
0.207492865017   -0.67251853754   -0.710398149703
0.977111353379   0.107662561793   0.183472558691
-0.0469054105022   -0.732207343148   0.679464708803
-0.495341809399   0.371559779811   -0.78522594511
-0.842138756347   0.0164142734116   0.539011003913
0.213163716202   0.928263904991   0.304774237063
-0.282174046182   0.871445858635   0.401198099426
-0.170327326499   -0.457055078232   0.872977232265
0.944122026733   0.17799652152   0.277400130449
0.153915588901   0.748320584291   -0.645232504807
0.632229452127   -0.576423515821   -0.517705911376
-0.759338265858   -0.328252637364   -0.561830211944
-0.198665420757   0.432504801364   -0.879472386641
-0.914172263531   -0.405261885455   0.00720511511545
-0.35330037455   0.805420658967   0.475895388939
0.945677810517   0.18511284895   0.267257762368
-0.00620211141419   0.832187917323   -0.554459018446
-0.325046169345   0.522682028078   0.788129738135
-0.0811990671244   -0.844149897625   -0.529922315488
-0.0237877506813   0.533167854873   -0.845674985352
0.996413996806   -0.0560623605573   -0.0633731594284
0.924463806341   -0.10218027167   0.367322561114
-0.102930120453   0.86076098568   0.498493648688
-0.367113146217   -0.498647891362   0.785224949501
-0.957386625803   -0.268231309199   -0.107070252184
0.259062164283   -0.961453008652   0.0921744820479
-0.127667024617   0.0605087172989   0.989969611774
0.21208901239   -0.142083704641   0.966866351213
0.240589856932   -0.951331288837   -0.192575885087
0.947172022905   0.273461462826   -0.167583084558
-0.335004030687   -0.238500610923   0.911531475228
0.844532429243   -0.504964388052   0.178257675345
0.417776432675   0.829534979041   0.370586711379
0.63612305381   0.495273182865   -0.59165197947
0.18654462206   -0.842769201604   -0.504917652189
-0.748697999501   0.210820316494   -0.628495570223
-0.327893182087   0.0977312318098   0.93964606688
0.811930752457   0.537637717657   0.227407475446
-0.48296436503   0.837492873405   -0.255638747424
0.756622669103   -0.287423584346   -0.587290239044
0.495195176717   -0.334637573783   0.801747752862
-0.42697058291   -0.89744381742   -0.110863606524
-0.991638206272   -0.0711876727925   0.10763850279
-0.0842958294139   -0.274238742093   -0.957960002578
0.0977135875091   -0.95902318462   0.265944749585
0.739806351038   0.609882707783   0.284129642592
0.253305877634   -0.6436968178   0.722143053836
0.623315893755   -0.462274313146   -0.630697872746
-0.502340039568   0.399273090323   0.766965100393
-0.854656405488   -0.0946737483487   -0.510489271439
-0.131213164106   -0.911930845536   0.388799731081
0.38196243484   0.86965577219   -0.312735576421
-0.451789871712   -0.119493530411   -0.884085525357
-0.806219954282   0.478978227295   0.347259625986
0.725537539764   0.665493209213   0.175254921127
0.580087323039   -0.728427970422   0.364544617461
0.370262334752   -0.162827727868   -0.914546047275
0.612927725134   -0.784660736653   0.092882814064
-0.745547691914   -0.53539583801   0.396875639229
-0.261683640823   -0.312504659624   -0.913160955207
0.470194736082   -0.84265394838   0.262395106431
-0.811494607044   -0.295895773264   0.503906829129
-0.346977479581   -0.449866550196   -0.822937769624
0.646572273461   -0.697766644952   -0.308327729057
0.0207642930774   -0.387929812438   0.921454959505
-0.762570077728   -0.602189428217   -0.236336018311
-0.167108530349   -0.572421246603   -0.802750643942
0.351662403509   0.726042402627   -0.590928057936
0.921090784814   -0.381046364811   0.0799711657341
0.89281069117   0.443793079532   0.077050424963
0.315294793524   -0.493577602917   -0.81053703376
-0.321680367142   0.747949725903   -0.58059700778
-0.2349007831   0.796273425007   0.557467776372
0.631410613442   0.561036082514   -0.535312222123
-0.739014429019   0.226245818853   -0.634563307947
0.114678664233   -0.0614808771873   0.991498286506
0.879879793886   -0.457037423491   -0.130108622627
0.461151058455   0.887320013924   0.00168338097762
0.0463670642721   -0.694928649603   -0.717582233813
0.969449874224   0.2045191781   -0.135420984206
0.240867249105   -0.689380935011   0.683181449603
0.153023471864   -0.502889949708   -0.850697082803
0.985173802944   0.0100639455457   0.171263854979
-0.0775654961913   -0.864291865351   0.496974015326
-0.384385626758   0.336577649591   0.859629677013
0.532257016179   0.841620695913   -0.0915263547325
-0.75428785257   0.422362510977   -0.502652714259
-0.11149287986   -0.993762593312   0.00196753282857
-0.962572615189   0.108486537166   0.248361690125
-0.247026159625   0.0257968363976   -0.968664113539
0.467536601933   0.156677762679   -0.869977934577
-0.232300271579   0.971353275695   0.0500938891922
0.85290451505   0.178675383285   0.490539496513
-0.818137236764   -0.366877541122   -0.442777903311
-0.377771601257   -0.237600095912   0.894893720437
-0.433520494468   0.899414822768   0.0557936045789
-0.708370021853   -0.137352628127   -0.692359254572
-0.318828997627   -0.812864673947   0.487457885054
-0.629742131445   0.566040082482   0.532003410277
0.0531654376672   -0.321063104225   -0.94556435391
0.669895079779   -0.690755237498   0.272209173304
-0.740549827066   -0.647901022571   0.178354262406
-0.89913520011   0.420111747472   0.12273254867
-0.437655685456   -0.860573116545   -0.260523805605
-0.00382881898108   -0.28796053885   0.957634636212
0.482846539544   -0.870480998287   0.0955093972009
-0.545264049301   -0.213511033068   0.810617136146
-0.685234507211   -0.443481517647   -0.577735056562
-0.595390769541   -0.186196703755   -0.781561033237
-0.435734186613   -0.742451137091   0.508820973883
-0.675013021934   0.643501245031   0.360918796945
-0.340822022154   -0.893036240645   -0.293814037063
0.938289647989   -0.34265112075   -0.0469341270611
-0.0587618239907   -0.291678845136   0.954709642551
0.647869105651   0.354071059653   -0.674462243202
-0.545123389533   -0.402951999263   -0.735166797185
-0.532077177646   0.843956997848   -0.0680477457887
0.763349906834   -0.576839719104   0.290779810106
-0.508078847217   -0.814111614159   -0.281208942826
0.398939650213   0.0669217675973   -0.914532095776
-0.696885335363   -0.362870427877   -0.618607209682
-0.619845274002   -0.129128668346   0.774026457252
-0.360751526117   0.922848943653   -0.134935145135
-0.896942806826   0.184022268018   0.402004535002
0.103970749041   -0.795957398099   0.596339921667
0.429723079009   0.576686243726   0.694814760104
0.569803513376   0.149304593433   0.808104080414
-0.375336175334   -0.827514145051   0.417544684568
0.731058699345   -0.541229107222   -0.41548116009
-0.442168865328   -0.464630607447   0.767205670705
0.411630865255   -0.865088724597   -0.286671964927
0.796897843709   0.189048097925   0.573772150093
0.798129445637   0.136438364581   0.586833838844
0.17519145687   0.879376138875   -0.442725147324
-0.576452370263   0.456160251779   0.67795315437
-0.622891936529   0.526908224641   -0.57825052611
-0.0327141487906   -0.756057147485   -0.653687779143
-0.781623779455   -0.388259772494   0.488178978533
-0.594435344784   -0.371155672975   0.713365255348
-0.515336596675   0.856831339436   0.0163780014119
-0.617312492378   -0.357887570644   -0.70060093287
0.570438594083   0.498083548377   -0.653079256886
0.0545472556152   -0.816356986861   -0.574965700161
-0.819526896351   0.292358920324   -0.492850558109
0.925028897401   0.364409205866   0.107366580847
0.348388490629   -0.926419389874   0.142742698595
0.151483040634   -0.0946358763124   -0.983920693118
0.689617048058   0.724019749298   -0.0149578572771
0.300512029066   -0.267318053849   0.915550987376
0.658878482919   -0.635874588834   -0.401923733353
0.218520267741   -0.161989017433   -0.962293326064
0.791281164581   0.606509782507   0.0775886561842
0.571071804361   -0.778399280074   0.260713539938
-0.305244594089   0.277791646181   -0.910855352961
-0.278990569653   0.888447277123   0.364452592605
0.910488843836   0.365367255682   -0.1936924733
-0.166956053052   0.0823165695308   -0.982530714601
-0.0133431679444   -0.996620676909   -0.0812291876412
-0.985882641404   -0.000451039150267   0.167473292796
0.553196716511   -0.831619888913   -0.04880321006
0.306329369176   0.148592960615   0.940256587235
-0.774684265057   -0.535096713336   0.336950733798
0.182726381448   0.886040449361   -0.426079045139
0.36911267064   0.339849058708   0.865019318996
0.911244680085   -0.315333011212   -0.264949362765
-0.462174100557   -0.628466971135   0.625639314173
0.183116786265   -0.757941075213   -0.626094075104
0.867677087305   -0.174799354931   0.465383417335
0.183051599347   0.462297686086   -0.867624897982
0.807862081275   0.432181005721   0.400722394492
0.560224037146   -0.774274130557   -0.294361346667
0.256287638649   0.52972161034   -0.808524368192
0.361294113192   0.723335513873   0.588432065086
0.896539570903   -0.442922958298   -0.00600334856878
0.281938287538   0.246328486221   -0.927271815699
0.770032046454   -0.634629753585   0.0655407480738
-0.572329791945   -0.732507487402   -0.368607214064
0.949605350938   0.297314365454   -0.0992667326588
0.237489928551   -0.889140046729   -0.391190439476
-0.204568448092   0.347901701914   -0.914941322946
0.749041905952   0.570197860042   0.337358274488
-0.0255540662606   -0.483958587554   0.874717650337
0.662029602555   -0.663821044045   -0.34793437492
0.610587005557   0.0281223640099   0.791449774439
0.33830902579   -0.912856427742   -0.228562151528
0.71605210417   0.407311657929   -0.56689242065
-0.737810429794   0.529882389608   -0.418163295255
-0.208768841323   0.409988392967   0.88787675316
0.641912345424   0.742384139844   -0.191870818681
-0.761482319084   -0.444196942501   -0.472052267158
0.399156030961   -0.895151503471   0.198438419974
-0.510704150761   -0.0373151423278   0.858946341533
0.0377279438753   -0.981885618482   -0.185680521242
0.92364924499   -0.0366503693402   0.381482431858
-0.381377366893   -0.185896223218   0.905535145826
-0.631032530003   0.561956320483   0.534792447607
-0.630122150701   0.0308026701577   -0.775884800985
-0.45248640128   -0.826593154504   0.334663684607
0.99163937679   -0.12873159592   0.00891755354584
-0.00813212675039   -0.131313346346   -0.99130756771
0.128783597806   0.982947100049   -0.131262346665
-0.470129530962   -0.881841507119   0.036529589143
-0.856202032727   0.445631786379   -0.261401277455
0.21423569664   -0.154169079336   -0.964539166507
0.101490859452   -0.98453198728   -0.142815921723
-0.0512838399114   0.138188638057   -0.989077288916
0.993513758958   0.107706460844   -0.0364657036363
0.354650379965   -0.29766195276   0.886352339794
-0.849720440891   0.29293157429   0.438367728674
-0.390125980566   -0.908618982351   -0.149041151672
0.39498943035   0.24946345334   -0.884167028426
0.44218915646   0.791979692078   0.420995150602
0.805265234949   -0.557257707321   0.202513573438
-0.436956214932   0.201562626437   0.876608067086
-0.890665279552   -0.233080844184   -0.390369849389
0.125636600783   -0.95133893389   0.281371004392
-0.77071822287   0.628136396251   0.106949272623
-0.621109962621   -0.778080726484   0.0938768124914
0.14218260633   0.00592530972865   0.989822710134
-0.594000012318   -0.751098339734   -0.288123456824
0.767718012156   -0.6362725359   0.0759352818784
-0.240359930384   -0.176092013651   0.954577761378
0.0377923015194   -0.730821849682   0.681521258962
0.854590771816   -0.329844758126   -0.401094916202
0.517925105703   0.597580072545   0.612087956219
0.990944422935   0.127771825382   0.0412736134213
-0.0694008089219   0.224243189219   0.972058901973
0.114946414677   -0.966120769791   0.231080005888
-0.760815238527   0.118205414895   -0.638112376844
0.0254104489424   0.987943944619   0.152712375668
0.648470689142   0.0999711982881   -0.754646459257
0.733011303656   -0.563550568342   -0.380926461374
-0.409727103233   -0.812816591187   0.414066925603
-0.54297137395   -0.14743973319   -0.826705588337
0.0816173038296   0.91874739203   -0.386318384846
0.883816447588   0.112436576738   0.4541217355
0.46065947489   -0.378498736216   -0.802827286093
-0.397980534148   0.849755701884   -0.345724325375
0.912402150496   0.405890193917   -0.0526769163358
0.0955634752945   -0.336404204582   -0.936855297679
-0.96355331124   0.256302286412   -0.0766560254251
0.176629338886   0.394297637237   -0.901849247018
-0.200920593516   -0.882518626252   -0.425197877651
0.596321956888   0.730152844404   -0.333581985424
-0.800453485037   0.509469001821   -0.315777685285
-0.0606162971656   0.45532203114   0.888260947394
-0.644185829265   0.182642360652   -0.742742498964
-0.363924915469   0.780919391999   0.507664814293
0.672743121535   0.597332969009   -0.436589104913
-0.798646395027   0.466711050433   -0.379964964695
0.43134430663   0.00360871131223   -0.90218896789
-0.419684009858   -0.884411465353   -0.204207905636
-0.972999704821   -0.137829989704   0.185130500026
0.199071973053   -0.0952720819593   0.975342469334
-0.116793654136   0.985862808346   0.120138442447
-0.576510220277   0.52008151111   0.63019926948
0.690507104963   0.722455760084   0.035462665761
-0.436847611242   0.455601673031   -0.775623106265
0.928951756145   0.370092477382   -0.00895493859869
-0.361084852635   0.90047684025   -0.242402942533
-0.0816477919973   0.228414131647   0.97013433177
0.998028941522   -0.0586683497859   -0.0222768187232
0.00221079735996   0.387628157191   -0.921813177867
0.0627163797908   0.919946980672   0.386993823247
-0.848098513397   -0.413270064245   0.331562324299
-0.519104816566   0.522811759291   -0.676163611795
0.106093875005   -0.7455701808   -0.657925780645
-0.340563716236   -0.797271586043   0.498371904028
-0.434967077357   -0.336327799838   -0.835276860418
0.833558743132   -0.50124027175   -0.232245944024
0.441405696721   0.290973780727   -0.848819929786
0.341435281611   0.820339421704   0.458764844722
0.829808991723   -0.492318487578   0.262753779218
0.159841086602   -0.408365784482   0.898714767494
-0.957331119374   -0.286179557646   0.0402295862203
0.240765394368   -0.866797945195   -0.436684533326
0.0368982953916   -0.592971313179   -0.804377726698
0.997847032367   0.0655350906605   -0.00253808169628
0.0542199728553   -0.80255228092   0.594112806273
-0.996570901229   0.0249012465243   -0.0788825876539
0.0787431447421   -0.00653213171781   -0.996872549642
-0.0253387424623   -0.99966759025   0.00455089282501
-0.577560334192   -0.13302694739   0.805436451065
0.330263207544   0.86421147321   0.379558614749
-0.746558945549   0.485224030274   -0.455200359723
-0.824149279905   0.557892872412   0.0976431466913
0.00119949858241   -0.170681241896   0.985325788349
0.566371964691   0.812172328324   0.139997234886
-0.931398861822   -0.011587062773   0.363816340671
0.267571634691   0.655836666821   0.705892175413
-0.246783326163   0.75481393931   -0.607745229956
-0.576528360213   0.163422319893   -0.800566970121
0.532524604206   -0.667960975832   -0.519850860584
-0.619703053247   -0.726030658234   0.298072621732
0.300362436198   -0.101118150856   0.948450067684
0.730766300355   -0.614652871083   -0.296955337539
0.612995126888   0.782289574131   -0.110724900561
-0.244863306451   -0.817134314312   -0.521855895164
-0.230385818614   0.571862244242   -0.787334733896
0.941787894127   -0.0725611534643   -0.328284251973
0.950726348287   -0.127969499513   0.282388414337
-0.217863406821   0.372273727794   0.902190551271
-0.220578660177   -0.919258430491   0.326050570696
0.999637214875   -0.0137810973504   0.0231413048586
0.0144758628628   0.999441202816   -0.0301285828736
-0.0227131686279   0.0304526430283   0.99927811369
0.889374622979   -0.407778331415   -0.206711443589
-0.257010021584   -0.819885618194   0.511599024067
-0.378098713682   -0.401876280775   -0.833988584027
0.859487671931   -0.511020527533   0.0117881524348
0.510815872499   0.859528276603   0.0166818590705
-0.0186570228106   -0.00831627679421   0.999791355753
