-0.152079625722   -0.854022485479   0.497511170669
0.705018895404   0.259045070024   0.660184821105
-0.692690499262   0.451155444598   0.56270652268
0.781968242706   0.22306582007   -0.582037203009
0.254215758773   0.738451363123   0.624550982977
0.569122143095   -0.636342063879   0.520738668041
0.952904762987   -0.172991630099   0.249091165972
0.0701186541101   0.924772066379   0.374005347803
-0.295052346873   -0.338925540134   0.893349646943
-0.620963153388   0.730928994527   -0.283103419348
0.353631384483   -0.0610910239615   -0.933387763431
-0.699535263583   -0.679713673522   -0.220544147922
0.581060646337   -0.697245103517   0.419783035272
0.542022662958   0.716292425207   0.439473091736
-0.607107868439   -0.0278286029398   0.79413198386
0.224680611696   -0.948689079069   -0.222503282329
-0.812386190675   -0.0562745091099   -0.580398082372
0.538096047738   0.311162799957   -0.783345699973
0.947508038023   -0.201046281752   0.248613898879
-0.1155206871   -0.940304309784   -0.320127015677
0.298133273846   0.27460285488   -0.914170866538
-0.996100881851   0.0700109599148   0.053982777207
-0.0833231138076   -0.539408760689   -0.83792638163
-0.0295454471718   -0.839143508477   0.543113901532
-0.988276549408   0.0689343406448   -0.136237542907
0.0609569667468   0.996219895386   0.0618884014199
0.139988783917   0.0528581375489   -0.988742791599
-0.884110268167   -0.228377273519   -0.407668748418
-0.465965321501   0.365501651455   0.805782342285
-0.0350186615386   0.902359509796   -0.429559928412
0.886941352827   0.0356944892572   -0.460500751509
-0.457651937379   0.202541432268   -0.865754980895
0.0623678035301   0.978622954037   0.195978023132
0.204110173386   0.678643698066   0.705536499873
-0.366564666659   0.721259139443   -0.587720676413
-0.907727583989   -0.13866498982   0.395983133565
-0.45782733308   0.792535302604   0.402842378583
0.854128954376   0.266369653625   0.446666502536
0.2466939747   0.548575454533   -0.798878664827
-0.838967325528   0.529857271965   0.124036972324
-0.504218882267   -0.842628267765   0.189052886077
0.204688099126   0.0960674050535   0.974101553629
0.00484464078724   0.579459046336   -0.814986933061
0.502520536395   0.70320415292   0.502968207034
0.864551674536   -0.411984369127   -0.287783299175
0.736972375459   -0.675003708807   0.0352379161111
0.663757561239   0.712877752085   -0.226343125119
0.127662122547   0.190198063837   0.973410026126
-0.205275754921   -0.922393654665   0.327187168425
-0.965688799699   0.245231492532   0.0854776422445
-0.159080606872   -0.29841452884   -0.941085298096
0.102325365309   0.920231164241   0.377763802809
0.868722737575   -0.267675358182   0.416740492296
0.484614993137   0.285528347206   -0.826815972726
0.928338794486   0.00108804337374   -0.371732902368
-0.045486412545   -0.992141106312   -0.116497958278
-0.368941080411   0.12505840304   -0.920993041256
0.814827556547   0.134262722719   0.563941104001
-0.567375066888   -0.0148534052931   0.823325500115
0.118918379432   -0.990834429637   0.0640743613344
0.205619538782   -0.674879975547   -0.708701355737
0.977542810212   0.107483604812   0.181265868639
-0.0461589343667   -0.730057723427   0.681824807656
-0.492323111842   0.377182252034   -0.784443442046
-0.841902726069   0.0224165441886   0.539163524266
0.220947425545   0.925867730733   0.306514576593
-0.278445435076   0.873462684349   0.399413567967
-0.169471047922   -0.454016640521   0.874727723354
0.94538236875   0.175874856466   0.274445403611
0.151309760389   0.748427329731   -0.645725933193
0.630686400604   -0.57610176208   -0.519943838491
-0.761143950103   -0.328577940836   -0.559192805339
-0.192566775512   0.433158156363   -0.880506711612
-0.914854887041   -0.403780236954   0.00144229278193
-0.354906457076   0.805813598873   0.474031496532
0.945419670925   0.183400676176   0.269343347182
-0.0037961734361   0.832716502743   -0.553686569982
-0.325833140979   0.522443700976   0.787962782694
-0.0817024307592   -0.844601645982   -0.529124527217
-0.0227174366914   0.53233969289   -0.846225954677
0.996397824048   -0.0571183674888   -0.0626806297211
0.92532035963   -0.102056303053   0.365194115079
-0.101387978523   0.861442727876   0.497631291071
-0.36538022455   -0.497494658312   0.786763212497
-0.958083758936   -0.262804399416   -0.114062398294
0.253162492827   -0.963007833204   0.0923338497085
-0.134108669678   0.0595872068805   0.989173510723
0.203684146022   -0.145236233583   0.968204350035
0.260547404775   -0.945232058199   -0.196602455681
0.943731040518   0.292307906443   -0.15468831748
-0.335625946181   -0.237357414735   0.911601196039
0.845465936291   -0.502635011655   0.180403607698
0.415382514704   0.83127586803   0.369374911743
0.635332231652   0.497185039816   -0.590897851921
0.186476517019   -0.841304945815   -0.507379453189
-0.749386244751   0.212166060202   -0.627221705291
-0.328915610736   0.0998598385441   0.939064698401
0.811326516031   0.538770886319   0.226881483289
-0.483284367141   0.836512962076   -0.258229084839
0.754336305311   -0.292487319224   -0.587731158765
0.49413049627   -0.336458283204   0.801642639844
-0.43221730593   -0.895124034675   -0.109275802126
-0.991982304444   -0.0648270784971   0.109795824662
-0.0882969587204   -0.27210437497   -0.958303636894
0.0919854352629   -0.96017689167   0.264016845221
0.737806969928   0.610510628255   0.287954232494
0.255262445243   -0.647261051702   0.71825772906
0.624885550539   -0.456431653255   -0.633394146964
-0.509562209414   0.392274651144   0.765811328628
-0.849639710571   -0.0888606310223   -0.519823218088
-0.135863001607   -0.915545964937   0.378572115491
0.381046013751   0.86867267242   -0.316562332585
-0.450101074071   -0.124788168611   -0.884215421793
-0.807597019151   0.479411803367   0.343440480238
0.726553254332   0.664142126   0.176168951145
0.577751332677   -0.72927478678   0.366552880542
0.371918889633   -0.164538302882   -0.913565950782
0.611455448492   -0.7863123035   0.0885180890738
-0.746298334555   -0.535898170896   0.39478216663
-0.262985335273   -0.307452638001   -0.914501422251
0.47088748941   -0.842976666517   0.260106393039
-0.810877002306   -0.297447741598   0.503987486158
-0.347481629908   -0.448235695567   -0.823614812697
0.646167854491   -0.697962172301   -0.308732796132
0.0193399675474   -0.389421906158   0.920856482133
-0.762950259864   -0.600998752967   -0.238133372923
-0.163772190936   -0.574562005567   -0.801908453001
0.344021417332   0.728590014847   -0.592288657407
0.924569050776   -0.372874095421   0.0783388534108
0.893323932336   0.442651186405   0.0776678022811
0.315002683817   -0.493464532365   -0.810719546075
-0.320539653592   0.748700741534   -0.580259989018
-0.235577125428   0.795431574463   0.558383411616
0.632440408348   0.561724973118   -0.53337059031
-0.737917714864   0.227494323153   -0.635392624309
0.113929218962   -0.0591572766302   0.99172603761
0.87979846251   -0.457684607791   -0.128372266519
0.461491909374   0.887144402039   -9.71567289676e-05
0.0409429655452   -0.698110957521   -0.714817987648
0.969614903552   0.200454240768   -0.140232052625
0.241185827288   -0.687356661976   0.685105986666
0.153475826945   -0.501043329533   -0.851704589772
0.98569034547   0.0168204144339   0.1677246706
-0.0697113273018   -0.865258692075   0.496455134248
-0.380841075991   0.333707505092   0.862322090756
0.533902191743   0.840787834656   -0.0895782795511
-0.754922868121   0.426280564372   -0.498373712186
-0.110271232275   -0.993901268917   -0.000537491316557
-0.961881653744   0.106582738835   0.251840456664
-0.250247288583   0.0282877900593   -0.967768402369
0.466706868256   0.149766144266   -0.871639148576
-0.232706415544   0.971624672922   0.0423464208224
0.853248162883   0.183072655586   0.488315450626
-0.803087515041   -0.354387812314   -0.479054086134
-0.413843177256   -0.246742469986   0.876284692421
-0.428739272282   0.901970241203   0.051475534057
-0.709527508934   -0.136400410833   -0.691346234052
-0.317177006902   -0.814266282864   0.486171544819
-0.629256254403   0.564233065873   0.534486643969
0.0520578813139   -0.319346840508   -0.946206911684
0.669077550047   -0.692239548157   0.270443239614
-0.741367086053   -0.647164514855   0.177631327985
-0.898936033364   0.420403074887   0.123187508576
-0.438059676024   -0.859928920532   -0.261965405461
-0.00419855755539   -0.28945363712   0.957182825698
0.482424244604   -0.870843921239   0.0943274849697
-0.545965824658   -0.214732690792   0.809821646491
-0.684973085518   -0.442177165469   -0.579043270034
-0.595460452382   -0.184831133674   -0.78183273162
-0.437199062298   -0.741898792923   0.508371032669
-0.674004412547   0.644532062008   0.360964983525
-0.341110737611   -0.893486687969   -0.292104378052
0.938348879982   -0.342184184316   -0.0491052744731
-0.0560785938876   -0.29084615687   0.955124967298
0.648078242155   0.354176173538   -0.674206072779
-0.544682105452   -0.403175504605   -0.735371273728
-0.532274360152   0.84380610588   -0.0683758468683
0.762952634817   -0.575675645822   0.294111116586
-0.505361536496   -0.814846158306   -0.283970852421
0.403129651008   0.0680241016286   -0.912613505425
-0.697271762335   -0.367447342341   -0.615460530043
-0.618949558204   -0.124425316264   0.775511366609
-0.361539289475   0.92168263841   -0.140671686412
-0.897211433867   0.182468411951   0.402272689342
0.105169942109   -0.796317069272   0.595750908812
0.429019021987   0.576788644751   0.695179568379
0.571153023913   0.150209719596   0.806982829181
-0.372820218744   -0.828389201047   0.418062812162
0.731292917339   -0.539637350964   -0.417135799343
-0.442118625029   -0.463842971557   0.767711152082
0.414555268056   -0.864675668568   -0.283688901456
0.795408476834   0.1928345426   0.574578170799
0.795197734656   0.136424533022   0.590803612586
0.177166349185   0.879565177267   -0.441562207509
-0.579890202169   0.455799786281   0.675258399992
-0.623553313527   0.52635500768   -0.578040401819
-0.0340053383095   -0.756950836565   -0.652585644771
-0.781040291669   -0.38726579075   0.489898935424
-0.595360326985   -0.368562839846   0.713937818626
-0.515693955044   0.856685811458   0.0122121969152
-0.616121352097   -0.360902793155   -0.700102369705
0.571307387641   0.501850996021   -0.649425473256
0.0580720676513   -0.814006206011   -0.577945954228
-0.818679120584   0.292471312856   -0.494191282931
0.924270622514   0.366773276262   0.105835228797
0.3512129175   -0.925660664313   0.140711306762
0.14957679772   -0.0928846009258   -0.984376461363
0.689316323014   0.724237272615   -0.0179832822551
0.300800273294   -0.263537887492   0.916551718851
0.659061621604   -0.637203445296   -0.39951174236
0.22065496918   -0.162857043085   -0.96165947602
0.790209350648   0.607803547181   0.0783837992155
0.571734681867   -0.777208093981   0.262806036885
-0.302500624875   0.276047732246   -0.912299878237
-0.285796378243   0.886833746815   0.363106512915
0.909293048742   0.370571935068   -0.1893743245
-0.1672156324   0.0843375265536   -0.98230123914
-0.00517848591014   -0.996387037385   -0.0846657251496
-0.985901478894   -0.00907101682616   0.167058601965
0.555112952168   -0.829978891378   -0.0546320363771
0.323938898081   0.155229219527   0.933256394126
-0.766102610518   -0.535760157845   0.355032191155
0.183457666674   0.887530559393   -0.422649714106
0.364612364861   0.337843280227   0.867709475234
0.912908044702   -0.313291264102   -0.261624674946
-0.462166399534   -0.626962652227   0.627152562333
0.179080376604   -0.758628374889   -0.626429205751
0.868523299886   -0.177203735327   0.462888991316
0.18503740199   0.464949234466   -0.865784836335
0.805931284169   0.432338970496   0.404422785284
0.562348591761   -0.772596423386   -0.29471825446
0.253955023464   0.53188854852   -0.807837485483
0.355902467158   0.725231762241   0.589382998874
0.899355471918   -0.437188125918   -0.00512419731577
0.281599286239   0.246445538606   -0.927343746921
0.770201297607   -0.634452048878   0.0652727204801
-0.572268983623   -0.732622114992   -0.368473908465
0.949712640875   0.297573141707   -0.0974481507847
0.239101029886   -0.890135616506   -0.387930303717
-0.202179658384   0.345122367239   -0.916523095777
0.752066895306   0.563841161862   0.341289518379
-0.0297953620699   -0.488206925199   0.872219164939
0.658412961267   -0.666136006741   -0.350364419742
0.610678401672   0.02548682874   0.791468383545
0.340226883049   -0.910974289341   -0.233175848869
0.715064646477   0.411674300881   -0.564983524213
-0.738329676166   0.530788980302   -0.416091712451
-0.208187423769   0.407449776518   0.889180895226
0.641503898168   0.743133720296   -0.190328659854
-0.761996724325   -0.440860280157   -0.474344731058
0.397392234444   -0.896688168367   0.195011378051
-0.511312157596   -0.0399028688952   0.858468179916
0.0380970641696   -0.981384297441   -0.188237813649
0.92248783486   -0.0378751094621   0.384163598838
-0.38414165133   -0.188282598434   0.903872145187
-0.630018492686   0.563133551258   0.534749586005
-0.631293283325   0.0296420243697   -0.774977439751
-0.452266853432   -0.825834030022   0.33682751351
0.991906000148   -0.126806766286   0.00652158790606
-0.00986983024259   -0.128206047476   -0.991698455036
0.12659017946   0.983607281029   -0.128419909108
-0.468494094615   -0.882645972314   0.038215702222
-0.857836552205   0.444121451752   -0.258605444307
0.211283700363   -0.153936394925   -0.965234478027
0.100935514376   -0.985016769363   -0.139835540022
-0.0481098430288   0.135556458464   -0.989600870105
0.993729066287   0.106613334922   -0.0337065381438
0.357290245608   -0.300210265179   0.884430587452
-0.848928389807   0.290453845856   0.441539508985
-0.389440953571   -0.908575998856   -0.151080689056
0.400259429254   0.24662043389   -0.882593207047
0.442837270462   0.791138795459   0.421894020535
0.802301414325   -0.559712224506   0.207448042703
-0.438417301597   0.198329893875   0.876615871352
-0.889619829131   -0.234591967372   -0.391845697843
0.127932374042   -0.951646859132   0.27928747655
-0.770637251441   0.628530764852   0.105200558858
-0.620853638377   -0.777712386199   0.098509170831
0.143731832461   0.010600691446   0.989559894505
-0.595915156675   -0.750252909927   -0.28636674736
0.765521995755   -0.638456913027   0.0796810316503
-0.242613719444   -0.171736903244   0.954801039663
0.0384897146871   -0.728173749537   0.684310991422
0.853611988931   -0.332057166524   -0.401353474371
0.519485432759   0.599584047087   0.608797056405
0.991184091481   0.125075041356   0.043707329328
-0.0712806963897   0.22532973078   0.971671527932
0.11168329745   -0.966220849445   0.232258680703
-0.75996343441   0.119871746987   -0.638816300068
0.0225677194594   0.987119936228   0.158382224297
0.649573859539   0.105948077893   -0.752880288429
0.73132774102   -0.565216880992   -0.381692722396
-0.406567227795   -0.810628433132   0.421405691689
-0.547597065525   -0.153001781517   -0.822633588271
0.0796011051458   0.917189470233   -0.39041915006
0.883281520309   0.116639086264   0.454102470269
0.462036138112   -0.380997077832   -0.800851909466
-0.394355646366   0.849973472574   -0.34932451269
0.913570376852   0.403714186902   -0.0490260065328
0.0993563575448   -0.338466362728   -0.935717533014
-0.964203509579   0.254303711615   -0.0751218068328
0.175136911832   0.398028748568   -0.900500312203
-0.199099788341   -0.881421223038   -0.428319283005
0.596700445879   0.729507489186   -0.33431632041
-0.800011353511   0.508244932344   -0.318855647903
-0.0626930069828   0.457718159098   0.886884250612
-0.64376959747   0.185482412169   -0.742399449836
-0.364195704868   0.778985376124   0.510434390849
0.672994915951   0.598980845756   -0.433935199328
-0.792897007726   0.467631151702   -0.39096110055
0.44637530091   0.00858582586598   -0.894871130602
-0.415064533443   -0.883949294703   -0.215640789033
-0.972802923315   -0.13654120052   0.187106982966
0.200922148584   -0.0954985379464   0.974940632393
-0.11525108556   0.986020003369   0.120336489867
-0.578088895452   0.518953639014   0.629682712927
0.688498931868   0.724388412892   0.0350805180901
-0.437929696665   0.453815537953   -0.776059922886
0.928368343447   0.371515710263   -0.0104064430979
-0.36309443006   0.900636215975   -0.238781990028
-0.0793388422516   0.22545616188   0.971017438788
0.998083284989   -0.0567357623557   -0.0247145612863
-0.000692074089677   0.389104519324   -0.921193360761
0.0618811546686   0.919444799945   0.388319451487
-0.853921459874   -0.394664723274   0.339210057501
-0.512526441214   0.524777891407   -0.679651556783
0.0902239101571   -0.754221020513   -0.650396228227
-0.340088351051   -0.790800366031   0.508895200222
-0.438490513192   -0.34536918163   -0.829726356703
0.831904810399   -0.505326170164   -0.229302221959
0.44129504046   0.286754465178   -0.8503120384
0.346520012692   0.819615398195   0.456239497874
0.827757553122   -0.49598636606   0.262326049397
0.162216467881   -0.407511880902   0.898676722069
-0.956317415742   -0.289384174367   0.0413974411772
0.243192895074   -0.866135563703   -0.436653573574
0.0474286285021   -0.59918109729   -0.799207470079
0.998038906315   0.0611496004593   0.0133831840788
0.0408522834281   -0.798274877962   0.600906255509
-0.996735778263   0.0274543099724   -0.0754120031502
0.0752609696858   -0.00647571877528   -0.997123361996
-0.0278656741734   -0.99958264964   0.00442709252789
-0.580605927009   -0.132880168897   0.803268083213
0.328054797905   0.864781268299   0.38017549522
-0.745168975713   0.484248095824   -0.458505152602
-0.822732044965   0.560042740629   0.097285040382
-2.97143187813e-05   -0.171189483073   0.985238210967
0.568429634634   0.810584025195   0.1408595577
-0.932064449431   -0.0115186115279   0.362107904449
0.266439185523   0.655466211823   0.706664006776
-0.24548925291   0.755136530465   -0.607867562789
-0.576563829355   0.163517286721   -0.800521251365
0.533434306923   -0.666803552934   -0.520402512757
-0.618886109992   -0.72707154533   0.297230669711
0.300233161276   -0.100363560249   0.948571167254
0.733027092884   -0.612045589133   -0.296768603351
0.610353491568   0.784428122017   -0.110187220235
-0.243973444753   -0.818715700868   -0.519789924287
-0.232272276644   0.56971752034   -0.788334661543
0.941555390692   -0.0715999318358   -0.329160906568
0.95128357241   -0.130881554889   0.279158705793
-0.213927544164   0.371816646025   0.903320199046
-0.222023805656   -0.91903340241   0.32570389771
0.999515981829   -0.0166727636071   0.0262644443921
0.0176404736875   0.999157530862   -0.0370545846266
-0.0256245150902   0.0374999667662   0.998968035904
0.88865300489   -0.407020867567   -0.211257650112
-0.251576334934   -0.817866911776   0.517496044115
-0.383412479019   -0.406726961657   -0.829196681912
0.85810123353   -0.513299101038   0.013649454864
0.513032442884   0.858159718994   0.0189634114583
-0.0214473143571   -0.00926991365055   0.999727003442
