-0.155300215351   -0.853202879732   0.497922366055
0.703915297682   0.258062479199   0.661745424116
-0.693098182288   0.453264380539   0.560505404583
0.783373507725   0.223467010155   -0.579990029687
0.254536661401   0.735959379407   0.627355457323
0.567042350417   -0.639082371218   0.519650533897
0.953354098928   -0.169573201858   0.249721627855
0.0652873971832   0.923546631675   0.377887781142
-0.29470920918   -0.343957190038   0.891537959817
-0.606900968452   0.737960927488   -0.295101938812
0.333779238464   -0.100313967682   -0.937298625275
-0.72129252371   -0.667346208855   -0.185435520247
0.576983245296   -0.701224693162   0.418777112144
0.544451168673   0.712411085669   0.442767855151
-0.608821209294   -0.0274659484635   0.79283186073
0.224286821815   -0.948868357271   -0.222135796674
-0.810678922266   -0.0551654247032   -0.582886377409
0.540828213565   0.310814550086   -0.781600456614
0.947436503187   -0.201182274363   0.248776507074
-0.114866106054   -0.939609600301   -0.322395787679
0.298613187367   0.276873542823   -0.913329447705
-0.99633162394   0.0690983214301   0.0505998312262
-0.0800459480959   -0.541203335647   -0.837078593088
-0.0304559868994   -0.838053307844   0.544740063992
-0.98869791899   0.064903421692   -0.135137423361
0.0572094492534   0.996553785943   0.060063528345
0.138570040976   0.0516535998145   -0.989003741874
-0.882020666474   -0.231887739746   -0.410205046008
-0.469707143156   0.363163768305   0.804666058965
-0.037620516787   0.902408080049   -0.429237438752
0.885798235642   0.0348491958434   -0.462760215153
-0.459520422751   0.205162906637   -0.864146483555
0.0648264163243   0.978107201443   0.197746859119
0.206664949447   0.676926659989   0.706441713819
-0.364517403198   0.723318793154   -0.586461410505
-0.90797393178   -0.13630928157   0.396236190265
-0.461816793894   0.789793159695   0.403682917279
0.851451184483   0.26721783347   0.451253212717
0.248523667377   0.552109904316   -0.795877079644
-0.838167544384   0.532655546535   0.117273726444
-0.508887996804   -0.841107686502   0.183223243259
0.19623471884   0.0938925923932   0.976051286967
0.00745621300097   0.574432162405   -0.81851826583
0.499686864973   0.706878327533   0.500635679433
0.866174057378   -0.412735674909   -0.281765571106
0.726920441621   -0.683806659264   0.0632070412984
0.67657959314   0.697384289712   -0.236421684716
0.117587122892   0.214624349978   0.969592521407
-0.195784636392   -0.925524040068   0.324151035829
-0.958913668001   0.249889050358   0.134313838011
-0.205312493758   -0.284536256069   -0.936422090003
0.0984817850063   0.920252008499   0.378725514563
0.868369383872   -0.265342706057   0.418952809175
0.486036405714   0.287616209587   -0.825249228337
0.930152564322   0.00445252919522   -0.367146440104
-0.042379833926   -0.991943430176   -0.119397596756
-0.364719458178   0.126617579421   -0.922470153868
0.814721132795   0.135684779198   0.563754486679
-0.567285963981   -0.0148042181683   0.823387816509
0.120067129671   -0.990641459862   0.0649107579507
0.203047738816   -0.677522104344   -0.706919676285
0.978110331932   0.106783537254   0.178598632029
-0.0455171304155   -0.7277094825   0.684373513363
-0.490920001198   0.364767783023   -0.791164963688
-0.839417524003   0.0450234187931   0.541618963099
0.233186096703   0.930009325362   0.284089582389
-0.274187338134   0.875792014794   0.397252482877
-0.168872293634   -0.450512452334   0.876653037128
0.946732980714   0.173282272276   0.271421906682
0.166198696192   0.746279785063   -0.644552646004
0.633491584685   -0.581726089132   -0.510186309166
-0.755691764676   -0.323524559088   -0.569445926841
-0.185580907664   0.433574732564   -0.881800848469
-0.915428373791   -0.402447127878   -0.00522214193929
-0.357142377124   0.806256367163   0.471593064927
0.94529208742   0.180995868719   0.271409959667
-0.000879602714079   0.833382299526   -0.552696275461
-0.326223998196   0.522220683348   0.78794889789
-0.0826619905308   -0.845361994543   -0.527759494266
-0.0214028190457   0.53095564601   -0.847129280038
0.996347783127   -0.0587298556339   -0.0619829781827
0.926397412351   -0.102128688832   0.362432841042
-0.0994074313239   0.862037174801   0.497001076362
-0.363188650629   -0.496449028828   0.788436657465
-0.95756256319   -0.261540074784   -0.121123738087
0.251015315812   -0.963260016784   0.0955075130064
-0.141652680433   0.0610504962701   0.988032062464
0.2021410923   -0.142199142998   0.968977873821
0.26449471789   -0.944710396211   -0.193814786544
0.94296408226   0.295467478761   -0.153353607676
-0.329201335991   -0.246468518661   0.911526138542
0.851727272584   -0.494266006766   0.173959587457
0.407660747526   0.833639343026   0.37263686374
0.63440120127   0.499666463904   -0.589804004564
0.186722647719   -0.83946367521   -0.5103298085
-0.750113319292   0.213624168727   -0.625855985835
-0.330346263653   0.102134565023   0.938317593154
0.810511263219   0.540132454143   0.226557794324
-0.483676407519   0.835359487048   -0.261211959166
0.751599988167   -0.297979719592   -0.588477308153
0.493163757371   -0.338618844683   0.801328131365
-0.43804904282   -0.892493894888   -0.107553119315
-0.991507309467   -0.0643104251667   0.113225360147
-0.0914459612413   -0.2751540428   -0.957055452114
0.092700858346   -0.959261002785   0.266909245337
0.735158182081   0.611609123763   0.292363965418
0.257645629463   -0.65100564809   0.714009897731
0.627025627996   -0.449583901145   -0.636170525978
-0.51193239431   0.391875129506   0.764433867332
-0.847900230124   -0.0877552745892   -0.522842456038
-0.137805857661   -0.915823627646   0.377195760059
0.374346087266   0.878430598048   -0.297026421157
-0.446977532836   -0.109710873145   -0.887791988964
-0.812450672713   0.465105595474   0.351568902347
0.727490463187   0.662805393661   0.177331727211
0.575191453422   -0.730055191754   0.369017083804
0.374048557345   -0.166456680139   -0.912348171654
0.60987461852   -0.788147359721   0.0829253989191
-0.74696168267   -0.536717428305   0.39240588913
-0.264766174283   -0.301260479593   -0.916046213919
0.471950012671   -0.843384421841   0.256838261295
-0.809932268635   -0.299692046871   0.504176925771
-0.348242581677   -0.445967901595   -0.824523923401
0.645684125734   -0.698116580135   -0.309395013202
0.0177378988653   -0.39135530013   0.920068741873
-0.763398585666   -0.599561809465   -0.24030880055
-0.164737942101   -0.577057926057   -0.799915960173
0.342448504569   0.727085088422   -0.595043100887
0.924981305261   -0.371956207329   0.0778341264063
0.893731278557   0.441662446206   0.0786046132208
0.314962372726   -0.493006106962   -0.811013982967
-0.319441865408   0.749586059376   -0.579722030302
-0.236032760429   0.794031251771   0.560181108233
0.633595575196   0.562833521913   -0.530824888227
-0.736780258898   0.229636203768   -0.635941837028
0.112365795193   -0.056592030201   0.992054070852
0.879791008558   -0.458412506882   -0.125800517024
0.461889292619   0.886935922681   -0.00172073358205
0.0345225237623   -0.701749967719   -0.711586413888
0.969726396416   0.195746018898   -0.145994009203
0.241741510125   -0.685004027314   0.687263079057
0.119040639115   -0.508140948029   -0.853007659751
0.987157735614   -0.0316072089086   0.156590381872
-0.106531195777   -0.860693743218   0.497852753764
-0.377327207218   0.330349497421   0.865155141511
0.535663179978   0.839928351492   -0.0870937743892
-0.755439717612   0.430568899799   -0.493883881908
-0.108731871107   -0.994066095726   -0.00288924526415
-0.961032307522   0.104376072179   0.255971136891
-0.254150849515   0.0306090893381   -0.96667861174
0.465471121389   0.155901473294   -0.871224060771
-0.24589220034   0.968390477721   0.0419154908087
0.85021977115   0.194716751161   0.489092758001
-0.800295098517   -0.352837826203   -0.484818296227
-0.421222890805   -0.244633086489   0.873347974378
-0.426748858485   0.903144991952   0.047146251922
-0.710548836936   -0.135358165743   -0.69050476002
-0.315682153942   -0.815698759644   0.484745823499
-0.628858834975   0.562416129466   0.536865164098
0.0606664717887   -0.309369219396   -0.949004870336
0.682536201622   -0.680884129777   0.265595739899
-0.7283295211   -0.663842940512   0.169848874417
-0.89877151188   0.42078152609   0.123095849583
-0.438387688874   -0.859299278326   -0.263478457948
-0.00509069016385   -0.29077064993   0.956779238904
0.482152726111   -0.871147050904   0.0929062448353
-0.546731009529   -0.216333104743   0.808878980395
-0.68455383853   -0.440797932627   -0.580588703667
-0.595098931558   -0.183184002621   -0.782496968001
-0.439050500376   -0.741422755499   0.507471807001
-0.673121491164   0.645551390646   0.360792335643
-0.341601194293   -0.89386552609   -0.290367239984
0.938338696589   -0.341853570648   -0.0515433358218
-0.0531902554358   -0.290070071277   0.955526113415
0.648128565198   0.354581340574   -0.673944689419
-0.544384703614   -0.403117748676   -0.735623143384
-0.532517291691   0.843663551143   -0.0682434783578
0.762197091001   -0.574624629754   0.298097071537
-0.502506109018   -0.815496623934   -0.287142545439
0.408096728214   0.0690634916651   -0.910321461574
-0.697487186723   -0.372770067883   -0.612008459444
-0.618007269335   -0.11940422445   0.777052001771
-0.362738050098   0.920209364709   -0.147091819872
-0.897419982795   0.180867692434   0.402389675477
0.10634373685   -0.796512296393   0.595191340371
0.42816069732   0.576930324956   0.695577979958
0.572808942106   0.154124716858   0.805068640931
-0.371115346809   -0.826969977479   0.422367352224
0.730864792093   -0.540709120059   -0.416497778749
-0.440640339639   -0.464677769802   0.768056300804
0.418920826056   -0.863162395614   -0.28187902961
0.793940333054   0.197547503374   0.575007546318
0.791669401804   0.136220878021   0.595569841466
0.179685538666   0.879797052928   -0.440079829104
-0.583928652206   0.45541302263   0.672031484748
-0.624571882634   0.525761895445   -0.577479931317
-0.0356359997718   -0.757858244859   -0.651444184975
-0.7801530089   -0.386295068459   0.492074170804
-0.596363387845   -0.365787786481   0.714527928669
-0.516060513494   0.856516993967   0.00775883208753
-0.614843404453   -0.364112548979   -0.699564011158
0.572178224603   0.506290794317   -0.645198952985
0.0619227522647   -0.811127903216   -0.58158146847
-0.817788255048   0.292815749757   -0.495460623949
0.923089920829   0.370279304754   0.103916611074
0.35520913459   -0.924447554374   0.13868629129
0.147417421935   -0.0911079203955   -0.984874856988
0.688403114915   0.725003939452   -0.0216891277523
0.301407527509   -0.258736961764   0.91771923952
0.659738306334   -0.638298040105   -0.396636969424
0.222795423433   -0.164085967   -0.960956813845
0.789027633612   0.609270267119   0.0788995353776
0.572536108938   -0.775799934725   0.265210988467
-0.299217608205   0.273671997931   -0.914096484768
-0.29388727412   0.884983900553   0.361156142208
0.907798995388   0.376705623123   -0.184374041735
-0.167724335167   0.0864321969845   -0.982042958062
0.00396979492383   -0.996090800428   -0.0883461830185
-0.985831190866   -0.0187158395515   0.166715222202
0.555904311392   -0.828972213434   -0.0614448928099
0.330369568898   0.152503339231   0.931449782058
-0.762775427924   -0.538096476391   0.358644450028
0.183740676174   0.889146450803   -0.419115725638
0.360032115028   0.33587134733   0.87038344742
0.914667304872   -0.31081997751   -0.258408054026
-0.462366809632   -0.625305413226   0.628657299327
0.174481079956   -0.75929510665   -0.62691881873
0.869352179812   -0.180177669901   0.460176887269
0.18681248187   0.467671302221   -0.863935583017
0.803573873899   0.433145121226   0.408233220546
0.565128452399   -0.770499115022   -0.294891527125
0.251268363934   0.533218679796   -0.807800724987
0.354106275211   0.726079498363   0.5894211518
0.900817915913   -0.43415019043   -0.00637527252811
0.280962713359   0.246720794446   -0.927463629463
0.770355570919   -0.634330899607   0.0646263124513
-0.572374203423   -0.732634366853   -0.368286055954
0.949775572737   0.298117202644   -0.0951446201095
0.241160389904   -0.89104601378   -0.38455014151
-0.199419235755   0.342291218821   -0.918187799777
0.751041482757   0.566156755146   0.339710510623
-0.0264277207285   -0.488324525578   0.872261887587
0.659725911272   -0.664082640611   -0.351789751851
0.61061935219   0.0231369679167   0.791586041093
0.342859521632   -0.908758727771   -0.237915553087
0.713856517911   0.416678704387   -0.562838181076
-0.738938806566   0.531688718315   -0.413855765243
-0.207417102341   0.404899233009   0.89052499853
0.641051973919   0.743884220942   -0.188914438344
-0.762799502883   -0.436590660061   -0.476997242751
0.394774984871   -0.898659052428   0.191221181877
-0.512143032136   -0.0424431929211   0.857850895556
0.038439068751   -0.980776982621   -0.191308534313
0.921215636417   -0.0393931050426   0.387052893031
-0.38714880364   -0.191114366662   0.901992851082
-0.628884084789   0.564370993736   0.534780681299
-0.632508691189   0.0286308699933   -0.774023992408
-0.452147930695   -0.82502470671   0.338963948354
0.99215575641   -0.124942559577   0.00403878822281
-0.0116975044978   -0.124958220955   -0.992093044407
0.124459324249   0.98426358115   -0.125439534375
-0.466196399017   -0.883779385606   0.0398993934669
-0.859802582781   0.442007968031   -0.255670394875
0.208320624677   -0.153498631098   -0.965938262716
0.100791800711   -0.985509802673   -0.136423730392
-0.044188519094   0.132552356478   -0.990190507078
0.993925741773   0.105831443167   -0.0301880249508
0.35141926794   -0.312991864257   0.882349478523
-0.855289585166   0.27597795719   0.438538373666
-0.380767954071   -0.908775149627   -0.170714711803
0.405944900599   0.243453184738   -0.880874150429
0.443591351285   0.790219152007   0.422824312627
0.799021548595   -0.562391530097   0.21279170814
-0.439724960323   0.195309964712   0.876638995658
-0.888613196317   -0.236343738727   -0.39307528931
0.130416633736   -0.951838018478   0.277481285881
-0.770442204584   0.629089176097   0.103274327424
-0.620671511254   -0.777171260032   0.10378668686
0.145552922692   0.0158622120094   0.989223299734
-0.597897564816   -0.749392423652   -0.284480909154
0.76315906284   -0.640738351493   0.0839195871234
-0.245166549728   -0.166928870094   0.955001629389
0.0391774862269   -0.725153865931   0.687471457625
0.852741596582   -0.334364618484   -0.401288032349
0.520861693526   0.601956963722   0.605269290523
0.991443865241   0.122048285917   0.0462955509917
-0.0731925916517   0.226118202471   0.97134618365
0.10808286943   -0.966423706181   0.233116534957
-0.759204848157   0.121026329323   -0.639500440739
0.0187328323711   0.986215313311   0.164403279323
0.650582252361   0.112836097378   -0.751006614304
0.729618360669   -0.566814512318   -0.3825944683
-0.402891040152   -0.808349063347   0.429245551761
-0.552572192852   -0.159041637842   -0.81815088918
0.0773117870279   0.91552097091   -0.394771130129
0.882633273691   0.121291611986   0.454144090058
0.463660864786   -0.383548826336   -0.798692000421
-0.390383309065   0.85012578536   -0.3533944023
0.914803381452   0.401388170101   -0.0449728915846
0.103615770008   -0.340842979625   -0.934393196609
-0.964981272707   0.251865629881   -0.0733655483113
0.173212234705   0.401690399215   -0.899246727007
-0.197018580197   -0.880460594672   -0.431252126565
0.597384537911   0.728608675694   -0.335053918012
-0.799308292175   0.507041733684   -0.322513494991
-0.0650998028596   0.460475947357   0.885281832101
-0.642992788344   0.188649258283   -0.742274889841
-0.364492439958   0.777014796964   0.513218573899
0.673576881991   0.600549332471   -0.430853719594
-0.797918510167   0.471097116343   -0.376058775696
0.432361994854   0.0125676575964   -0.901620647984
-0.420018810543   -0.882000110226   -0.213724101162
-0.972636665504   -0.135264176614   0.188891264672
0.202549126261   -0.0954558697821   0.974608195398
-0.113798764472   0.986200225924   0.120242412461
-0.580160321628   0.517391255923   0.629062869856
0.685901752539   0.726863935806   0.0347501213694
-0.439263692787   0.451635996535   -0.776577179223
0.927861984403   0.372736249863   -0.0118247999957
-0.364915396274   0.900944095372   -0.234811606437
-0.0768693138992   0.222187814682   0.971968972535
0.998138704287   -0.054673740239   -0.0270168309397
-0.00351861102426   0.39064265006   -0.920535684474
0.060883055132   0.918917357079   0.38972317294
-0.853332692565   -0.393758006505   0.341729307746
-0.513854660205   0.524312679432   -0.679006518205
0.0881911313285   -0.75501728185   -0.649747715185
-0.33983249798   -0.788029025746   0.513345810608
-0.435160766793   -0.352136790922   -0.828634164753
0.833755823806   -0.504984877529   -0.223251676557
0.440915022535   0.281856543566   -0.852144845111
0.351834631707   0.819153576157   0.452989858954
0.825715653317   -0.499544101389   0.262010224282
0.165293638945   -0.406636410155   0.898512569333
-0.955208384194   -0.292759369564   0.0432306096144
0.245468837286   -0.865412487071   -0.436813767508
0.0486904632691   -0.599134116891   -0.799166788869
0.998019963977   0.0610796279933   0.0150145966957
0.0398170560968   -0.798315474351   0.600921799131
-0.997745462335   0.038771760506   -0.0595633459844
0.0594479859298   -0.00425966885725   -0.998360051243
-0.0389484090365   -0.999376608459   0.00167082561278
-0.583965448261   -0.132914925681   0.8008233418
0.325250854029   0.865550799159   0.380832903015
-0.743771661328   0.482861719953   -0.462221071134
-0.821255406139   0.56230716832   0.0966921607427
-0.0015405789625   -0.171653397688   0.985155927851
0.570557930546   0.808916079715   0.141838047264
-0.93286809258   -0.0114622508014   0.360034614883
0.264955875387   0.655298638173   0.707376797477
-0.244038298645   0.755282838622   -0.608270058907
-0.576643891198   0.163989955724   -0.80036882063
0.534485155881   -0.665201524148   -0.521376779172
-0.617906605207   -0.72843353996   0.295933287333
0.300188384664   -0.0994526305085   0.948681246932
0.735423117053   -0.609257330803   -0.2965777207
0.607486438448   0.786711306514   -0.109752210693
-0.243006786376   -0.820348911042   -0.517663377707
-0.234109543318   0.56748361376   -0.789401717866
0.941350322778   -0.0706400353557   -0.329953879157
0.951863810152   -0.134315563129   0.275526073779
-0.209455786036   0.371261857523   0.904595444769
-0.223793569003   -0.918762196927   0.325257554394
0.999380459912   -0.0199305299801   0.0290081077124
0.0212193600702   0.99876959889   -0.0448221717174
-0.0280790864622   0.0454099360709   0.99857373418
0.888166889389   -0.405650682661   -0.215886761806
-0.245057038876   -0.815548772623   0.524239586884
-0.388724347016   -0.412707669442   -0.823750968705
0.856565402322   -0.515806973399   0.0154556096811
0.515477239667   0.856646435279   0.0209785233799
-0.0240608616453   -0.0100024622318   0.999660455196
