-0.157538641167   -0.852737899731   0.498015673625
0.703281346847   0.25714640321   0.662775262815
-0.693236528171   0.454657867175   0.559204188734
0.784209529104   0.223607883255   -0.578804739131
0.254921511213   0.734347496447   0.629085665016
0.565712324963   -0.640884752006   0.518879844871
0.953618776211   -0.167633016468   0.250020800897
0.0624761871387   0.922722052825   0.38036921317
-0.294462145499   -0.347106877023   0.890398146591
-0.606261240623   0.739230816827   -0.293231771859
0.326873456702   -0.104505456841   -0.939272160147
-0.724983321103   -0.665294105624   -0.178277212118
0.574215625918   -0.704006560281   0.417912887736
0.546210996673   0.709670290765   0.444996211269
-0.609860611753   -0.0272551648683   0.792039892953
0.224139096891   -0.949016048493   -0.221653569811
-0.809479965748   -0.054643638845   -0.584599344682
0.542682181723   0.310455710937   -0.780457257517
0.947387778923   -0.201089536083   0.249036995991
-0.114226472807   -0.939195371722   -0.323829418871
0.299012942536   0.278345429447   -0.912751988565
-0.996463008283   0.068701531381   0.0485318025054
-0.0781334455901   -0.542324660378   -0.836534374577
-0.0311512591837   -0.837361746651   0.545763717825
-0.988958297744   0.0618914966799   -0.134646264754
0.0543457311905   0.996776624755   0.0590160971034
0.137864844956   0.0510470455039   -0.989134051686
-0.880529536084   -0.234361904641   -0.41199925001
-0.472349199434   0.361544978239   0.803848152547
-0.0394349863682   0.902419035821   -0.429052022759
0.885153898006   0.0341874290261   -0.464040727291
-0.460542115941   0.206602040851   -0.863259263758
0.0663591465618   0.977827600713   0.198619352677
0.208313218386   0.675758427544   0.707075779275
-0.363188022213   0.724689960269   -0.585592797459
-0.908129985495   -0.134814730347   0.396389862704
-0.464570927839   0.787930492422   0.40416987822
0.849635187647   0.267938714594   0.454242050209
0.249615302539   0.554419815101   -0.793931919777
-0.837540825014   0.534617520896   0.112737827465
-0.512011788758   -0.839996274249   0.179584333495
0.19070825772   0.0926860885778   0.977261302667
0.00892525158431   0.57091767671   -0.820958782187
0.497751902365   0.709516020953   0.498828680606
0.867273520478   -0.41308596602   -0.277842750641
0.724997017211   -0.685351031306   0.0683614846479
0.679134232519   0.694814098443   -0.236664460549
0.114699707569   0.218007652512   0.969183491884
-0.192625557111   -0.926226492046   0.324037946725
-0.958568627953   0.24823635516   0.139733122384
-0.209862552619   -0.283696396554   -0.935668326461
0.0957768902602   0.920340507449   0.379217990447
0.868109076442   -0.263643915778   0.42057948945
0.487051912356   0.288918372373   -0.824208110369
0.931239398138   0.0067617916242   -0.364345584747
-0.0402326374575   -0.991811285973   -0.121238460063
-0.362180565235   0.127560603202   -0.923341943384
0.814674468935   0.136599935313   0.563600890664
-0.567203633766   -0.0147052845097   0.823446278722
0.120770626096   -0.990517134517   0.0654999622548
0.20108114991   -0.679243458506   -0.705829091232
0.978532122377   0.106049227154   0.176715757596
-0.0451803876566   -0.726210642708   0.685986034285
-0.488958037198   0.366708053939   -0.791482855241
-0.839013980038   0.0505755942537   0.541754157438
0.238695304235   0.928960294618   0.282943916213
-0.271349114133   0.877352534854   0.395755139803
-0.16870738653   -0.448172638898   0.877883271488
0.94757976911   0.171446056279   0.269627146483
0.16436951852   0.745871176647   -0.645489556081
0.633527805733   -0.58140361624   -0.510498201618
-0.756057602651   -0.325026279459   -0.568094104677
-0.180934606885   0.433677501737   -0.882715401772
-0.915700815857   -0.401744052596   -0.00968079571486
-0.358824012402   0.806551626652   0.469808254807
0.945294555928   0.179143457135   0.272627628041
0.00116536095401   0.83386236772   -0.551971187137
-0.326215946483   0.522093067624   0.788036789868
-0.0835167690454   -0.846000605263   -0.526600336195
-0.0204857820642   0.529792455372   -0.847879874832
0.996295774817   -0.0600243726142   -0.0615775356413
0.927154447748   -0.102287969331   0.360446666693
-0.0979896846815   0.862334381403   0.496766980489
-0.361638839031   -0.495899770657   0.789493991302
-0.957248233578   -0.260803813946   -0.125127101416
0.249754493225   -0.963402298389   0.0973565862487
-0.145938733692   0.0619433806251   0.987352470514
0.200910028994   -0.140217550031   0.969522436981
0.267171002993   -0.944339741418   -0.191940172397
0.942472478275   0.297591016806   -0.15226482019
-0.329078644939   -0.246710571758   0.911504891595
0.853023168333   -0.491699491891   0.174880289291
0.405041661939   0.835084148501   0.372257612847
0.633758647748   0.501479912512   -0.588954735394
0.187054473869   -0.8381428377   -0.51237314207
-0.750573385354   0.214554212862   -0.624984179644
-0.331415353863   0.10354839922   0.93778545136
0.809904485057   0.541075463455   0.226477491883
-0.483961309247   0.834574776916   -0.263185021324
0.749723298441   -0.301460782734   -0.589097933716
0.492649575027   -0.340099717254   0.801017225785
-0.441827313847   -0.890760122733   -0.106466158468
-0.992189090711   -0.0525132001766   0.113907388103
-0.0958509774336   -0.268392435356   -0.95858615813
0.0809019121049   -0.961934091422   0.261153921644
0.733186377674   0.612548571959   0.295333682419
0.259298485651   -0.653311597894   0.71130040067
0.628650962235   -0.444936188285   -0.637832081783
-0.513352920742   0.391657586096   0.763592360566
-0.846841697695   -0.0870450335949   -0.524673641244
-0.139025526096   -0.915984511892   0.376356680388
0.373448471492   0.878758250727   -0.297187100966
-0.445672781215   -0.111010498196   -0.888286235491
-0.813579749186   0.464177337726   0.350181935297
0.72798872212   0.662037531477   0.178153487956
0.573540011984   -0.730454843342   0.370792639298
0.37561178497   -0.167754682856   -0.911467891319
0.608870335495   -0.789335437072   0.0789081484754
-0.74731165911   -0.537384670709   0.390823557557
-0.266086850993   -0.296929851591   -0.917077160015
0.472785462409   -0.843674047482   0.254338694645
-0.809193892968   -0.301425455215   0.504329596611
-0.348825620579   -0.444249029306   -0.825205460637
0.634274853185   -0.707614732769   -0.311410958072
0.0280403738346   -0.381482975013   0.923950441103
-0.772598946592   -0.594770602961   -0.222123265005
-0.165323392285   -0.578767809916   -0.798558702387
0.34140526886   0.726053789087   -0.596898934871
0.92526246079   -0.371313504011   0.0775607036954
0.893896409189   0.441190641103   0.0793727039599
0.31511972445   -0.492515443001   -0.811250931366
-0.318824037979   0.750186198609   -0.579285659067
-0.236199179864   0.792880662251   0.561738438569
0.63435388403   0.563732225989   -0.528962268502
-0.736074023284   0.231400490731   -0.636120015209
0.110950743652   -0.0549006730528   0.992308357446
0.879822465756   -0.458906469743   -0.123763185942
0.462171384781   0.88678679148   -0.00261318948829
0.0301251706361   -0.704175406313   -0.709386713109
0.969749695444   0.192585106831   -0.149988452988
0.242235504785   -0.683409105139   0.688675516678
0.115575120307   -0.507701196872   -0.853745792969
0.987697682179   -0.0324072927205   0.152980546265
-0.105336000188   -0.860923488826   0.497709824431
-0.375310434655   0.328063392902   0.866900438291
0.536781037117   0.839402012908   -0.0852664362049
-0.755650764483   0.433334348037   -0.491134540677
-0.107614770607   -0.99418451902   -0.00423226162883
-0.960446442333   0.102859695865   0.258773836431
-0.256833411586   0.0319125234458   -0.965930236839
0.465408390984   0.150675131752   -0.872176601027
-0.246841998027   0.968402349014   0.0355797384848
0.849978850747   0.198730708378   0.487895530205
-0.798273148949   -0.351967193744   -0.488723742402
-0.426142104527   -0.243329584468   0.871305995549
-0.425599234737   0.903819852437   0.0442717751296
-0.711082780208   -0.134662625766   -0.690094224388
-0.314903376078   -0.816552189021   0.483819531868
-0.628649286206   0.561347889374   0.53822799326
0.061536525334   -0.305641964883   -0.950155864034
0.682867660313   -0.681398671174   0.263415009392
-0.727945695195   -0.665040373194   0.166782182437
-0.898688198047   0.421059942083   0.122749861553
-0.438547605439   -0.858919533907   -0.264447960025
-0.00591617288065   -0.291487994558   0.956556185513
0.482101547846   -0.871282373739   0.0918971897077
-0.547201489282   -0.217531946   0.808239020163
-0.684213854282   -0.4399395513   -0.581639496017
-0.59463747984   -0.182016679958   -0.783120775155
-0.44038511248   -0.741186168147   0.506661769823
-0.672658288411   0.646154102758   0.360577988121
-0.34198631674   -0.89405207187   -0.289337635048
0.938300566374   -0.341712823069   -0.0531451671964
-0.0513558313329   -0.289660584891   0.955750660291
0.648063992392   0.355010107968   -0.673781034411
-0.544271602418   -0.402940402367   -0.735803944188
-0.532711443365   0.843567925376   -0.067909242906
0.761552391622   -0.57406567247   0.30080989252
-0.500734793258   -0.815841188341   -0.28925433965
0.411464037999   0.06965636997   -0.908760474035
-0.697509606618   -0.376339460662   -0.609795780514
-0.617425526431   -0.116266357614   0.777990440672
-0.363686682318   0.919158319776   -0.151265635761
-0.897687333391   0.179926476849   0.402389662152
0.107010848296   -0.796692926644   0.594941575772
0.427597539311   0.57709034229   0.695807793072
0.573408253184   0.155312228928   0.804413428951
-0.36983224379   -0.827061549833   0.423311683651
0.731045118023   -0.540228453163   -0.41680432874
-0.440847681251   -0.464714311894   0.767915237154
0.420540995065   -0.862762977929   -0.280686946245
0.792968142237   0.199199645189   0.575778596142
0.789213539608   0.135995963382   0.598871508847
0.181512141394   0.879947739398   -0.43902769491
-0.586681624641   0.455189051181   0.66978175155
-0.625410438123   0.525378198907   -0.576922651713
-0.0368243403884   -0.758412603747   -0.650733833459
-0.779426690524   -0.385730867532   0.49366567494
-0.596966303876   -0.364065837932   0.714903588462
-0.516303789688   0.856390969159   0.00498904690053
-0.614053313565   -0.366129156836   -0.69920512132
0.572693983436   0.509292214812   -0.642372858407
0.0644103136669   -0.809134467533   -0.584082255504
-0.817234825971   0.293124904492   -0.496189980948
0.921413956808   0.373204907175   0.108233506724
0.357862254377   -0.923533593039   0.137920750313
0.15142985706   -0.0883494410586   -0.984512699981
0.687487836026   0.725789390281   -0.0242948453374
0.301958463863   -0.255277635913   0.918506629108
0.66044043233   -0.638798170449   -0.394658519775
0.22405621716   -0.165043165534   -0.960499641379
0.788272718341   0.610230483887   0.0790245282043
0.57308370165   -0.774841601909   0.266824959662
-0.296955169207   0.271838916833   -0.915380408401
-0.299483881896   0.883741460249   0.359597610418
0.90671224392   0.380926029865   -0.181020226287
-0.1681658878   0.0876685101436   -0.98186325764
0.00994977540242   -0.995853761053   -0.0906209196106
-0.985719141715   -0.0250076274529   0.166575411207
0.556443149643   -0.828263385603   -0.0659604145633
0.334385709456   0.150557815846   0.930332480445
-0.760629482423   -0.539733351693   0.360736311693
0.183659771304   0.890161809122   -0.416990451992
0.357287969982   0.334741972314   0.871947885173
0.915758914768   -0.309127419574   -0.256565470976
-0.462629017727   -0.62421856054   0.629543686845
0.171391539491   -0.759679880825   -0.62730457153
0.869826997258   -0.182310926577   0.45843603678
0.187718202019   0.469303249786   -0.862853589948
0.801955669592   0.433987702236   0.410514025702
0.567123409811   -0.769031287418   -0.294893009802
0.249412302459   0.533962302962   -0.807884735294
0.353116088667   0.726663782131   0.589295146355
0.901721971802   -0.432254555336   -0.00731179271549
0.280374665115   0.246994263324   -0.92756876779
0.770443997177   -0.634288793852   0.0639814992811
-0.572543476347   -0.732578609381   -0.368133713166
0.949777705755   0.298632409956   -0.0934933692328
0.242668595697   -0.891530777   -0.382472817212
-0.197570946824   0.340576257199   -0.919224767292
0.750355602969   0.56782115242   0.338445854905
-0.0239260961255   -0.488329469348   0.872331246825
0.660601241114   -0.662656322031   -0.352835001263
0.610498735083   0.0219511953545   0.791712822706
0.344873680304   -0.907240431094   -0.240781521301
0.712988915236   0.420037785668   -0.561439293072
-0.739342662813   0.532215667812   -0.412454685858
-0.206858860405   0.403399810323   0.891334948546
0.640766569683   0.744321880347   -0.188157149553
-0.763459454586   -0.433490315949   -0.478764995747
0.392696609224   -0.900088420166   0.188759984603
-0.512756421977   -0.0438988002333   0.857411077766
0.0263717485987   -0.979325125113   -0.200566281616
0.916240384683   -0.0565544202543   0.39661714337
-0.399760042369   -0.194226414942   0.895805787321
-0.628145854206   0.565112830648   0.534864602113
-0.633265732279   0.0281243788059   -0.773423204275
-0.452114107585   -0.82453406796   0.340200457155
0.992293994877   -0.123880213488   0.00251403767451
-0.0128357833139   -0.122954449808   -0.992329299412
0.123239077999   0.984650135079   -0.123597061742
-0.464432235   -0.884664556158   0.0408696787649
-0.861171623838   0.44037067111   -0.253883294865
0.206603828281   -0.153107531472   -0.96637032786
0.100950588169   -0.985807652577   -0.134135000731
-0.0414206860507   0.130542348402   -0.990577090044
0.994028798913   0.105555277806   -0.0276544808223
0.35295060641   -0.315411429579   0.880875401844
-0.855387311155   0.272712140699   0.440386883387
-0.379128462921   -0.908924468389   -0.173545015193
0.409558993726   0.241352435195   -0.879778613534
0.444115858518   0.789632471845   0.423369407401
0.796882997069   -0.564118385568   0.216212636964
-0.440390495447   0.193631104544   0.876677325742
-0.888054408714   -0.237477881349   -0.393654112098
0.131967819111   -0.951898727891   0.276538007679
-0.770237681307   0.629542900136   0.102027302226
-0.620637761542   -0.776726024446   0.107263091585
0.146773984274   0.01929608137   0.988981829096
-0.599126331933   -0.748846873388   -0.283329999724
0.76164658393   -0.642167311862   0.0866920523943
-0.246864354888   -0.163857837707   0.95509611884
0.0395549330736   -0.723151855594   0.689555497861
0.852286107415   -0.335803503903   -0.401054079994
0.521578164792   0.603562240139   0.603049611156
0.99160972624   0.120069641495   0.0478897884473
-0.0743199029322   0.226420687049   0.971190098742
0.105767209826   -0.96660071232   0.233444519767
-0.758828099688   0.121324191108   -0.639890737663
0.0158462154266   0.985644616228   0.168088031486
0.651098005642   0.117410091237   -0.749857359045
0.728590858341   -0.567728765342   -0.383196390658
-0.40043023977   -0.806939517649   0.434171235586
-0.555707700044   -0.162889802431   -0.815264552281
0.0757736409124   0.914464177767   -0.397509387523
0.882166328111   0.124349773578   0.454224381621
0.464802124709   -0.385087635343   -0.797287070926
-0.387855273317   0.850168556236   -0.356064016924
0.915560931228   0.399940569641   -0.0423753026581
0.10637828429   -0.342433805362   -0.933500171472
-0.965495291463   0.250176243784   -0.0721704523602
0.171800755264   0.403818425666   -0.898559108558
-0.195655890886   -0.879963532271   -0.4328589057
0.597987039432   0.727936809927   -0.335439271991
-0.798725301355   0.50638488277   -0.324980381108
-0.0667038036036   0.462257888936   0.884233141081
-0.642312157139   0.190703065166   -0.742339149158
-0.364696769943   0.775830573901   0.514862295841
0.674115225632   0.601431009029   -0.428776614766
-0.79360466187   0.465455870446   -0.392205764672
0.447910915431   0.0101359396105   -0.894108045251
-0.41212903442   -0.885101246983   -0.216650253775
-0.972568847061   -0.134489026279   0.189797181435
0.203340608268   -0.0952682422905   0.974462312303
-0.112972852044   0.986324947916   0.12000176621
-0.58169703159   0.51620210441   0.628620667359
0.683996808848   0.728664712068   0.0345847018481
-0.440201001266   0.450092349988   -0.776942691993
0.927614807823   0.373324715718   -0.0126262913084
-0.365864402428   0.90122285643   -0.232251156618
-0.0753259957394   0.220059122393   0.972573892498
0.998172871995   -0.0533859949939   -0.0282993495665
-0.0051442069382   0.391570456068   -0.920133754691
0.0602034449376   0.918598130265   0.390580378108
-0.852808833367   -0.393461942097   0.343366761955
-0.514887898584   0.523734348814   -0.678669094607
0.0871979643431   -0.75557196097   -0.649233326571
-0.339727555738   -0.785938774467   0.516610104301
-0.433295433641   -0.356730654509   -0.82764659351
0.83476992295   -0.505018870293   -0.21935276257
0.440518083584   0.278558232464   -0.853433724251
0.355081357636   0.819059030716   0.450621272517
0.824536863956   -0.501545225191   0.261899479205
0.16752086538   -0.406110789764   0.898337794491
-0.954490717637   -0.294873489195   0.044688992639
0.24674731309   -0.864941421459   -0.437026444115
0.0493834831217   -0.599171176398   -0.799096454114
0.998016879117   0.0608698146133   0.0160357425172
0.0390326863222   -0.798303662408   0.600988934503
-0.998058555986   0.0408527199914   -0.0558769752969
0.0557478797425   -0.00452201326366   -0.998664239737
-0.0410287095   -0.999384383056   0.00177831240074
-0.586149503957   -0.133078153902   0.799198986547
0.323243025965   0.866100852912   0.3812915728
-0.742928503497   0.481829349747   -0.464648004673
-0.820338358171   0.563731724734   0.0961820903297
-0.00262370927999   -0.171894444317   0.985111708104
0.571871985781   0.807872826516   0.142490982892
-0.933429776392   -0.0114490819481   0.358577243206
0.263848721856   0.655329995754   0.707761559537
-0.243089639428   0.755255911401   -0.608683682958
-0.576690046396   0.164502514366   -0.800229031555
0.535186914567   -0.664001093786   -0.522184304412
-0.617254037372   -0.729410998043   0.294884040773
0.300183276279   -0.0988235380403   0.94874857705
0.736919621015   -0.607513271027   -0.296440535076
0.605672705582   0.788137949221   -0.109540280071
-0.242452007549   -0.821315633596   -0.516389082751
-0.235177459658   0.566150211697   -0.790041461568
0.941227186837   -0.0701040550881   -0.330419183965
0.952222957584   -0.136632761433   0.273135362205
-0.206502577737   0.370857000518   0.905440087053
-0.225006939831   -0.918583994177   0.324923532463
0.999293344939   -0.0221358886925   0.0303778406032
0.0236331378105   0.998477194778   -0.0498474304557
-0.0292281639032   0.0505301292062   0.99829475632
0.888024068758   -0.404467308828   -0.218676623945
-0.240546369859   -0.813990125769   0.528732243955
-0.391855475549   -0.416925098717   -0.820135974059
0.85555215251   -0.51745478768   0.0164638098478
0.51708985906   0.855648524941   0.0219927128232
-0.0254674691558   -0.0103026436814   0.999622560544
