-0.138165140166   -0.86237048076   0.487060113927
0.71166707112   0.255569126822   0.654380933118
-0.688796327333   0.43703727491   0.578409925784
0.769900487818   0.21810815811   -0.599735003653
0.258791487216   0.752332849531   0.605823616558
0.583335417565   -0.6216302113   0.522776893239
0.949727447928   -0.19757105595   0.242865093362
0.103259665905   0.929999758496   0.352757554257
-0.295559160102   -0.309945363796   0.903647418185
-0.609818183623   0.73092774435   -0.306377682428
0.405624040803   -0.0442674819029   -0.912967738294
-0.680875751715   -0.68101805129   -0.269487123429
0.599408320671   -0.682664770729   0.417945547314
0.534537654274   0.730038299152   0.425809324742
-0.595801280527   -0.0318260220579   0.802501053403
0.228576474999   -0.949335541418   -0.215673255128
-0.819515134981   -0.0680511184835   -0.569002782214
0.525497732359   0.306808168781   -0.793549732963
0.947326639272   -0.195215200268   0.253896316546
-0.11271327474   -0.945260227253   -0.30623782707
0.299779972094   0.2614897983   -0.917473596445
-0.993708261894   0.0818591906395   0.0765751839693
-0.108421880129   -0.528541495458   -0.841964682841
-0.0284496362243   -0.844960889124   0.534075438435
-0.985925814134   0.0759788809127   -0.148950968709
0.0650576112575   0.994915792335   0.076877149701
0.154034699473   0.0661044520734   -0.985856178589
-0.890047816975   -0.221187730185   -0.398614081649
-0.454987813584   0.376650914301   0.806920653848
-0.0283423281295   0.899561471014   -0.435875705556
0.894895443104   0.0354324775447   -0.444867043017
-0.443606770534   0.179486925951   -0.878064622099
0.0487358139764   0.983122061079   0.176340118816
0.192753688829   0.685385108075   0.702205994226
-0.376377135434   0.7125311038   -0.592148354902
-0.906193277739   -0.15015550579   0.395306285571
-0.443063351434   0.803312038155   0.397983872123
0.86465588686   0.265649341   0.426384739607
0.236794405408   0.533032380074   -0.812288795776
-0.839484885943   0.520737099479   0.155236094602
-0.483756464889   -0.846330242004   0.222946295392
0.247477381833   0.112063558649   0.962391141545
-0.0170783666304   0.599280735061   -0.800356786545
0.516830106781   0.690530472536   0.506018106593
0.85591765136   -0.405006523477   -0.321519459011
0.732811842284   -0.680284087645   0.0141550581578
0.666756863607   0.713779630269   -0.214368668743
0.135728001562   0.166529881409   0.97665024873
-0.217374662043   -0.918768896304   0.329564255127
-0.96233482524   0.258206236002   0.0850976247376
-0.163280639401   -0.29865303747   -0.940290803409
0.116184556312   0.922105453733   0.369092804047
0.869553588155   -0.274022408347   0.410850463882
0.47998387799   0.273208855167   -0.833658528093
0.916921180374   -0.0121273252611   -0.398884380302
-0.0576616007332   -0.993078589981   -0.102355148881
-0.394880944928   0.116851892084   -0.911274343716
0.816200526908   0.127884984891   0.563437786846
-0.566459520777   -0.0148801553096   0.82395524315
0.113755528776   -0.991677398166   0.0602964702191
0.209860241441   -0.660406780668   -0.720986524861
0.976258801988   0.101079457071   0.191576881784
-0.053641742359   -0.744073809606   0.665940486709
-0.505535029405   0.343108970742   -0.791650644843
-0.845864813705   -0.0161569527297   0.533152687409
0.170138843949   0.93915669904   0.298391605264
-0.299452554578   0.863733914929   0.4053295495
-0.17640599863   -0.467621345251   0.866147431282
0.937661582419   0.187867435364   0.292398129821
0.160762903252   0.747326818225   -0.64471870743
0.642487850902   -0.575108702185   -0.506426110123
-0.749245584834   -0.332807257031   -0.57260670042
-0.22277240538   0.426359549304   -0.876692658748
-0.909659191827   -0.414294679209   0.0296665744631
-0.35056046256   0.804100420117   0.480135281217
0.949076736141   0.185965150239   0.254303581915
-0.0135383134535   0.830526231847   -0.556814953246
-0.314753972091   0.525017276845   0.7907507799
-0.0845917702948   -0.845879732969   -0.526622960987
-0.0277425119304   0.530311829465   -0.847348647828
0.996029426632   -0.0570688645199   -0.0683268525035
0.923378289858   -0.104843873942   0.369297030493
-0.105802815819   0.85522333588   0.507344864437
-0.369023439363   -0.507543898991   0.778601884247
-0.961692951155   -0.265715654537   -0.0674133839786
0.260824654654   -0.962597795197   0.0733395606876
-0.0843793394744   0.0529469788671   0.995026005368
0.205927672432   -0.160624967142   0.965294737365
0.24365524836   -0.946953640722   -0.209552352003
0.947748083617   0.278351734706   -0.155867358229
-0.338514724997   -0.242814357593   0.909092499456
0.837533001587   -0.518114411498   0.173482445985
0.428889794788   0.820121256619   0.378754225041
0.639995716474   0.491428161908   -0.590680882256
0.191489632178   -0.846489899593   -0.496776487801
-0.744135245603   0.204825583723   -0.635853355363
-0.327648902323   0.0863895516315   0.940841690483
0.812596144847   0.533801711689   0.233972762432
-0.482010110435   0.841185231414   -0.245099370674
0.764419731035   -0.262072375406   -0.589050552816
0.503514000785   -0.327951804132   0.799325537849
-0.402661315174   -0.907615411115   -0.118735728091
-0.990563183168   -0.0954112518685   0.100733603463
-0.0696038413899   -0.286569359154   -0.955685351055
0.12002446048   -0.953454706829   0.276925117811
0.744171524948   0.612324644255   0.266959374284
0.247952837872   -0.62430708969   0.740783555885
0.620264594888   -0.485076711992   -0.616419210778
-0.493352706596   0.397017483375   0.773938173775
-0.86070513282   -0.0942829017106   -0.500297373139
-0.125657682891   -0.912955587708   0.388229662848
0.386603077981   0.874177029198   -0.293858115956
-0.460795978242   -0.0929132166186   -0.882629151734
-0.798877423092   0.476635788289   0.366896714528
0.717457917307   0.674351694628   0.174654376769
0.591759088083   -0.722290695508   0.357936710909
0.36752624538   -0.153451292917   -0.917266956425
0.622639967844   -0.775442653515   0.104920701373
-0.738385969021   -0.537839158807   0.406836555087
-0.259047916841   -0.330784692681   -0.907456133652
0.473536828736   -0.840096932472   0.264575362088
-0.809518319191   -0.296765279733   0.506567588363
-0.347049087403   -0.454057017054   -0.820603146441
0.648818036371   -0.69532347849   -0.309128485839
0.0274135823702   -0.384621429841   0.922667258658
-0.760449640671   -0.60711748036   -0.230488016869
-0.16159552794   -0.565073613851   -0.809060400506
0.352419282468   0.732733058216   -0.582153693525
0.921784991244   -0.379201904623   0.080736444391
0.888986026806   0.451129211915   0.0786529759508
0.32028479768   -0.489770642144   -0.810889962856
-0.327294217553   0.746061202344   -0.579889086732
-0.227037401458   0.79292987467   0.565434595901
0.626040445577   0.563571082814   -0.538944350483
-0.746007660073   0.231624407766   -0.624357887027
0.108193381104   -0.0748124796048   0.991310883633
0.881674110602   -0.453468370243   -0.130449882701
0.45928742396   0.888126962826   0.0168979633316
0.0661837151495   -0.679888969822   -0.730322345053
0.968362027245   0.220263970846   -0.117297854384
0.24061322316   -0.699453208705   0.672956531858
0.148178252416   -0.51435108629   -0.844681101504
0.982604844897   -0.0201065675942   0.184617014284
-0.111941600802   -0.857343970184   0.502424515178
-0.404566360663   0.347462427425   0.845929076655
0.522198390769   0.847148957151   -0.0982216571479
-0.750756273287   0.402005615363   -0.524172291951
-0.114516000643   -0.993179335016   0.0219723221614
-0.965036525148   0.116464444631   0.234823413772
-0.235780575056   0.00568674097   -0.971791398981
0.464659503521   0.185685204843   -0.865801691146
-0.229538304231   0.969602109645   0.0847579900571
0.855221451192   0.159351042325   0.493156700936
-0.810001530723   -0.369231435769   -0.455593764838
-0.380094322674   -0.261057984157   0.887342686219
-0.44657120103   0.891917531925   0.0711145874857
-0.697611171728   -0.1436753018   -0.701928144969
-0.331190396676   -0.804080006496   0.49373653607
-0.6353413525   0.576905757948   0.513345045884
0.0602633590828   -0.32423362667   -0.94405556607
0.673114622289   -0.685179371546   0.27829118916
-0.737078735111   -0.652228361879   0.176955156901
-0.900343265457   0.421168440372   0.109546970005
-0.435041433781   -0.864671128567   -0.251165590182
-0.0110609537115   -0.273792526617   0.96172518718
0.489213280156   -0.866432432975   0.0998260877774
-0.541060929145   -0.211726012735   0.813895120133
-0.684049325462   -0.452180312168   -0.572371920612
-0.587289265702   -0.192097372574   -0.78625544657
-0.432731635136   -0.746413286995   0.505587795769
-0.683990028994   0.637161115204   0.355227371061
-0.344630143095   -0.887946136331   -0.304600860293
0.935938112403   -0.350055478824   -0.0384833988105
-0.0724560202313   -0.298350098387   0.951702339238
0.646762637836   0.356097336587   -0.674457400634
-0.548439804736   -0.397385808982   -0.735729795119
-0.530011206463   0.845741826872   -0.0617163482045
0.761880801255   -0.58357465679   0.281032035812
-0.520803992098   -0.809898460711   -0.269876478627
0.385099450811   0.0592514291265   -0.92097429667
-0.691353957093   -0.345962617429   -0.634304542735
-0.625606987508   -0.152553246884   0.765078577674
-0.361453015998   0.92576411692   -0.11096971271
-0.897010210801   0.192840154483   0.397801863816
0.0958981692931   -0.793568506691   0.600924461318
0.431552070048   0.577164917422   0.693291660097
0.56384733757   0.150293278326   0.812088777958
-0.381118220459   -0.824991743297   0.417298251227
0.732683529793   -0.544794327184   -0.407889962481
-0.445051896887   -0.467022280339   0.764080755913
0.401345898268   -0.866772625868   -0.296018927361
0.800531499588   0.174916909073   0.573195875822
0.810348188265   0.130056510344   0.571332756716
0.170530701652   0.880502182368   -0.442306666548
-0.560584600729   0.455852181738   0.691334720281
-0.621582881848   0.531708388877   -0.575257533781
-0.0293149712408   -0.749631672517   -0.661205968869
-0.78279989361   -0.394130549443   0.481544949994
-0.589615605723   -0.383501056716   0.71083100002
-0.513320569083   0.857407806234   0.036795068817
-0.623583005259   -0.343189194514   -0.70240000683
0.566547682271   0.485628835422   -0.665723966199
0.0388045418381   -0.822715939827   -0.567126849438
-0.8231147991   0.29547130153   -0.484952450036
0.927858374795   0.355204559481   0.113617349535
0.337881065524   -0.929639223504   0.147025590422
0.157846655816   -0.0980298913699   -0.982590479973
0.683067489384   0.730332694293   -0.00574271159607
0.303652576448   -0.276832357756   0.911679237238
0.664239366423   -0.624482245096   -0.410862593114
0.203491820077   -0.161730098042   -0.965626468791
0.796665949312   0.600663345422   0.0672824051667
0.569134840833   -0.782973136337   0.251074933139
-0.315654252765   0.281190473963   -0.906252931348
-0.251597206663   0.896093397205   0.36567126529
0.914910544165   0.343436378405   -0.212108959078
-0.165746195778   0.0731935664959   -0.983453586583
-0.0496075399273   -0.996606805142   -0.0658117928346
-0.984925046449   0.0378787792484   0.1688046843
0.554306297779   -0.831922668123   -0.0254795385344
0.286691796875   0.162102877506   0.944208917
-0.781378491019   -0.53068572583   0.328360047468
0.170813820904   0.878483136315   -0.446195049117
0.393065204043   0.354500918614   0.848427278694
0.903505610396   -0.32030685455   -0.284747497267
-0.466333857666   -0.633871430528   0.617041321391
0.201757108796   -0.755357958239   -0.623481132602
0.861293824309   -0.166257821536   0.48013682785
0.167732412714   0.447609108736   -0.878357528
0.813697648098   0.440153077075   0.379685951839
0.556562663765   -0.778403089871   -0.2903905429
0.259682672417   0.522281668111   -0.812272613027
0.37164413087   0.722295037256   0.583241399466
0.89131676676   -0.453334037126   -0.00653541129171
0.28123806868   0.249710478092   -0.926579742885
0.768639765883   -0.636698552147   0.0617114731133
-0.574541776634   -0.729561561996   -0.371001407461
0.948581699337   0.299866551875   -0.101355042292
0.234912345527   -0.881532356784   -0.409534043103
-0.212153207495   0.364666962595   -0.906647824722
0.754485101497   0.561033311266   0.34057872457
-0.0361707257444   -0.482591135236   0.875098594125
0.655319710202   -0.672567836348   -0.34381484929
0.606329081336   0.0466116928928   0.793846706779
0.334680318969   -0.920520315147   -0.201574806504
0.721355895431   0.387905489273   -0.573738440101
-0.736616311165   0.522959407662   -0.428847160163
-0.210022750999   0.425866024512   0.880073053455
0.642873916803   0.738343817805   -0.203866492533
-0.760495816159   -0.454133705131   -0.464122101389
0.400074227818   -0.890675725669   0.215958431915
-0.511456116758   -0.0214478423892   0.859041722743
0.034597433011   -0.983171164162   -0.17938086293
0.928626716965   -0.0347172048554   0.369387535869
-0.369398771742   -0.179357723773   0.911797869966
-0.632831181523   0.558276347212   0.53651865748
-0.625222452589   0.0403115296428   -0.779404835171
-0.456751173462   -0.82867516703   0.323536482417
0.989625276214   -0.14157892558   0.0244380986211
0.00316248923335   -0.148588584452   -0.9888940531
0.143637778786   0.978711835744   -0.146599277194
-0.472129225852   -0.881044292036   0.0294409043416
-0.851177656237   0.446918702127   -0.275253902758
0.229352150418   -0.155013125027   -0.960928854396
0.108927489934   -0.982007142062   -0.154262078297
-0.0626575983118   0.148094068264   -0.986986416133
0.992073001969   0.117175651042   -0.0453986993671
0.344460514929   -0.280767684019   0.895832844544
-0.853892033136   0.302859711499   0.42325455287
-0.390147886705   -0.910739001245   -0.135422080365
0.36654137464   0.263196935231   -0.892398343335
0.440586586768   0.795692359031   0.415640628808
0.819469883194   -0.545528226621   0.175693131631
-0.425897141554   0.224919153204   0.87636921304
-0.897394584665   -0.228448801599   -0.377483910827
0.115302135523   -0.947218305377   0.29913692288
-0.769787140687   0.628041385265   0.113982146017
-0.623678447155   -0.778066567048   0.0750850564229
0.135842209093   -0.0132886996133   0.990641360686
-0.583572637819   -0.756002483758   -0.296485275637
0.778372945396   -0.624818227134   0.0611395649339
-0.23147101761   -0.195096727488   0.95307840378
0.0318471791677   -0.743046932953   0.66848114742
0.861597961647   -0.318581040846   -0.395164669823
0.506591296327   0.588546870876   0.630061783825
0.989545745422   0.141349196127   0.0286290568864
-0.058693539658   0.213377485883   0.975205183064
0.131735669226   -0.966690480674   0.219443067635
-0.7671922111   0.104124873527   -0.632909540753
0.0314298305892   0.991652951712   0.125046354735
0.640647049328   0.0760423289779   -0.764061048988
0.744696548221   -0.550108572978   -0.3778991303
-0.419832101601   -0.826284910376   0.375493383605
-0.518814226106   -0.120974512201   -0.846284825117
0.0888159748687   0.927729292328   -0.362533055361
0.886381729061   0.0924125199021   0.45363806001
0.454355902855   -0.361632989728   -0.81411458653
-0.415345349254   0.847767178534   -0.329819430341
0.90615195465   0.417420504368   -0.0681872458278
0.0798666433196   -0.327187524837   -0.941579587014
-0.961376243757   0.262894336427   -0.081567384683
0.179243702734   0.373019786931   -0.91034687602
-0.208897978448   -0.889801274175   -0.405737817799
0.598268086442   0.728840580199   -0.33296653282
-0.799663791444   0.516553462782   -0.306121460625
-0.05111872431   0.449403979353   0.891864867083
-0.643657803029   0.168563949489   -0.746519262826
-0.360866708136   0.793347064786   0.490281222021
0.674892609084   0.58496722356   -0.449814933399
-0.793875632097   0.473701469632   -0.381431996612
0.434916876289   0.00371393047688   -0.900500559219
-0.425124406605   -0.880716108688   -0.209022914948
-0.973982271242   -0.148883817452   0.170860550957
0.185386287314   -0.089776358844   0.978556479379
-0.130351998252   0.984771276876   0.115040946809
-0.572810053457   0.519688884065   0.633886682374
0.69445834522   0.718503038042   0.0384841576703
-0.435449731963   0.462251973946   -0.772468051802
0.934114613633   0.356968287387   -0.00187934757318
-0.345121111712   0.901742553941   -0.260291734357
-0.0912212058587   0.243790915589   0.965528188035
0.997496036962   -0.0705447438474   -0.0050095286688
0.0222626254593   0.380444625009   -0.924535703434
0.0671269824261   0.922109174953   0.38106251693
-0.851810417547   -0.409197725161   0.32707903736
-0.511898375853   0.517551640969   -0.685639492961
0.111281300119   -0.751464359256   -0.650324354364
-0.34422425896   -0.795886402868   0.498071682446
-0.462722664617   -0.317782235898   -0.827588711816
0.816944491856   -0.515344713765   -0.258886796078
0.437248671235   0.307666062215   -0.845077028272
0.317484765151   0.826357701052   0.465119738066
0.841437468531   -0.471672069347   0.263644519243
0.155482644395   -0.411802136333   0.897911020814
-0.961824917228   -0.27033466518   0.0425685079593
0.225206637083   -0.870251831244   -0.438113925741
0.0337761585452   -0.600605471114   -0.798831814265
0.998370187302   0.0570659051874   -0.000692234962853
0.0460018317046   -0.797506475303   0.601554041628
-0.995982154851   0.0126341250504   -0.0888217225303
0.0887651904265   -0.00497556166224   -0.996047576013
-0.0130253782128   -0.999915202203   0.00381934925339
-0.562196207461   -0.137095502037   0.815561361087
0.336030849796   0.863218676544   0.376744995968
-0.75565784477   0.48585836138   -0.439229955264
-0.832995920381   0.545001092156   0.0953518856711
0.00377665276069   -0.166734661986   0.98599468998
0.553266580815   0.821689479866   0.13683079425
-0.929037086148   -0.0129207635842   0.369761663416
0.27006154949   0.65943293544   0.701580400745
-0.252897990009   0.751652415077   -0.609148344082
-0.577480506865   0.169229063589   -0.798673820469
0.526455867488   -0.670523197707   -0.522728483129
-0.623989236329   -0.722331206251   0.298120761351
0.301473293443   -0.104287781773   0.947754170248
0.719654030146   -0.62716606328   -0.297927734191
0.625469412157   0.771872344678   -0.114022744153
-0.248796938597   -0.810082423047   -0.530911071476
-0.217934044556   0.580912854336   -0.78424805565
0.943718628708   -0.0794149131906   -0.321073880656
0.947838547191   -0.117731409219   0.296211756219
-0.234146693793   0.373382286163   0.897641912756
-0.216280870686   -0.920176609697   0.326339703401
0.999999268428   0.000170036455886   0.00119759373679
-0.000169008151359   0.999999617043   -0.000858691085918
-0.00119773928695   0.000858488054623   0.999998914209
0.897122534984   -0.403618120034   -0.179620744164
-0.276110522826   -0.829650070326   0.485226210175
-0.344868348415   -0.385712210121   -0.855740999809
0.865883202725   -0.500245974919   0.000491427564824
0.50024588261   0.865883341997   0.000304416466957
-0.000577802055219   -1.7754486993e-05   0.999999832915
