-0.178855757646   -0.858208462404   0.481132934944
0.698700145079   0.233501424345   0.676236070728
-0.692696739777   0.457116343116   0.557867272376
0.789356162479   0.218902934314   -0.573583778896
0.267241019727   0.718603730637   0.642020959232
0.552719715081   -0.660068314697   0.508734439776
0.954109493316   -0.156055285219   0.255581342757
0.0484723238313   0.922706682422   0.382443214236
-0.295508897722   -0.352504079761   0.88792756756
-0.599136678242   0.756342094146   -0.262642544894
0.267508875333   -0.120081931482   -0.956043299911
-0.754634660868   -0.643060204265   -0.130382350401
0.540923599773   -0.73903904308   0.401525786838
0.571664472927   0.673229381195   0.469000996366
-0.616929003278   -0.0241556826089   0.786648021965
0.229034362692   -0.951342268429   -0.206133714648
-0.792233450851   -0.0591312705277   -0.607346356123
0.565605321197   0.302409201653   -0.767228259459
0.947140761592   -0.191418490809   0.257455477798
-0.0977568844976   -0.93653096191   -0.336679017127
0.305561701143   0.29371436876   -0.905739111108
-0.9951326459   0.0797894536776   0.0578805335663
-0.0930241332131   -0.565951859794   -0.819175998663
-0.0326040445961   -0.820570806955   0.570615202988
-0.990369413368   0.0164835527844   -0.137459367413
0.0102436682514   0.998889888392   0.0459788779253
0.138064667684   0.0441280233199   -0.989438843991
-0.861695047072   -0.263078078006   -0.43390194092
-0.503835632775   0.342050558783   0.793190286965
-0.0602546646076   0.902103708596   -0.427291183816
0.884456803656   0.0238539185266   -0.466011969543
-0.459974652167   0.212542382288   -0.862118944017
0.078482383692   0.976860657843   0.198956752757
0.225714873361   0.660861442398   0.715761790483
-0.35011415689   0.740662932576   -0.573444412631
-0.909105529578   -0.12116340695   0.398555589318
-0.485465192151   0.770657641385   0.412804636845
0.832752389406   0.263871317271   0.486717637218
0.266165975222   0.580049480832   -0.769866924714
-0.826216376327   0.559489240611   0.0658634738824
-0.546099553144   -0.824132857101   0.150266497596
0.138352757861   0.0881846465307   0.98644917778
0.00124326925853   0.523397871062   -0.852087548571
0.48520065169   0.744752404365   0.458174858611
0.874401995344   -0.414003070075   -0.253027060396
0.692192256584   -0.711518417257   0.120877713302
0.717458416564   0.660231715748   -0.222142975893
0.0782515186461   0.240490380559   0.967492158449
-0.156384414595   -0.932579163506   0.325330757967
-0.954689387276   0.227163135301   0.192263203784
-0.253203815349   -0.280522850231   -0.925848204247
0.0532425826977   0.923410526709   0.380110787212
0.863902739482   -0.233516072694   0.446262363392
0.500842558204   0.304616216617   -0.810171052123
0.939304407403   0.035323503813   -0.341261617204
-0.0114651830735   -0.990898442259   -0.134123784843
-0.342893264552   0.129895689544   -0.930350294717
0.815981742561   0.147905864282   0.558835985525
-0.563379130797   -0.0131431364436   0.826093974552
0.129528986676   -0.988914129295   0.0726025123101
0.16905787411   -0.694592108698   -0.699257614599
0.984623143701   0.0873442850785   0.151288505901
-0.0440076576034   -0.714081752788   0.698677727512
-0.464764586766   0.383287389035   -0.798175816063
-0.83881558085   0.0980513949101   0.535513147504
0.283517684218   0.918409868867   0.275936630696
-0.24218077558   0.893293864314   0.378648355982
-0.174038328941   -0.423933196836   0.888814571866
0.954494193575   0.149354461202   0.258135815801
0.143333563206   0.741805838515   -0.655119696337
0.625428246428   -0.580915256622   -0.520942498277
-0.767005363184   -0.335060704778   -0.547212136732
-0.132721912326   0.43222844393   -0.891943637387
-0.916408123662   -0.3963496356   -0.0557054756998
-0.377599034564   0.80999106254   0.448701951079
0.948035802571   0.150027963241   0.280570359488
0.0268886302608   0.840907834787   -0.540509956352
-0.317025421599   0.519966942795   0.793176687635
-0.101653619252   -0.856706704797   -0.50568782167
-0.010526932629   0.509218868951   -0.860572676392
0.994764160351   -0.0821569815597   -0.0607824370377
0.910490693952   -0.18589502742   0.369391033439
-0.0336128564691   0.857039490212   0.514153176612
-0.412161221714   -0.480547970468   0.774078017292
-0.956999931324   -0.250656458205   -0.146022289355
0.236685497099   -0.965726951203   0.106543272585
-0.167723416646   0.0674005447336   0.983527336882
0.177689519536   -0.118275253291   0.976953304403
0.29769341815   -0.939777909603   -0.167919499588
0.93797943651   0.320670070338   -0.131779277539
-0.34107530668   -0.249550373889   0.906306955314
0.86238087561   -0.466771519578   0.196019463003
0.374121520019   0.848439164222   0.374411667487
0.616792061172   0.523251204778   -0.588027002386
0.195663332035   -0.825529163185   -0.529355818892
-0.762419464162   0.211447154617   -0.611560928253
-0.346269326086   0.114308240899   0.931145070944
0.80121346105   0.55235016204   0.230144033408
-0.488010765161   0.825737798786   -0.282847212719
0.72824393348   -0.331712865651   -0.599689378546
0.491887307346   -0.356299589022   0.794416448002
-0.477187230395   -0.873508552188   -0.0963076684814
-0.991095356629   -0.00047619039171   0.133136493787
-0.128529300659   -0.257389817566   -0.957720155345
0.034724222198   -0.966306085216   0.255039440794
0.716351330387   0.6280214213   0.304022880531
0.287358316051   -0.662601689551   0.69165343135
0.635819169021   -0.408103375739   -0.655122803525
-0.521892558284   0.389958420186   0.758657104238
-0.840271583409   -0.0818857667087   -0.535946263209
-0.146873542205   -0.917184366122   0.370406542597
0.37782265875   0.866021298862   -0.327501368587
-0.440496361756   -0.14299060977   -0.886293764547
-0.8143788994   0.479125027224   0.327454140772
0.727006704949   0.660742621016   0.18676312647
0.559591810297   -0.727778944025   0.396478217544
0.397892300106   -0.183731216488   -0.898846336255
0.599856585543   -0.799568476008   0.0293687216293
-0.748336436079   -0.547675919312   0.37422508169
-0.283133975481   -0.246459094993   -0.926873235728
0.486882232787   -0.843508189577   0.226803045786
-0.797563916105   -0.323452429554   0.509185934011
-0.356142509662   -0.428803509529   -0.830234936024
0.620664486345   -0.707816768937   -0.337299530882
0.0401063630948   -0.400964048528   0.915215357658
-0.783049826998   -0.581569508198   -0.220476156808
-0.186629393177   -0.565793114205   -0.803148559259
0.33186281989   0.733150322376   -0.593597229263
0.924681850745   -0.377317841788   0.050938301405
0.890884981675   0.444142135736   0.0951929834125
0.325670006629   -0.478464737314   -0.815481713716
-0.316643312907   0.757501908834   -0.570900820366
-0.233635743639   0.80397576953   0.546842941027
0.635532745372   0.551911604767   -0.539899688895
-0.735875240583   0.221396717493   -0.639899204544
0.103990028069   -0.0477512219442   0.9934313682
0.874457239966   -0.471469288874   -0.114198188108
0.473825493185   0.880588730055   -0.00727169407793
-0.0208142892218   -0.72917399645   -0.684011748435
0.967002294063   0.159074037241   -0.199002596724
0.2539160341   -0.665583017457   0.701801896144
0.0774523516772   -0.508746749373   -0.857425163234
0.992935234098   -0.0381804806244   0.112347265936
-0.089893194581   -0.860069202029   0.502195379043
-0.383213088693   0.330860141533   0.862368387576
0.567167106884   0.821187603737   -0.0630268565372
-0.729019301538   0.464954275732   -0.502342825997
-0.0893039771126   -0.995943012533   -0.0110718161676
-0.954779925642   0.0824371131197   0.285656512463
-0.283584842539   0.0360813706454   -0.958268363529
0.455882919539   0.0845970782447   -0.886010214742
-0.230662922282   0.972691333424   -0.0258105849874
0.85963095719   0.216136309688   0.462946774094
-0.803966786371   -0.407542846103   -0.433041877011
-0.339208296438   -0.283811327513   0.896868964836
-0.488420075634   0.867954513236   0.0899456223575
-0.714128269977   -0.123916808425   -0.68896539031
-0.315941695033   -0.821213244901   0.475182084949
-0.62466753541   0.55701148382   0.547294030391
0.0693488853008   -0.257817202843   -0.963701719936
0.684412217104   -0.690528845056   0.233986752427
-0.725789661106   -0.675795955264   0.128565853731
-0.896820719474   0.427543438887   0.113663077509
-0.441982142712   -0.854820257252   -0.271908443267
-0.0190911719892   -0.294090162809   0.955586995204
0.489273153066   -0.868686132228   0.0774349940054
-0.550167970455   -0.238537630739   0.800259324139
-0.676703021205   -0.434147653753   -0.594633343977
-0.58285649911   -0.165682775778   -0.795507360478
-0.458665070934   -0.741042359678   0.49039520699
-0.670752633591   0.650699872556   0.355924693706
-0.347252841529   -0.894238387173   -0.282406071529
0.937167371685   -0.341727633727   -0.0702820033952
-0.0336570910661   -0.289067378752   0.956716912859
0.645458515668   0.365020602802   -0.670927164317
-0.543993562599   -0.396905530906   -0.739281398786
-0.536147651435   0.842155533301   -0.0576171925276
0.749147394692   -0.571042148805   0.335691346934
-0.503136424756   -0.82016688119   -0.272355241073
0.43084980469   0.0351355026239   -0.901737864266
-0.694220389708   -0.412264391463   -0.589996316388
-0.612038030903   -0.0932450287028   0.785311728495
-0.378770419314   0.906279831904   -0.1875886649
-0.899785451974   0.213072169391   0.380782497092
0.0722460707702   -0.787879405503   0.611583960969
0.430320304795   0.577801598031   0.693520863018
0.576525373444   0.174707399528   0.798182817742
-0.351081667621   -0.829131179664   0.4350667948
0.737807663724   -0.531054401947   -0.416678590132
-0.452504333014   -0.463903489106   0.76159914341
0.429553893811   -0.861817653268   -0.269728795497
0.78148778286   0.205094426067   0.589247898563
0.761498502265   0.128586150215   0.635283900193
0.206797860072   0.88070201714   -0.426143875336
-0.61429201276   0.455883273865   0.644061926292
-0.64115487176   0.521399911804   -0.563083896287
-0.053276128756   -0.762215908972   -0.645127538823
-0.765560576566   -0.383627448462   0.516475801034
-0.597828104482   -0.352383134968   0.720019152337
-0.521072475321   0.853380743746   -0.0149924023463
-0.609167406387   -0.384145054446   -0.693792143187
0.5748303776   0.540844628597   -0.614049738247
0.092276113117   -0.788480638846   -0.608098032748
-0.813052957851   0.29289108249   -0.503149627
0.9053523149   0.418668382054   0.0710936195979
0.403037570601   -0.899869101307   0.166742198817
0.133784279955   -0.122307113655   -0.983437680937
0.669135004541   0.740818589206   -0.0587039985485
0.314016997094   -0.21026631502   0.925840908127
0.673536685782   -0.637946611805   -0.37332617938
0.229580817346   -0.18289860373   -0.955950184079
0.78313075716   0.617921473982   0.0698517848732
0.577926354198   -0.764670618903   0.285096437547
-0.254275974622   0.242973354362   -0.936113063375
-0.346877712108   0.880614583931   0.322790654175
0.90278434368   0.406794668906   -0.139637089363
-0.177038428541   0.0914786204504   -0.980001425458
0.0698539659189   -0.992089732466   -0.105218256821
-0.981779789639   -0.0870753703609   0.169134889736
0.558460314048   -0.821825195325   -0.112807068809
0.369254510629   0.124508626456   0.92094990406
-0.74281437306   -0.555968495274   0.37299578007
0.198089117682   0.896510074183   -0.396270620735
0.314164201065   0.324882533776   0.89204944253
0.928472709743   -0.301199336052   -0.217295679411
-0.482119622968   -0.605100056721   0.633572914543
0.15031454842   -0.769577167267   -0.620609842743
0.863114275875   -0.203972943629   0.461983551985
0.185251656487   0.47814472796   -0.858521695913
0.786870472446   0.451158753451   0.421058996854
0.588656727492   -0.753547236982   -0.292660064161
0.228943965258   0.535151902009   -0.81314027165
0.351044687797   0.733730134405   0.581728215433
0.907938481822   -0.418631737016   -0.0198791459518
0.268551682594   0.253988248916   -0.929177068025
0.771331919046   -0.634506024196   0.0494905166191
-0.576998375207   -0.729994664355   -0.366306945244
0.947536607302   0.311666986016   -0.0709792747766
0.265460183886   -0.890958652634   -0.368406300584
-0.178059704569   0.330236281118   -0.92695111278
0.733852841433   0.60162552854   0.315446887395
0.0159768838241   -0.479522260549   0.877384286737
0.679120574376   -0.63883109727   -0.361510880555
0.604811219903   0.0245125110537   0.795991616206
0.37768372179   -0.888798403087   -0.259601650011
0.701112346606   0.457643034685   -0.546813342198
-0.742694466812   0.535049149422   -0.402650135645
-0.199732473465   0.396927589125   0.895854540155
0.639149171224   0.745768614099   -0.18792916605
-0.78994464063   -0.388242205176   -0.474611900941
0.358203182426   -0.920398430726   0.156710827561
-0.497673534051   -0.0462146458907   0.866132400342
0.0227565860534   -0.969691633398   -0.243269864031
0.903913677518   -0.0839997165601   0.419385334625
-0.427109065958   -0.229438731299   0.874606030339
-0.620256326397   0.570506228265   0.53833519788
-0.640968011561   0.0269742287687   -0.767093495271
-0.452152794884   -0.820850209138   0.348945275384
0.997223125836   -0.0743409560522   0.00441131121014
-0.00571489962695   -0.13545178804   -0.990767480345
0.0742521200748   0.987991033583   -0.135500506628
-0.437505857638   -0.897971421621   0.0472885779313
-0.876944869898   0.414448032225   -0.243311794399
0.198888357656   -0.147919775843   -0.968794878182
0.109780005966   -0.987971497427   -0.108906713998
-0.0107974984755   0.108377115256   -0.99405121433
0.993897261345   0.110302869208   0.00123001883357
0.374608083673   -0.333083663073   0.865288432456
-0.853284809675   0.241252992001   0.462279184885
-0.362731073283   -0.911510989838   -0.193839911213
0.441810623953   0.216279952004   -0.870647089657
0.452113492562   0.784566386664   0.424321782005
0.774852735821   -0.581101167786   0.248846680357
-0.439574918179   0.184828108591   0.878983704638
-0.88675560947   -0.245058575955   -0.391931996053
0.142962483954   -0.951727256482   0.27161903932
-0.795203524869   0.598189413302   0.0991000535508
-0.586126268156   -0.800205679226   0.126991769767
0.155265555026   0.0428991564574   0.986940864538
-0.612136842902   -0.740694893602   -0.276874344901
0.74513547301   -0.657513591376   0.111574380132
-0.264691244915   -0.138010108438   0.954406491169
0.0365551264366   -0.731071242743   0.681321222962
0.836047461576   -0.351107468939   -0.421602009827
0.547438044728   0.585028589672   0.598375431063
0.992991153485   0.10310408642   0.0577764345897
-0.079755572775   0.223797761003   0.97136687355
0.0872216581   -0.969166704846   0.230452322382
-0.759147809237   0.102706485496   -0.642764152808
-0.0275116273449   0.981527980832   0.189330216387
0.650336442666   0.161413129309   -0.742299191536
0.714121420962   -0.586917993991   -0.381520509097
-0.375742939679   -0.781225117961   0.498502530324
-0.590633451316   -0.212637714876   -0.778419901115
0.0565570211084   0.904743043968   -0.422186455797
0.874552874156   0.159092118457   0.458090641276
0.481620856453   -0.395132622941   -0.782247853257
-0.368550172234   0.848291555308   -0.380225485879
0.920514622592   0.39009063019   -0.021949460534
0.129702785296   -0.358092706455   -0.924632734336
-0.971505542207   0.230953221377   -0.0533994546571
0.148460765537   0.417185459579   -0.896615751422
-0.184797979746   -0.878988631404   -0.439589410876
0.611343450966   0.718111095115   -0.332529143995
-0.78714931281   0.508481172054   -0.349059946644
-0.0815790161548   0.475145600927   0.876117297716
-0.641391746521   0.205654925027   -0.739136385661
-0.359491178474   0.770537901037   0.526343446908
0.677777719754   0.603305381475   -0.420285507399
-0.81350730727   0.454226933662   -0.36307474601
0.409823112432   0.00492232090182   -0.912133543009
-0.412541385767   -0.890853790755   -0.190130051055
-0.97407279251   -0.128415830388   0.186262026736
0.198201753245   -0.0873971920203   0.976257590371
-0.109088189593   0.987862435895   0.110582384067
-0.604444754673   0.495954108826   0.623438732756
0.655479413859   0.754383505326   0.0353869073555
-0.452761603462   0.430040715681   -0.78107085691
0.929245695698   0.369171704368   -0.0146523097139
-0.364008729144   0.908019936474   -0.207358242351
-0.0632462061551   0.198020322841   0.978155340062
0.998240435026   -0.048896742208   -0.0335431433203
-0.0119666644987   0.387923867   -0.921613729746
0.0580760949371   0.920393490045   0.386656158845
-0.841755040939   -0.401049816736   0.361399914944
-0.53253393782   0.506905815111   -0.677830910349
0.0886479503152   -0.763024365569   -0.640263616439
-0.344150747172   -0.759763927567   0.551650325575
-0.402956546652   -0.411161166031   -0.81766222459
0.848047951975   -0.503690645515   -0.164649860431
0.402687656938   0.261492642722   -0.87719111476
0.372448059878   0.828596183515   0.41798422008
0.836137008333   -0.495025214858   0.236273028221
0.195206887388   -0.402133798061   0.894529306131
-0.94626722282   -0.31699053927   0.0639948509983
0.257822834688   -0.858955997939   -0.442404768776
0.051981178195   -0.60211325274   -0.796716742882
0.998401218791   0.049070085793   0.0280555401879
0.0222023383593   -0.796901335107   0.603701341793
-0.998414796103   0.0549327737949   -0.0125173233873
0.0121588518209   -0.00685663238875   -0.999904181636
-0.0550132288089   -0.99846812693   0.0061746238618
-0.621222449856   -0.134828499603   0.77194796807
0.32571982677   0.85153288079   0.410850729482
-0.712733459409   0.506668533819   -0.485075002394
-0.811359711987   0.57840702096   0.0845061947544
-0.0187684039584   -0.170269575703   0.985218950845
0.584246288701   0.797780641652   0.149005320533
-0.940641848158   -0.012897504738   0.339157266231
0.247082438076   0.659067656588   0.710338147054
-0.232689204005   0.751973183523   -0.616760057206
-0.590523342563   0.186395238357   -0.785198675698
0.508983190375   -0.669025109149   -0.541608140663
-0.626271711892   -0.719485984043   0.300204539524
0.296818226038   -0.0923416254469   0.950458842472
0.750136664753   -0.593367237861   -0.291908222242
0.590926367001   0.799617690043   -0.106853411195
-0.211269228603   -0.827338644725   -0.520457522006
-0.249630325895   0.560489740803   -0.789642915191
0.945013209252   -0.0369052850327   -0.324943044262
0.95453765202   -0.160457564562   0.251219507916
-0.178432179659   0.367543090721   0.912728896224
-0.238788250224   -0.916059741891   0.322202925845
0.995695983218   -0.0471211817967   0.0798066618678
0.0574693086637   0.989478279016   -0.132778063077
-0.07271029923   0.136793017727   0.987927569624
0.892139918163   -0.382033354799   -0.241115968735
-0.185919276635   -0.796920981886   0.57476207248
-0.411728572161   -0.467940095746   -0.781992400553
0.843628177265   -0.536581986248   0.0192683778679
0.536251730622   0.843823505606   0.0198990607276
-0.0269365876937   -0.00645470734547   0.999616304887
