-0.181338029952   -0.857920063964   0.480717857948
0.697621987828   0.232311431139   0.677757291071
-0.6931378342   0.458262531034   0.556377018321
0.789549668768   0.217712594368   -0.573770463143
0.269620014526   0.716827568138   0.643011105705
0.551286101665   -0.662389206242   0.507271296136
0.954579429713   -0.154672591102   0.254665470049
0.0471046137694   0.922298106767   0.383597910724
-0.294209563806   -0.354178756156   0.887692593483
-0.598396478345   0.75853986335   -0.257952577173
0.26145196748   -0.119458674508   -0.957795862992
-0.757340824902   -0.640583579381   -0.126838388991
0.536451090553   -0.743636612145   0.399029846179
0.575411196502   0.668174188268   0.471640975988
-0.617350940717   -0.0234060754714   0.786339603717
0.230211248714   -0.951654434829   -0.203363080564
-0.789593756824   -0.0605177479941   -0.610638352792
0.568809638676   0.301150021394   -0.765352263562
0.947135386153   -0.189444880115   0.258930849818
-0.0949122413266   -0.936377615397   -0.33791738987
0.306473839072   0.295477805137   -0.904857002382
-0.994845216665   0.0821525878002   0.0593302363038
-0.0956269675206   -0.567317660007   -0.817921303116
-0.0335351711631   -0.819384358726   0.572260160131
-0.990283810526   0.00952695297142   -0.138692621775
0.00350540933264   0.999043088254   0.0435960359998
0.138975243382   0.0426865249999   -0.989369586748
-0.864702921329   -0.278799927161   -0.417806084331
-0.497455692218   0.360264703869   0.789143854649
-0.0694921417792   0.890213901074   -0.45021324963
0.885005045216   0.0223915154374   -0.465042679781
-0.458731453281   0.212645638052   -0.862755651408
0.0795708976447   0.976872806615   0.198464153167
0.227828473476   0.658668919086   0.717111875722
-0.348534004212   0.742848082136   -0.571577444424
-0.909185478976   -0.119716256609   0.398810460231
-0.488194976971   0.768937825691   0.412784907883
0.830742597115   0.264507086183   0.489794179151
0.267438772982   0.582036271045   -0.767919073653
-0.824354216582   0.56280123983   0.0607843476244
-0.55021578278   -0.821865926364   0.147644297345
0.133050985903   0.0882667015627   0.987170919076
0.00164927721387   0.517655741834   -0.855587403421
0.485823553466   0.747418008769   0.453146546999
0.874055345412   -0.416411876759   -0.250256652476
0.687090948662   -0.715407472132   0.126878588562
0.722818929674   0.655314652042   -0.219306864438
0.0737483716655   0.242394007149   0.967370830078
-0.151983972411   -0.93318102219   0.32568963215
-0.954189752125   0.224454934247   0.197842581497
-0.257725578097   -0.280700819268   -0.924545320377
0.0493322342091   0.923769971464   0.379756872243
0.86348726425   -0.230531280957   0.448603342008
0.501952175684   0.305784652662   -0.809036211284
0.940044353098   0.0391899674048   -0.338793660457
-0.00728560184708   -0.990848210675   -0.13483131828
-0.340974952037   0.129215753058   -0.931156125583
0.816455064966   0.149406573885   0.557744383108
-0.562396102435   -0.0130665205616   0.826764693634
0.130811869394   -0.988689491375   0.0733574521163
0.164163554384   -0.696159561769   -0.69886492937
0.985442558631   0.0839969854114   0.147808888019
-0.0441960245286   -0.712956077396   0.69981450559
-0.461457360821   0.385047079792   -0.799247087069
-0.83913498951   0.10296024392   0.534089591493
0.287940322332   0.9171357417   0.275594683693
-0.238665727258   0.895075507886   0.37666757438
-0.174888960593   -0.421151633412   0.889969158115
0.955223784183   0.14653015429   0.257053320321
0.141644584172   0.742791747316   -0.654367083591
0.625920509561   -0.579321378069   -0.522119244385
-0.766915494483   -0.335626890707   -0.546985830845
-0.127169953225   0.432191847404   -0.892769857244
-0.916396380821   -0.395600378684   -0.0609755973303
-0.379533245162   0.810376799575   0.446367519474
0.948535091361   0.145902112235   0.281058277471
0.030079770942   0.842012732793   -0.538618389007
-0.315240208523   0.519352611664   0.794289922266
-0.10455593582   -0.858099623237   -0.502725604117
-0.00952173548629   0.506336811973   -0.862283214869
0.994473394812   -0.0853700339221   -0.0611111022976
0.909982701461   -0.191599999022   0.367723973849
-0.0286141414458   0.855706639948   0.516669501029
-0.413657722614   -0.480682413615   0.773195770508
-0.95740030767   -0.248572635162   -0.146959558031
0.234469619882   -0.966236798724   0.106823525509
-0.16855107238   0.0678152880875   0.983357325512
0.173638042721   -0.115453557594   0.978018697566
0.301618455427   -0.939145831313   -0.164414234623
0.937484082049   0.323537029163   -0.128248784398
-0.342659727906   -0.249141990358   0.905821445094
0.863027871436   -0.464421553806   0.19873453722
0.371169927226   0.84984751091   0.374155117275
0.615668736236   0.52586825652   -0.586868604898
0.196347300839   -0.823637237178   -0.532043486283
-0.763151308774   0.212332547262   -0.610340646073
-0.34834966067   0.115452814811   0.930227461413
0.799998689407   0.553815867968   0.230846422781
-0.488522854492   0.82459603535   -0.28528366427
0.72550291933   -0.335003270856   -0.601180766493
0.492081955918   -0.358193723434   0.793443484316
-0.481145356565   -0.871475772848   -0.0950215188932
-0.990758861519   0.00523873018535   0.135557966959
-0.132361352719   -0.256321319278   -0.957488367291
0.0297301026997   -0.966579565735   0.254641921884
0.712717399516   0.630873030586   0.306648194959
0.290207719965   -0.663193436849   0.689894103298
0.638602674176   -0.402707851639   -0.655753719206
-0.522362110509   0.38964588109   0.758494469348
-0.839925014343   -0.0815737413289   -0.536536725191
-0.147186082777   -0.917344959406   0.36988438819
0.377187497352   0.866295266421   -0.327508924654
-0.439759355514   -0.143692419552   -0.886546210894
-0.815071342638   0.478419257752   0.326762470499
0.726238782229   0.661371967833   0.187521472641
0.558436415236   -0.726660755793   0.400140736849
0.400906413862   -0.18587888345   -0.897063404051
0.59892140778   -0.800484261813   0.0227571518366
-0.748161814513   -0.549187633689   0.372352046965
-0.285564074552   -0.2400356102   -0.927811982746
0.489730330377   -0.842927298444   0.222795216255
-0.795704147714   -0.327651065675   0.509410954177
-0.356397317834   -0.426753067315   -0.831181411807
0.618919758888   -0.707315825575   -0.341529934416
0.0420302220652   -0.404371349815   0.913628712081
-0.784328906546   -0.579817459203   -0.220544807611
-0.188724939165   -0.567788781223   -0.801248308594
0.330798207226   0.731470501035   -0.596257884295
0.924638036316   -0.377580214532   0.0497767734221
0.89004116936   0.445228572255   0.0979705396222
0.327820266848   -0.475728512289   -0.816220643604
-0.316797381349   0.758586702263   -0.569372910099
-0.234846211081   0.804582837927   0.545429866257
0.635871056426   0.551569056059   -0.539851447214
-0.735197444019   0.220041001569   -0.641144842526
0.101831275206   -0.0452906768928   0.99377016476
0.874203486352   -0.472673595735   -0.111121227254
0.474761677297   0.880072961341   -0.00853968311656
0.0142095512598   -0.743561138353   -0.668516932426
0.970523844519   0.171124469116   -0.169705201264
0.240585790577   -0.646400202389   0.724075442491
0.072565345024   -0.509480489681   -0.857417006704
0.993496523907   -0.0387065397398   0.107081676586
-0.0877436592312   -0.859611225561   0.503358324617
-0.385120625184   0.329966768675   0.86186070317
0.570370391064   0.819280558739   -0.0587959324969
-0.725506414235   0.468936324303   -0.503725112193
-0.0864763549912   -0.996190926998   -0.0111715352587
-0.954221448868   0.0796004983405   0.288313399594
-0.286326025283   0.0355925108901   -0.957470295342
0.455268293979   0.078278976975   -0.886906524176
-0.229542334082   0.972773430377   -0.0319713940001
0.860256413941   0.218138155612   0.46084123915
-0.802835971871   -0.40905421415   -0.433770979834
-0.337894910962   -0.287277631231   0.896280500218
-0.491232778025   0.866121444031   0.0924024029837
-0.714542515031   -0.122117030572   -0.688854961736
-0.316926109742   -0.821317108518   0.474342783477
-0.623691885812   0.557252784755   0.548159659979
0.0697375550001   -0.252035214861   -0.965201967713
0.684848473112   -0.691425790972   0.230027800818
-0.725340717789   -0.677058690767   0.124387668104
-0.896379600182   0.42873019634   0.112665443873
-0.442812972682   -0.854271376042   -0.272280315415
-0.0204879164638   -0.293956319348   0.955599244041
0.49086363478   -0.867977360351   0.075287651632
-0.550413111313   -0.241962947577   0.799061592107
-0.675350527849   -0.433669601197   -0.596516936933
-0.580986561658   -0.163308530004   -0.797361553341
-0.461230157764   -0.741121482596   0.487858840812
-0.670613051087   0.651206442702   0.355258373127
-0.347871276128   -0.894244187368   -0.28162547452
0.937012261855   -0.341717484404   -0.0723683721257
-0.0315213526563   -0.289061400933   0.956791466723
0.645020157243   0.366681873487   -0.670442684581
-0.543863088204   -0.396037081857   -0.739842917901
-0.536807163646   0.841842625159   -0.0560271577617
0.748101258557   -0.56993207569   0.339885904133
-0.50162390108   -0.821013131775   -0.272606776311
0.434417380631   0.0334428127564   -0.900092677029
-0.693657192332   -0.416221483514   -0.587874661989
-0.611301167772   -0.0915074325298   0.786088732043
-0.380982708044   0.90464594678   -0.190960592184
-0.900181349646   0.215378460643   0.378497316574
0.0692345175713   -0.787291175307   0.612662435879
0.429947300886   0.577720345368   0.693815841641
0.576611394577   0.177591141925   0.79748398571
-0.348260316386   -0.829548231523   0.4365370277
0.739076500225   -0.529444247143   -0.41647903662
-0.454984717105   -0.46348473346   0.760375437053
0.429717690589   -0.862152938064   -0.268393392148
0.779956158908   0.204631885109   0.591434003687
0.758197002105   0.12727699156   0.63948250707
0.21027414973   0.880632678778   -0.424583170553
-0.617188862006   0.456384327273   0.64092999581
-0.643833214272   0.52083750486   -0.560541449651
-0.0554230432248   -0.762394399141   -0.644734573971
-0.763155757054   -0.384034735572   0.519721564448
-0.597322831003   -0.35160857364   0.720816775832
-0.521968632186   0.852804077451   -0.0165514486784
-0.608895853486   -0.386130307516   -0.692927991723
0.574632660257   0.54448726932   -0.611008194444
0.0959117875478   -0.786236831356   -0.610436704571
-0.812772003171   0.292174014633   -0.504020187777
0.903368510395   0.423427439145   0.0680800003646
0.408088183812   -0.89751793636   0.167129968825
0.131870075846   -0.12319738644   -0.983585194875
0.666441844921   0.742834871808   -0.0636524080782
0.316267615357   -0.204361149848   0.92639697029
0.675151887581   -0.637520905   -0.371129437368
0.229379724072   -0.186069372328   -0.955386379365
0.782883164255   0.61849565599   0.0675061192609
0.578341504927   -0.763440445414   0.287540941031
-0.249939735202   0.238046893267   -0.938543450643
-0.352722799988   0.880320060009   0.317211630677
0.901729870032   0.410329463815   -0.136062396285
-0.178703171806   0.0909035088882   -0.979694710665
0.0766797097788   -0.991407607163   -0.105977236191
-0.98091049344   -0.0940611745319   0.170197231609
0.558134374448   -0.821279829697   -0.118260132964
0.373050355955   0.121063779506   0.91987879014
-0.741160879727   -0.557532956839   0.373948591493
0.198288688571   0.896304021205   -0.396636762628
0.311871538486   0.325943555945   0.892466784774
0.929202756872   -0.300665794553   -0.214900797678
-0.48349391289   -0.602005237404   0.635470973861
0.148536002573   -0.771859726173   -0.618198716298
0.862653302562   -0.204504990235   0.462608904792
0.183935735656   0.478253202279   -0.858744161033
0.78553970321   0.453627711119   0.420891059611
0.590842647648   -0.751994537141   -0.292248532441
0.226708466041   0.534614502443   -0.814119521559
0.351635723365   0.734576905096   0.580300857472
0.908270653307   -0.417832623077   -0.0214547538351
0.266838195551   0.255185177516   -0.929342644659
0.771434863995   -0.634550590588   0.0472595078376
-0.577655153719   -0.729538028923   -0.366180973886
0.947002124767   0.313961565085   -0.0679344767699
0.268808096238   -0.890325935122   -0.367506853588
-0.175866895355   0.329768427364   -0.927535960188
0.732647418864   0.604407712743   0.312920239961
0.0199261213845   -0.478616570673   0.87779788613
0.680316624438   -0.636881068948   -0.3627006967
0.60364431126   0.0260082128245   0.79682946083
0.382758982365   -0.886202980157   -0.261036738179
0.699363409252   0.462566957452   -0.544906331014
-0.742949328823   0.535203989199   -0.401973892408
-0.19874777312   0.39706977239   0.896010562065
0.639160107416   0.745581849697   -0.188632128317
-0.792170013981   -0.383933104546   -0.474406755252
0.355291627376   -0.922146456836   0.153014643979
-0.496219969077   -0.0473391274696   0.86690525964
0.0225009382875   -0.96816958058   -0.249281669048
0.902362276433   -0.0876751454336   0.421966074634
-0.43039053121   -0.234437004995   0.87166695397
-0.61925885242   0.571057453617   0.538898794439
-0.641953691974   0.0269776095582   -0.766268684834
-0.452121646617   -0.820466711491   0.349886285791
0.997419464716   -0.071548566454   0.00593413771442
-0.00396809843267   -0.137467620294   -0.990498301
0.0716844860961   0.987918737917   -0.137396791977
-0.433734769431   -0.899753428161   0.048071194616
-0.878835774124   0.410680179716   -0.242871493913
0.198783181784   -0.147589460827   -0.968861639838
0.11131693391   -0.988126829195   -0.1058957354
-0.00747953068731   0.105721946166   -0.994367599948
0.993756808264   0.11148200138   0.00437791922569
0.377589749847   -0.334803771543   0.86332637717
-0.852665555048   0.23786027088   0.465170898695
-0.361092024548   -0.911772421341   -0.195662046268
0.445315188555   0.212915915679   -0.869690296284
0.453172791432   0.784123809753   0.424009761935
0.772223296531   -0.582937964076   0.252694542012
-0.438939694101   0.184205939854   0.879431706443
-0.886941084777   -0.245428919847   -0.391280162765
0.143761840239   -0.951752502157   0.271108304573
-0.795309762897   0.598162648756   0.0984072939176
-0.585614266317   -0.800055351213   0.130259492354
0.156647633078   0.0459679224659   0.986584243953
-0.614013368797   -0.739307867244   -0.276426480787
0.74286164169   -0.659642535031   0.114142236361
-0.266728894489   -0.135261769345   0.954232652207
0.0365489232549   -0.730565859167   0.681863449606
0.835360871465   -0.352157404886   -0.422087033698
0.54848559955   0.585028866818   0.59741509698
0.993134113319   0.101260933479   0.0585735104267
-0.0800617230933   0.223287021664   0.971459214323
0.0852921641652   -0.969478781588   0.229861083277
-0.759368724298   0.0985278121729   -0.643157491927
-0.0336550057333   0.981197484799   0.190049567223
0.649789681191   0.165963151455   -0.74177472977
0.714181995885   -0.5863078859   -0.382344140362
-0.371151986376   -0.780327959144   0.503322827481
-0.59345613296   -0.217556265332   -0.774905465849
0.0539978801878   0.903568510382   -0.425027387301
0.873326782553   0.163636465171   0.458828432059
0.484132898887   -0.395963566804   -0.780274557863
-0.367165510679   0.847939973531   -0.382344343856
0.920775120911   0.389567135782   -0.0202628342165
0.131767115399   -0.359492986064   -0.923797646201
-0.971685454683   0.230879536934   -0.0502822395553
0.145879930921   0.418748023211   -0.896309651976
-0.185883592456   -0.878263392096   -0.440573827704
0.61352000162   0.716808966047   -0.331327792709
-0.785301336401   0.509699240491   -0.351437740812
-0.0830362033895   0.475806242934   0.875621725216
-0.640327503892   0.206200906054   -0.73990660211
-0.360819644316   0.769640855278   0.526746736987
0.678078002725   0.604263292773   -0.418420857179
-0.815327742151   0.452768820377   -0.360974923481
0.407310950608   0.0053040600386   -0.913292688157
-0.411582664361   -0.891631168153   -0.188769854607
-0.974482957858   -0.127781269002   0.184544872412
0.19624860878   -0.0859344094137   0.976781861313
-0.108955707482   0.988073007591   0.108817471244
-0.607715294829   0.492663037367   0.622868419305
0.651250046082   0.758016039253   0.0358473705777
-0.454483568057   0.427428108705   -0.781504762659
0.929878652303   0.367593319852   -0.0141719110157
-0.362566469471   0.909285441196   -0.204317256925
-0.0622193464857   0.195128515246   0.978802132927
0.998269101328   -0.0485520174542   -0.0331888981151
-0.0118756003493   0.386289161686   -0.922301285761
0.0576000995946   0.921099013788   0.38504394993
-0.839928983124   -0.402877182385   0.363605483257
-0.535191119334   0.503869988138   -0.67800104084
0.0899412993427   -0.764071280384   -0.638831234099
-0.347708371053   -0.772380355141   0.531532950053
-0.401136103413   -0.389856629005   -0.82891581626
0.847460038314   -0.501438122702   -0.174273117357
0.399259023937   0.257482255137   -0.879940406686
0.374733353293   0.830099836707   0.412927566057
0.83675990879   -0.494608076329   0.234937661697
0.198661591773   -0.401775699857   0.893929379217
-0.945095163587   -0.320019557893   0.0661997747919
0.259477513067   -0.85799974675   -0.443291813118
0.0518692752782   -0.60273318043   -0.796255154921
0.998468890283   0.0466455140728   0.0297330000419
0.0192206572611   -0.796578238068   0.604229814495
-0.998364288753   0.0559649474311   -0.0069600714036
0.00657438136142   -0.00705057574474   -0.999931300136
-0.0560115652756   -0.998385572883   0.00671552652633
-0.625640166441   -0.134909473054   0.768357823357
0.323266692765   0.851554455329   0.412739201468
-0.709980954662   0.506610735338   -0.489154925723
-0.810150283879   0.580382049565   0.0825403075117
-0.0211505754692   -0.169647268084   0.985277762409
0.58584031867   0.796477427479   0.149715368325
-0.941601060221   -0.0131958387357   0.336471916402
0.244694372683   0.659637479342   0.71063567766
-0.231326921617   0.751468077982   -0.617886408807
-0.591907226673   0.187262409677   -0.783952428651
0.507796087612   -0.668695988247   -0.543131409995
-0.625932707143   -0.719570278041   0.300712628058
0.295835270458   -0.0918025454797   0.950817400698
0.75155335606   -0.592020448155   -0.290996933867
0.589617664103   0.800677185367   -0.106145970988
-0.209774723927   -0.826803513775   -0.521910376774
-0.249619566808   0.561386145745   -0.789009277899
0.94534891106   -0.0352351862975   -0.324150948844
0.954579965321   -0.162981928495   0.249427303964
-0.175826669839   0.367702913777   0.913170048695
-0.240545361942   -0.91554980566   0.322345264951
0.995272456468   -0.0505375145827   0.0829379108664
0.0617384174015   0.98842411911   -0.138586177829
-0.0749740305427   0.143051460979   0.986871407214
0.89292354614   -0.378536144629   -0.243716884576
-0.178629109993   -0.79479174542   0.579997919124
-0.413254369222   -0.474358864505   -0.777305833649
0.842089565761   -0.538996634105   0.019177730368
0.538711848637   0.842292993462   0.0182222664214
-0.0259750083224   -0.00501350957457   0.999650020582
