-0.182967174656   -0.857723480222   0.480451309971
0.696870917323   0.23156473313   0.678784730131
-0.693465178915   0.459007861311   0.555353792815
0.789626533725   0.216905373712   -0.57397037502
0.271233591814   0.715686179156   0.643603624364
0.550383749049   -0.663886545638   0.506292773297
0.954894482287   -0.153846871893   0.253983596759
0.0463248818714   0.922028893544   0.384339334832
-0.293309619231   -0.355237749948   0.887567241155
-0.646586122631   0.723472311419   -0.241897172787
0.275889589709   -0.073859305315   -0.958347413217
-0.711204163291   -0.686391029035   -0.15184209712
0.533532340277   -0.746606967431   0.397393099461
0.57786677124   0.664871750386   0.473302808352
-0.617586620655   -0.0228820864634   0.786169940237
0.231004482632   -0.951853895779   -0.201521990128
-0.787832046146   -0.0614556345495   -0.612816369706
0.57092698174   0.300328814811   -0.764097530374
0.947133778158   -0.188099198021   0.259915915997
-0.0930099487079   -0.936298672981   -0.338664155353
0.307061461479   0.296585489165   -0.904295184676
-0.994661977465   0.0837174264938   0.0603855664803
-0.0974316762536   -0.56824617349   -0.817073577252
-0.0340894793199   -0.81859242281   0.573363716351
-0.990197517634   0.00488008667064   -0.139585744077
-0.000988040549668   0.999119666767   0.0419394189941
0.139667530125   0.0416662434565   -0.98932099174
-0.863657204577   -0.280024930313   -0.41914697944
-0.499175413922   0.359376401716   0.788462534093
-0.0701573809871   0.89018835082   -0.450160121703
0.885397776984   0.0214281514796   -0.464339971696
-0.457851878875   0.212692830062   -0.863211101992
0.0802647618899   0.976884120004   0.198128678997
0.229198610562   0.657200027339   0.718022364903
-0.347500186332   0.744295433775   -0.570322651026
-0.909236829948   -0.11879574841   0.398968612464
-0.489937482512   0.76785466236   0.412747267334
0.829448492946   0.264889593694   0.491781063929
0.268283966629   0.583294638053   -0.766675206405
-0.823104319748   0.564964016085   0.0575744021787
-0.552872340078   -0.820369707471   0.14603284314
0.129735603566   0.0883689777523   0.987602954669
0.00188057553795   0.513897523517   -0.857849515496
0.48631973588   0.749103474278   0.449818960726
0.873778902473   -0.418035068215   -0.248509762235
0.683684477696   -0.717975181834   0.130717917891
0.726327794298   0.652051362472   -0.217432648975
0.0708764489604   0.243599383991   0.967282724537
-0.149168381454   -0.933549377818   0.325936048777
-0.953858766456   0.222718997203   0.201369489568
-0.260580510347   -0.280858998162   -0.923696890229
0.0467977395527   0.923985614646   0.379559890722
0.86321420895   -0.228623723947   0.450110060993
0.50266923139   0.306575311247   -0.808297594982
0.940516081017   0.0417102665102   -0.33717885308
-0.00453352635526   -0.990803364155   -0.135211865802
-0.339718666599   0.128697533708   -0.931677227
0.816794245665   0.150380773469   0.556985443482
-0.561706738547   -0.0130230389838   0.827233912521
0.131653716812   -0.988542375988   0.0738327497429
0.160905271704   -0.697150426071   -0.698634943544
0.985972506839   0.081726876098   0.145529864805
-0.0443589525212   -0.712251366599   0.700521432036
-0.459289083803   0.386171820005   -0.799953011487
-0.839358029524   0.106087310132   0.533126209224
0.29074317434   0.91630605265   0.275411698054
-0.236367537787   0.896210607928   0.375415776982
-0.175410363036   -0.41937297568   0.890706233726
0.955699567809   0.144682191358   0.256330729871
0.140578620406   0.743446123958   -0.653854503012
0.626265180469   -0.578276736844   -0.522865474608
-0.766830994463   -0.335982501891   -0.546887869926
-0.123611459577   0.432196870253   -0.893267077014
-0.91638286431   -0.395096434745   -0.0643525551387
-0.380739611193   0.810619929867   0.444896254216
0.948872201578   0.143228944926   0.281295242146
0.0320855086436   0.842753796001   -0.537342121846
-0.314025578662   0.518894502872   0.795070076288
-0.106481268723   -0.858984808796   -0.500806112215
-0.0089202312613   0.504474641526   -0.863380409587
0.994274656847   -0.0874665675643   -0.0613794245346
0.909649945579   -0.195312674637   0.366592328475
-0.0253676227438   0.854786881448   0.518358824058
-0.414600361659   -0.480824651914   0.772602221959
-0.95771007698   -0.247128305545   -0.147388351101
0.23296182085   -0.966590232277   0.106941336563
-0.168892023105   0.068082744053   0.983280357458
0.170882959856   -0.113609848131   0.978719400084
0.304178798984   -0.938725784564   -0.162076535722
0.937162803328   0.325401824812   -0.125854382556
-0.343708375245   -0.24890541952   0.905489219635
0.863439173289   -0.462894093413   0.200504218252
0.369238985985   0.85074981025   0.374015199915
0.61494950442   0.52757192053   -0.586092936683
0.196789015309   -0.822393607739   -0.533800171628
-0.763617145705   0.212923480258   -0.60955086513
-0.349705400682   0.116206279004   0.929624736016
0.799205770695   0.554772220847   0.231296112101
-0.488851905162   0.823846985857   -0.286879554808
0.723720897324   -0.337125207848   -0.602141720784
0.492212895685   -0.359400596993   0.792816278281
-0.483688456548   -0.870159629045   -0.0941683427935
-0.990504193649   0.00883377879636   0.137115315943
-0.134801119792   -0.255631688037   -0.957322682105
0.0265951803317   -0.966726447307   0.254409381429
0.710353125225   0.632735982904   0.308291594183
0.292033985624   -0.663486077642   0.688841718908
0.640401969349   -0.399289291624   -0.656089867738
-0.522620648738   0.389430779397   0.758426883517
-0.839739543022   -0.0814055527631   -0.536852535095
-0.147326743902   -0.917451258984   0.369564639702
0.376801610988   0.866488041944   -0.327443202927
-0.439254907304   -0.144079222346   -0.886733535441
-0.81552173753   0.47795366892   0.326319813362
0.725684488616   0.661849107515   0.187982895148
0.557738210927   -0.725865963864   0.402548569126
0.402877025974   -0.187277925329   -0.895888167429
0.598341130328   -0.801029981256   0.0184073046639
-0.748005093217   -0.550204123162   0.371165299814
-0.287186768945   -0.235852217276   -0.928384261827
0.491639688252   -0.842513777927   0.220138632935
-0.794456102566   -0.330458096126   0.509545996506
-0.356552920061   -0.425403520744   -0.83180652819
0.617796564415   -0.706933646442   -0.344343161695
0.0432949895246   -0.406662643589   0.91255191403
-0.785145169609   -0.578679765886   -0.220628090706
-0.190082199688   -0.569157194108   -0.799955533371
0.330133278161   0.730307904874   -0.598048814821
0.924597634449   -0.377770372915   0.0490791952159
0.889449562569   0.445992666325   0.0998499687635
0.329286652645   -0.473851222495   -0.816722294557
-0.316938124982   0.759312549364   -0.568326194699
-0.235638959911   0.805011930928   0.544453866803
0.636133375631   0.551300242042   -0.539816959968
-0.73471664635   0.219143361577   -0.642002771674
0.100401891456   -0.0436653643928   0.993988333572
0.874014217398   -0.47349748505   -0.10908390198
0.475414155353   0.879712160788   -0.00937590224986
0.0119681269069   -0.745160115733   -0.666778210369
0.970252977834   0.169902391643   -0.172459704656
0.241797309551   -0.644879517931   0.725027222172
0.069372782745   -0.510004998627   -0.857369426685
0.993851243076   -0.0390130824899   0.103622889612
-0.0862968080216   -0.859286272432   0.504162643551
-0.386452300495   0.329416429341   0.861475136991
0.572468852342   0.818012481567   -0.0559909811098
-0.7231417625   0.471529843114   -0.504703450034
-0.0846072351064   -0.996351849877   -0.0111552662958
-0.953874361359   0.0777538783086   0.289961885612
-0.288036718946   0.0351736209798   -0.956973021312
0.454912940442   0.0741904485247   -0.887440128737
-0.228721414206   0.972829133332   -0.0359164507256
0.860662953443   0.219315421475   0.459521506245
-0.802018324203   -0.409943210415   -0.434368340343
-0.337147431902   -0.289557092794   0.8958022073
-0.493012068838   0.864914186308   0.0940414239408
-0.714837366199   -0.12090977953   -0.688764418928
-0.317621498566   -0.821347931541   0.473827731649
-0.623002554743   0.557473731081   0.548719397273
0.0699247141253   -0.248392780899   -0.966132255947
0.685170704843   -0.691946274136   0.227489370901
-0.725018354809   -0.677872654003   0.121807334579
-0.896077746244   0.429515122778   0.112076892734
-0.443384707563   -0.85391964309   -0.272453751363
-0.0213183413888   -0.293832953967   0.955619023855
0.491934297577   -0.867492646394   0.0738723164587
-0.550581008611   -0.244245273122   0.798251032513
-0.674433957955   -0.433359742481   -0.597777597581
-0.579752172716   -0.161751633517   -0.798578946672
-0.462911581628   -0.741174309786   0.486187697708
-0.670525758348   0.651538194477   0.354816895222
-0.348244961221   -0.894263981971   -0.281100381247
0.936919213143   -0.341685751543   -0.0737107984638
-0.0301310774749   -0.289037755868   0.956843401686
0.644723524227   0.367782852981   -0.670124881861
-0.543758608964   -0.395498648204   -0.740207688191
-0.537269168494   0.841615481994   -0.0550021965424
0.747396290669   -0.569226936425   0.34260636359
-0.500657693471   -0.821542439618   -0.272777022269
0.436738250549   0.0323438519274   -0.899005492536
-0.693289203177   -0.418738390875   -0.586519472245
-0.610811348629   -0.0904633741952   0.786590011443
-0.382434867266   0.903588683928   -0.193051401323
-0.900458129685   0.216886353676   0.377006926064
0.067276981656   -0.786912033348   0.613385759421
0.429706551556   0.577692471572   0.693990985198
0.576639304279   0.179484523883   0.797039733778
-0.346403591285   -0.829827176081   0.437482638183
0.739926741968   -0.528367119012   -0.416336801555
-0.456706669512   -0.463172114116   0.759533175874
0.429735386151   -0.862417787249   -0.267512807668
0.778939375329   0.204223399936   0.592913368148
0.756068502901   0.126412137473   0.642168507304
0.212553902591   0.880561542405   -0.423594392305
-0.619016363893   0.456761800284   0.638895453918
-0.645654984956   0.520453940212   -0.558799600902
-0.0568100632436   -0.762477730923   -0.644515290504
-0.76151291162   -0.384389176612   0.521864874094
-0.59694243637   -0.351148222945   0.721355960867
-0.522573863528   0.852414413456   -0.0174986728208
-0.60874958227   -0.387407501109   -0.692343216528
0.574464120266   0.546820057715   -0.609080237465
0.0982727093351   -0.784808035319   -0.61189750502
-0.812608999329   0.291657172944   -0.504581493655
0.902057280974   0.426524379327   0.0661042467397
0.411382355764   -0.895970610694   0.167344666008
0.130603885714   -0.123760388311   -0.983681425009
0.664662490674   0.744141109493   -0.0669161655705
0.317802734878   -0.200526066031   0.92670960109
0.676184283872   -0.637215247943   -0.369772231888
0.229170302744   -0.188232602658   -0.955012805444
0.782751334724   0.618839846172   0.0658603996775
0.578602902907   -0.762630796359   0.289159036174
-0.24706809612   0.234781242717   -0.940125045408
-0.356572933685   0.880098836367   0.313499248776
0.901006701361   0.412678814682   -0.133727705263
-0.179929370816   0.090469335818   -0.97951044519
0.0810261495945   -0.991014840933   -0.106415852628
-0.980336766648   -0.0985132980127   0.170982303354
0.557874550551   -0.820944527788   -0.1217624
0.375500192242   0.118840483364   0.919171677579
-0.740118642776   -0.55850429679   0.37456289827
0.198370672359   0.89612226322   -0.397006253617
0.310504214313   0.326734836298   0.892654176819
0.929643054587   -0.300348523987   -0.213435130061
-0.484391492147   -0.599920490846   0.63675771228
0.147407686249   -0.773408684955   -0.616530693587
0.862343292152   -0.204779214677   0.463065389397
0.183025947606   0.478237248652   -0.858947414743
0.784738219969   0.455220117218   0.420666836736
0.59218869747   -0.7510418067   -0.291973954965
0.225318948499   0.534214555514   -0.814767550773
0.352082192194   0.735111178526   0.579352810364
0.908443439656   -0.41740430953   -0.0224529538291
0.265729504311   0.255994104908   -0.929438006661
0.771499955223   -0.634579523123   0.0457930436562
-0.578079414151   -0.729229869114   -0.366126051461
0.946627740854   0.315503478777   -0.0659808062825
0.271008820068   -0.889874131862   -0.36698495067
-0.174499660066   0.3295167514   -0.927883763402
0.731886683802   0.606183747756   0.311260573356
0.0224683908693   -0.47799717096   0.878073953418
0.68105583617   -0.635657108995   -0.36345973663
0.602846207628   0.0270345153962   0.79739923116
0.386134678379   -0.884470828373   -0.261937247417
0.69819510814   0.465811385014   -0.543638801101
-0.74310223818   0.535296249462   -0.401568259007
-0.198086318302   0.397237825289   0.896082556206
0.639187728161   0.74542609449   -0.189153479592
-0.793619582505   -0.381131298483   -0.474244469277
0.353388093769   -0.923271695873   0.150622782835
-0.495263302199   -0.0480551853989   0.867412836562
0.0223971614069   -0.967144501404   -0.253238836378
0.901347982689   -0.0900506951579   0.423630401736
-0.432516137213   -0.237744435425   0.869716837922
-0.618602962376   0.571423483349   0.539263954134
-0.642603027367   0.0269703173788   -0.765724475256
-0.452097067862   -0.820212061277   0.350514521317
0.997539729259   -0.0697535491577   0.00699506347126
-0.00276659182557   -0.138875205576   -0.99030602101
0.0700488008658   0.987850247587   -0.138726514561
-0.431279534751   -0.900912187706   0.0486241137879
-0.880058012616   0.408193659189   -0.242651186799
0.198758569201   -0.147441290235   -0.968900733348
0.11232661013   -0.988217113124   -0.103969764547
-0.00539550329952   0.104023807819   -0.994560193401
0.993656712933   0.112276565153   0.00635269434118
0.379540574416   -0.335918862475   0.862036815949
-0.852228213204   0.235698198709   0.467068982077
-0.360077806644   -0.91192372446   -0.196822502502
0.447572842582   0.210712794136   -0.869067704665
0.45384136207   0.783859556093   0.423783219193
0.770523571981   -0.584092729952   0.255204068073
-0.438514441894   0.183807129332   0.87972716932
-0.887075518898   -0.245612191549   -0.390860028254
0.144228904888   -0.951782263504   0.270755386752
-0.795305646857   0.598243877764   0.097945177298
-0.585375144606   -0.799876750404   0.13241295772
0.157559306662   0.0479740973033   0.98634352605
-0.615267255668   -0.738373657566   -0.276135149552
0.741350392002   -0.661052877016   0.11579623091
-0.268040808989   -0.133467271747   0.954117715073
0.036658007944   -0.730328095961   0.682112227541
0.834979938459   -0.352638682354   -0.422438755037
0.549058030707   0.585035786627   0.596882248946
0.993224806   0.100051872986   0.0591109771165
-0.0802797818602   0.222971844217   0.971513629063
0.0840216729673   -0.969676852123   0.229493309099
-0.759513751154   0.0956986090163   -0.643413190989
-0.0376597279688   0.980991020262   0.190363762134
0.649400110098   0.168814671391   -0.741472184973
0.714263767589   -0.585834086271   -0.382917467058
-0.368181348177   -0.779818924015   0.506286005433
-0.595205727518   -0.220638726894   -0.772689634007
0.0523364957741   0.902785971557   -0.426893815094
0.872488274967   0.166627867172   0.459346621543
0.485824093527   -0.396500439138   -0.778949456265
-0.366370757151   0.847719208698   -0.383594356629
0.920911566715   0.389296347332   -0.0192418477459
0.133020199684   -0.360306127645   -0.923301222517
-0.972647607113   0.226588097711   -0.0513103002069
0.144615886112   0.417636458977   -0.897034798873
-0.181827276325   -0.879910801661   -0.438986512109
0.614945408929   0.715975810451   -0.330485662411
-0.784092198448   0.510567648256   -0.352874040412
-0.083913994919   0.47612950225   0.875362288063
-0.6396296908   0.206509713645   -0.740423911752
-0.361679206972   0.769097603836   0.526950683759
0.678278690634   0.604849245713   -0.417247389241
-0.816428005017   0.451747580956   -0.359602635873
0.40566377301   0.00561296095546   -0.913988556087
-0.410885429156   -0.89211114806   -0.187815465317
-0.974764331293   -0.127370654019   0.183335806486
0.194883050052   -0.0849496566816   0.977141030665
-0.108884793464   0.988210864897   0.107627836174
-0.609859197091   0.490447465029   0.622521645598
0.648460779037   0.760386509216   0.0362077035037
-0.45559909267   0.425762449953   -0.781764654508
0.93032484638   0.36647699146   -0.0137947486647
-0.361528477385   0.910147546227   -0.202308191461
-0.0615860406243   0.193199531632   0.979224744695
0.998289605   -0.0483553861985   -0.0328575891778
-0.0117160916114   0.385152964368   -0.922778372196
0.0572765024974   0.921585019204   0.38392766453
-0.838705826428   -0.404123195341   0.365030372011
-0.536940344503   0.501819914692   -0.678136551508
0.090872415768   -0.764760458597   -0.6378674698
-0.34863529451   -0.770154360288   0.534149069581
-0.400801334136   -0.392661253976   -0.827752952763
0.847237427029   -0.502671783158   -0.171783053049
0.397011788081   0.254817047019   -0.88173120058
0.376148351331   0.831128066057   0.409558976065
0.837194156285   -0.494261479009   0.234118627516
0.200879236148   -0.401549358689   0.893535481818
-0.944317717873   -0.322019763317   0.0675820982419
0.260598527319   -0.85735722125   -0.44387726328
0.0517754515968   -0.603155673204   -0.795941264101
0.998509942831   0.0450234363605   0.0308341265745
0.0172382158107   -0.796351733329   0.604588077795
-0.998378025437   0.0565690676417   -0.00336162412736
0.00295904918725   -0.00719123076354   -0.99996221482
-0.0565915537738   -0.998365227572   0.00702726189071
-0.628485940728   -0.134952808248   0.766024234146
0.321590622438   0.851633235905   0.413884404047
-0.708226559311   0.506466749056   -0.491839954796
-0.809339824151   0.581697345681   0.0812272157228
-0.0227335123647   -0.169218161694   0.985316597659
0.586901056365   0.795609080035   0.150178660128
-0.942223264091   -0.0134021011862   0.334720335662
0.243131685468   0.660004785397   0.710831215322
-0.230443708838   0.751142075003   -0.618613729233
-0.592800063986   0.187772763184   -0.783151496936
0.507058230451   -0.668471220977   -0.544090818648
-0.625681091835   -0.719641756301   0.301060636596
0.295141211065   -0.0915307974649   0.95105928925
0.752447756546   -0.591176161014   -0.290401626313
0.588824279579   0.801331918752   -0.105608299014
-0.208936518252   -0.826280843632   -0.523073135386
-0.24953275563   0.562218452001   -0.788443922124
0.94555747651   -0.0342108449551   -0.323652102519
0.954580488181   -0.164540291826   0.248400049903
-0.174267278115   0.36789809644   0.913390342694
-0.241675419114   -0.915192599792   0.322514355703
0.994985728442   -0.0527788174336   0.0849576160215
0.0645426812584   0.987718827452   -0.142287595843
-0.0764044657446   0.14705751958   0.986172623456
0.893421749459   -0.376232813196   -0.245451460886
-0.173843215303   -0.79339388792   0.583355980763
-0.414217437911   -0.478512835851   -0.77424086066
0.841107573113   -0.540529492788   0.0191288719631
0.540277537413   0.841315866326   0.0169644187887
-0.0252631922506   -0.00393400110932   0.999673093938
