-0.18609878541   -0.857335892949   0.479939985722
0.695328863826   0.230197678909   0.680828016117
-0.694179367572   0.460417400911   0.553290895896
0.78967332295   0.21532936135   -0.574499187371
0.274420676024   0.713532171863   0.644643422364
0.548734309772   -0.666712168456   0.504366492258
0.955516837339   -0.152403335179   0.252509002287
0.0450405375116   0.921506144319   0.385743145937
-0.291477139395   -0.3572109294   0.887378964831
-0.646068330441   0.725499802892   -0.23716089728
0.270657354658   -0.0727671527151   -0.959921475897
-0.713680496837   -0.684364434728   -0.149349086622
0.563551689257   -0.736514134922   0.374107494656
0.546100036583   0.671954154405   0.500252296982
-0.619825974401   -0.0776179080625   0.78089129799
0.232566576426   -0.952220854719   -0.19795998403
-0.784378287751   -0.0632940133107   -0.617044945005
0.575033401762   0.298779527899   -0.761621432143
0.947136948404   -0.18540010021   0.261836619999
-0.0892783270864   -0.936195658134   -0.339952203776
0.308157416012   0.298604962085   -0.903257719089
-0.994262851392   0.0867526956833   0.0626115816816
-0.101084577199   -0.570041252229   -0.815376418369
-0.0350449514404   -0.81702555968   0.575536376089
-0.989932292475   -0.00422251586878   -0.14148069049
-0.0097696426239   0.999209451632   0.0385360360416
0.141206124176   0.0395302713188   -0.989190955804
-0.861676815178   -0.282155002496   -0.421785913398
-0.502435977599   0.357703268616   0.78715123005
-0.0712242275378   0.890189600659   -0.449989929206
0.886199567249   0.0195595107039   -0.462890650445
-0.456064523477   0.212757140457   -0.864140938454
0.0815811200803   0.976909328765   0.197465683986
0.240104376127   0.62782956892   0.740391734733
-0.359380466404   0.766000378303   -0.533000094539
-0.901773568497   -0.138106671816   0.409549726271
-0.493171213717   0.765848603742   0.412613346421
0.826988425748   0.265568166524   0.495539717788
0.269933327281   0.585615389461   -0.764317219109
-0.820638404968   0.569111893159   0.0516185646631
-0.557909419554   -0.817466599321   0.143128100161
0.123652346221   0.0886579186954   0.988357158167
0.00225853671698   0.506680788144   -0.86213079189
0.48743847166   0.7522193297   0.443361954196
0.87315443064   -0.421237065093   -0.24527679402
0.676982634344   -0.722958625007   0.137932389163
0.733076094937   0.645661469623   -0.213824018258
0.0655282876718   0.245870084148   0.967085283576
-0.143901139015   -0.934201894606   0.326434547365
-0.953207372035   0.219476952869   0.207907986754
-0.265872901022   -0.281241613513   -0.922071116651
0.0419882112019   0.92432933861   0.379275089792
0.862661955892   -0.225042238692   0.452953558573
0.504032409481   0.308168541798   -0.806832351879
0.941404743943   0.0465143536207   -0.334056548793
0.000768929392904   -0.990742439451   -0.135784697995
-0.337278477866   0.127571510806   -0.932725652324
0.817491235162   0.152238646163   0.555456095036
-0.560312753903   -0.0129208280886   0.828180331506
0.133258008059   -0.988259297095   0.0747385925048
0.154518034309   -0.698982896627   -0.698245710103
0.98697638291   0.0772017014767   0.141129372638
-0.0447412676795   -0.710959063846   0.701808679765
-0.455124829112   0.388268120013   -0.801317203005
-0.839805655755   0.111935510818   0.531222085163
0.295952451269   0.914723078414   0.275125131278
-0.231945234361   0.89832471588   0.373114079046
-0.17632649562   -0.416048761041   0.892083179248
0.956614017296   0.141124542845   0.254898974235
0.138618941713   0.744693018593   -0.652854568312
0.626958467164   -0.576287525813   -0.524232210206
-0.766622371027   -0.336643190669   -0.546776989643
-0.116916246528   0.432259337339   -0.894137847103
-0.916346086826   -0.394095627765   -0.0707002586666
-0.382936644234   0.811073697453   0.442175304946
0.949550457594   0.138168314348   0.281537644546
0.0357284824055   0.844215201515   -0.53481227433
-0.31157246979   0.51789015258   0.796688386721
-0.110232763117   -0.86062622741   -0.497163235683
-0.00790695119795   0.500955126545   -0.865437151396
0.99387437151   -0.0914684622519   -0.0620266092768
0.90899861781   -0.202411501192   0.364350236758
-0.0191816245094   0.852920837305   0.521687748921
-0.416357509986   -0.481202271688   0.771421280902
-0.958394904874   -0.244212207462   -0.147774441265
0.229971784089   -0.967289808567   0.107056413575
-0.16908538165   0.0686184733945   0.983209854987
0.165387007399   -0.110064946577   0.980067662023
0.309075355068   -0.937907145754   -0.157486801473
0.936546496176   0.328961054357   -0.121099072816
-0.34573556261   -0.248505280857   0.904827054208
0.864207370634   -0.459974153262   0.203885621568
0.365530427163   0.852448738357   0.373789556978
0.613597140675   0.530835556874   -0.584561383032
0.197623181233   -0.819986383344   -0.537184049417
-0.764489030146   0.214091653894   -0.608046595551
-0.352293451572   0.117671181917   0.928462621646
0.79768800503   0.5566054392   0.232129789518
-0.489472362323   0.822401292251   -0.289953345969
0.720321717518   -0.341143522567   -0.603951750535
0.492467757159   -0.361648557955   0.791634898538
-0.48847940399   -0.867658574229   -0.0925011217302
-0.990030590307   0.0154231292727   0.140061072893
-0.13935409956   -0.254370385046   -0.957019300598
0.0208665280415   -0.966988952298   0.253973979676
0.705847866792   0.636298613568   0.31129231172
0.295445846339   -0.663851412952   0.68703222615
0.643809428982   -0.392970230754   -0.656569906614
-0.52301340318   0.389007155991   0.758373593482
-0.839468802118   -0.0811513117331   -0.537314304701
-0.147476116625   -0.917653509966   0.369002533691
0.376111709709   0.866884419954   -0.327187091601
-0.43824033972   -0.144692835969   -0.887135504718
-0.816385567677   0.477048636441   0.325483045196
0.72451327313   0.662891710348   0.188824950511
0.55649378354   -0.724218258845   0.407211380784
0.406687780077   -0.189950046357   -0.893600811798
0.597302184904   -0.80195389236   0.00999625471435
-0.747607390533   -0.552225113666   0.368958147965
-0.290367285004   -0.227852759161   -0.929391919646
0.495395812907   -0.841644845486   0.214981149871
-0.792000911713   -0.335965636942   0.509766142491
-0.356815774005   -0.42280127513   -0.833019454427
0.615684738557   -0.706081875261   -0.349829512132
0.0457205729223   -0.411192706692   0.910401112177
-0.786665069354   -0.576514476202   -0.220882605817
-0.192634563997   -0.571932460021   -0.797361368222
0.32893169408   0.727931120304   -0.601598052587
0.92449761005   -0.378166018333   0.0479020263858
0.888221174905   0.44758510541   0.103589167849
0.332230150214   -0.47004714994   -0.817727812655
-0.317310998186   0.760738602751   -0.566207098433
-0.237158166132   0.805906602043   0.542466999264
0.636739560264   0.550680006398   -0.539735327565
-0.733702002792   0.217407544053   -0.643750873982
0.0976387569282   -0.0405206320755   0.994396673086
0.873591570748   -0.475166732033   -0.105139579059
0.476764546278   0.878962252854   -0.0109962003115
0.00784580351222   -0.748082205192   -0.663559698144
0.969692245587   0.16774542267   -0.177646938911
0.244203619084   -0.642054904452   0.726725599057
0.0632409817405   -0.511082639642   -0.857201924999
0.994508097224   -0.0394980185493   0.09692048562
-0.0833921418378   -0.85862359124   0.505777909013
-0.389134086334   0.328451828084   0.86063582937
0.576528892837   0.815511288678   -0.050554623456
-0.718462991316   0.476508899032   -0.506705208319
-0.0809731658256   -0.996656289481   -0.0109489601144
-0.953242650412   0.0742275223128   0.29294875835
-0.291156467427   0.0341579598649   -0.956065727269
0.454311446043   0.0664140737152   -0.888363819199
-0.22696012198   0.972939631668   -0.0433310037454
0.861446578426   0.221308932642   0.457090957399
-0.800444708798   -0.411473409055   -0.435822978989
-0.335996852038   -0.294074280111   0.894762756708
-0.496344790236   0.862660946729   0.0971584844128
-0.715446378397   -0.118528176893   -0.688531708089
-0.319049899329   -0.821310891572   0.472909320107
-0.621556114523   0.558020729533   0.549797969863
0.0701381009192   -0.241731576926   -0.967804997424
0.68584156751   -0.69282237856   0.222752183435
-0.724363177279   -0.679384306314   0.117196297593
-0.895471370012   0.431031020397   0.111100673278
-0.444538949018   -0.853258628279   -0.272644290365
-0.0227205403396   -0.293533721603   0.955678676687
0.49402933145   -0.866530346502   0.0711347480559
-0.550927984347   -0.248700062223   0.796634528032
-0.672616792724   -0.432750937352   -0.600260938697
-0.577347583329   -0.158758025695   -0.800915378103
-0.466144781638   -0.741256343591   0.482957388324
-0.670357066164   0.652176882189   0.353958515029
-0.348882631011   -0.894344311928   -0.280052119629
0.936763781334   -0.341556950828   -0.0762397230894
-0.02746918215   -0.288941393915   0.95695261942
0.644134600995   0.369911817662   -0.669519126114
-0.543513896115   -0.394546480913   -0.740895207477
-0.538222312626   0.841129187989   -0.0530888241533
0.745998031373   -0.567911151383   0.347798610365
-0.498851451609   -0.822534474432   -0.27310136224
0.441173637544   0.030233242709   -0.896912405176
-0.65779759434   -0.42356716521   -0.622808424334
-0.640837479904   -0.119745046331   0.758278658913
-0.395761040548   0.897914281414   -0.192668349944
-0.900946099818   0.219765188196   0.374149640178
0.0635493938117   -0.786128613565   0.61477844307
0.429239054298   0.577662809583   0.694303733212
0.576634288694   0.183127630015   0.796214237232
-0.342827495674   -0.830370101936   0.439265929791
0.741594328899   -0.526259935764   -0.416038630245
-0.460231954146   -0.462498069709   0.757814180511
0.429591446216   -0.863017016898   -0.265806573758
0.776941430229   0.203217816224   0.595872974616
0.752039415704   0.124725791577   0.647209546692
0.216962183777   0.880365918451   -0.421762091681
-0.622385837905   0.457601713375   0.635009090787
-0.649297119847   0.51969394846   -0.555276132203
-0.0594534686379   -0.762562430107   -0.644176968918
-0.758207536317   -0.385249117003   0.526027079069
-0.596115942344   -0.350340562513   0.722431511694
-0.523757028034   0.851651891964   -0.0191737305867
-0.608542828744   -0.389808346008   -0.691176602208
0.574066801436   0.55120191226   -0.605494575565
0.102776440477   -0.782140714542   -0.614566984161
-0.812332587306   0.290571895853   -0.505651524172
0.899500766432   0.432455009995   0.0622991808866
0.417703694878   -0.892976682178   0.167687624295
0.12814892467   -0.124812581043   -0.983871272853
0.680138109087   0.729761754144   -0.0697132858162
0.327078555692   -0.216974575436   0.91975087954
0.656072997796   -0.648359348045   -0.386262099758
0.228626507972   -0.192568127035   -0.954278485399
0.782543908836   0.619452381882   0.0624801814842
0.57909838714   -0.76104944569   0.29231625225
-0.241458440342   0.228453093089   -0.943136772085
-0.36403608986   0.879592223312   0.306260089754
0.899541834425   0.417284916519   -0.129219792375
-0.181246961509   0.082827112624   -0.979955399886
0.0212253602087   -0.995905313342   -0.0880998910595
-0.983220423118   -0.0367665083338   0.178723464774
0.557298308779   -0.820330067676   -0.128363399601
0.380152867037   0.114646298481   0.917790824996
-0.738175033427   -0.560280983819   0.375743025523
0.198446564405   0.895676535339   -0.397972985869
0.308142107696   0.328443082145   0.892845774396
0.930412486429   -0.299814408318   -0.21081725291
-0.48608775331   -0.595775637442   0.639351305269
0.145311009472   -0.776515445404   -0.613113758053
0.861744400762   -0.205122304048   0.464027402392
0.181214395069   0.478048372697   -0.859436504191
0.783331919144   0.458210895593   0.420040337512
0.594602771456   -0.749341400197   -0.291436139322
0.222816966609   0.53334832947   -0.816022151437
0.353048332141   0.736096930306   0.577510330573
0.908685571227   -0.416774358853   -0.0242828529504
0.263635869993   0.257592315169   -0.929592588337
0.771615499946   -0.634636024765   0.042973877277
-0.578883150013   -0.72861748061   -0.366075079784
0.945853461703   0.318549593919   -0.0623491631419
0.275247802966   -0.888936812939   -0.366102634336
-0.172046240565   0.329117985105   -0.928484042056
0.730493864955   0.609494381688   0.308050804872
0.0272589243126   -0.476742818215   0.878620032759
0.682375007409   -0.63342940381   -0.364871855485
0.601257319266   0.0290777685928   0.798526023298
0.392722467228   -0.881062930772   -0.26362040058
0.69588676539   0.472102886287   -0.541164742203
-0.743372201895   0.535460948834   -0.400848433567
-0.196769133321   0.397702676172   0.896166576431
0.639280691552   0.745059861229   -0.190278968666
-0.796384676322   -0.375780701253   -0.473878734289
0.349737525371   -0.925391061366   0.146067940254
-0.493412457881   -0.0494069265236   0.868391131028
0.0223472025257   -0.965109471585   -0.260891474601
0.89941006491   -0.0945372649023   0.426760234698
-0.436534292813   -0.244185320273   0.865916478405
-0.617336657145   0.572144852466   0.539949788911
-0.643853320294   0.0269366603815   -0.764674670279
-0.452049121992   -0.819710142195   0.35174834205
0.997754024848   -0.066355528087   0.00915695591637
-0.000342113179528   -0.141749149823   -0.989902564421
0.0669834972806   0.987676135168   -0.141453485884
-0.426550653215   -0.903096970554   0.0497859760478
-0.8823549118   0.403388018079   -0.242345545054
0.198777743365   -0.14730042553   -0.968917627102
0.114260920951   -0.988368323865   -0.100361907705
-0.00157731187125   0.100842913185   -0.994901117377
0.993449529783   0.113836627014   0.00996343267247
0.383282398918   -0.338052799968   0.859543415719
-0.851319959429   0.231666215627   0.47072822499
-0.358258155174   -0.912168317559   -0.198997509518
0.451846236104   0.206478448197   -0.867871891783
0.455062659069   0.783409171314   0.423306086826
0.767302382661   -0.586205354166   0.26001985391
-0.437699153144   0.183049548862   0.880291028087
-0.887352387908   -0.245835194062   -0.390090732803
0.145000590151   -0.951870738497   0.27003132404
-0.795156030101   0.598593348137   0.0970198532085
-0.585102802643   -0.799373714656   0.136588195391
0.159315908466   0.0518423412515   0.985865514486
-0.617720175707   -0.736538211795   -0.275559656387
0.738400657681   -0.663787307581   0.118956936194
-0.270529352193   -0.129991332398   0.953895235129
0.0371424335955   -0.73011098243   0.6823183841
0.834390720355   -0.353080868647   -0.423232801122
0.549920494009   0.58504002555   0.59608356142
0.993391322462   0.0977148118341   0.0602120921718
-0.0807702315128   0.222428127395   0.971597603126
0.0815466136443   -0.9700399725   0.228850619562
-0.759799499383   0.0900908862933   -0.643885442793
-0.0452970521764   0.980611215378   0.190656294299
0.648577681005   0.174026658011   -0.740987060156
0.714487364106   -0.584805868288   -0.384070181415
-0.362574718615   -0.77897271364   0.51160638478
-0.598370605276   -0.226282160018   -0.768601984693
0.0491627222199   0.901244805943   -0.430512273204
0.870774136673   0.172449729153   0.460449221819
0.489219194758   -0.397515889914   -0.776302569685
-0.365071778899   0.847324449924   -0.385698686646
0.921105701832   0.38892144472   -0.0174418648672
0.135227535559   -0.361636847068   -0.922459618016
-0.972009376016   0.230768193422   -0.0440200753497
0.140627075849   0.421437701504   -0.895886441037
-0.18819073215   -0.87700315313   -0.442091954033
0.614143672146   0.725459751986   -0.310701938545
-0.780757668115   0.501099075906   -0.373252160285
-0.115086967325   0.47181337383   0.874155094394
-0.638299749099   0.207036058393   -0.741423960254
-0.363264312061   0.768153050934   0.527238018571
0.678684358075   0.605868763982   -0.415103086692
-0.818709808445   0.449718572517   -0.357045296341
0.402563758512   0.00611284731204   -0.915375684205
-0.409475955874   -0.893153642122   -0.186051257423
-0.975328459873   -0.126598924131   0.180849214138
0.192092597752   -0.0830034457547   0.977860161173
-0.108784924207   0.988474973547   0.105274705787
-0.613979228289   0.486048615366   0.621921255897
0.643070197492   0.764909961937   0.0370599753925
-0.457700804164   0.422693108744   -0.782202203026
0.931245167132   0.364163047963   -0.01295036425
-0.35934635312   0.911872690878   -0.198389496997
-0.0604370410845   0.189402926371   0.980037700898
0.998331312748   -0.0480493281708   -0.0320289254204
-0.011207760565   0.382878322633   -0.923730794778
0.0566478252395   0.922548349509   0.381700893089
-0.836323140752   -0.406611274585   0.367736655379
-0.540320466861   0.49774890052   -0.678453869752
0.0928265555742   -0.766102559499   -0.63597919738
-0.350458860675   -0.765744453607   0.539272450768
-0.400490885912   -0.397968188154   -0.825366073678
0.846632384621   -0.50523018224   -0.167202640221
0.392686035551   0.249610550375   -0.885150972329
0.378714672894   0.833182122353   0.402967425055
0.838076886215   -0.493459342056   0.23264780662
0.205042746102   -0.401123330463   0.892780779443
-0.942809448112   -0.325873689606   0.0701187549817
0.262807516895   -0.856099508823   -0.445000891014
0.0515737532447   -0.603996584176   -0.79531647643
0.998579135181   0.0418843075511   0.0329460043467
0.0134120154576   -0.795885578915   0.60529849897
-0.998311734919   0.0575807049926   0.00345662520346
-0.00388972954266   -0.0073996646059   -0.999953412595
-0.0575530698515   -0.998301767889   0.00763441618642
-0.633826070229   -0.135025898151   0.761598610879
0.318237533637   0.851917662343   0.415885996321
-0.704974687098   0.50596867154   -0.4969973087
-0.807731843772   0.584280398747   0.0786446967436
-0.0258393817786   -0.168355261672   0.985387427598
0.588982936115   0.79389701584   0.151083759626
-0.943398075069   -0.0138321199251   0.331374439626
0.240129960069   0.660694691188   0.711210359384
-0.228774887294   0.750527311613   -0.61997664033
-0.594487365587   0.188636900381   -0.781667596456
0.505733878807   -0.668048428316   -0.545846163941
-0.625157064554   -0.719813108159   0.301743593699
0.293717713376   -0.0912179046903   0.951529901409
0.754088432189   -0.589625743302   -0.289295725874
0.587435524845   0.802508987137   -0.104397120008
-0.207622529818   -0.824916046311   -0.525743629909
-0.249208148767   0.564326637346   -0.787039218544
0.945932421708   -0.0323874895269   -0.322742719933
0.954529720925   -0.167310703275   0.246739012887
-0.1715907042   0.368469140206   0.913666855855
-0.243781956147   -0.914460289912   0.323005784175
0.994413604276   -0.0570904053501   0.0887821452179
0.0699500963339   0.986323944324   -0.149238269316
-0.079047882422   0.154614884867   0.98480742779
0.894330799963   -0.371795183665   -0.248879063309
-0.164605176694   -0.790681802375   0.589684553375
-0.416025939763   -0.486406289111   -0.768330516796
0.839291913517   -0.543346206134   0.0190784647724
0.543163200433   0.839507310206   0.0141851130989
-0.0237239379773   -0.00154273087397   0.999717357434
