-0.192734710063   -0.856595513369   0.478641226853
0.691540363287   0.22748626091   0.685581435746
-0.696150288021   0.463135083503   0.548525895522
0.789341831829   0.211924303909   -0.576218328391
0.281633977433   0.708979546541   0.646552631571
0.54554722556   -0.67263369827   0.499942129371
0.956958896585   -0.149734573027   0.248614617653
0.0430095404776   0.920339873833   0.388747599959
-0.287018901639   -0.361322673917   0.887167445301
-0.643619290455   0.730762523597   -0.227464362779
0.260831546968   -0.0699769735202   -0.962844705863
-0.719528183141   -0.67903546123   -0.145567243141
0.544495543645   -0.736019120649   0.402244261591
0.55989868836   0.676022178558   0.479069373935
-0.624530264052   -0.0356350993821   0.780187210651
0.236120140223   -0.952904803402   -0.190314711974
-0.776591820366   -0.0673273313467   -0.626396152166
0.584082527115   0.295701590392   -0.755915413575
0.947179555294   -0.179079736258   0.266047664399
-0.0809011335031   -0.93616705512   -0.342121388759
0.310331948514   0.302526835356   -0.90120606658
-0.996295911644   0.0770226414212   0.0383090608466
-0.0750085269204   -0.559793891836   -0.825232637984
-0.0421164139462   -0.825047088724   0.563493333437
-0.988918386133   -0.024654562777   -0.146430330002
-0.0293643187788   0.999115788352   0.0300895723855
0.145559011376   0.0340558088725   -0.988767939827
-0.857472993161   -0.285899566411   -0.427786426699
-0.509377257823   0.354332293367   0.784208734192
-0.0726264287585   0.890342612423   -0.449461030735
0.887989626873   0.0154100621881   -0.459605217098
-0.452035934402   0.212867363606   -0.866228042057
0.0844863279472   0.97695958812   0.195989911353
0.245097429531   0.619252422047   0.745958229256
-0.353367409515   0.773558482143   -0.526059641285
-0.902806023407   -0.134661464734   0.408420821853
-0.499833173646   0.761811681753   0.412091665601
0.821793921953   0.26685428173   0.503436513566
0.273553155993   0.590285130166   -0.759436376321
-0.815003096335   0.578119815645   0.0393356616192
-0.568653582277   -0.811010776419   0.137457217895
0.111368392646   0.0896597019067   0.989726335002
0.00287494083367   0.4910441574   -0.871129936429
0.490468823566   0.758463529353   0.429154292498
0.871453994063   -0.428495868292   -0.238661312428
0.661712177195   -0.733959909614   0.15310074293
0.747768882577   0.63118643594   -0.206022747419
0.0545773273047   0.250811732748   0.96649614032
-0.133093783894   -0.935390837697   0.32761213697
-0.951695271043   0.212902336593   0.221243053267
-0.276698107352   -0.282340854814   -0.918543014163
0.0317373332878   0.924777693676   0.379185604501
0.861325509475   -0.217772832069   0.45901725046
0.507063972402   0.312033150118   -0.803446693119
0.943293391298   0.0566879722755   -0.327084172418
0.0122136322315   -0.990570987031   -0.136455455039
-0.331735450675   0.12472264358   -0.935091435791
0.819044097263   0.156214488431   0.552054165246
-0.557249071315   -0.0123750393876   0.83025317623
0.136529265286   -0.98764563368   0.0769146748769
0.140039660918   -0.70270456074   -0.697563770813
0.98908756973   0.0667150308263   0.131357932747
-0.045767821026   -0.708346968233   0.704379078521
-0.446150033417   0.392504082216   -0.804295131499
-0.840790553795   0.124083381929   0.526948325776
0.306629023021   0.911341779374   0.274653938745
-0.222227653341   0.902628875345   0.368613485527
-0.177881174714   -0.409256455696   0.894911921291
0.958630834055   0.13330481079   0.251508849431
0.134656292093   0.747278179178   -0.650722900124
0.62854489232   -0.572090449558   -0.526914515616
-0.766026297303   -0.338057556273   -0.546732065
-0.105899347444   0.424850747181   -0.89904790032
-0.929012760328   -0.364663469093   -0.0628950829352
-0.354570973993   0.828566438452   0.433309426448
0.951233278434   0.127494024928   0.280892370853
0.0426073287388   0.847559848211   -0.528986692155
-0.30551573762   0.515157819068   0.800794953242
-0.118628244621   -0.863913108356   -0.489470587269
-0.00641120806633   0.493607610125   -0.869661090498
0.992918028339   -0.100028281634   -0.0640945247443
0.907474864665   -0.217752149449   0.359267827735
-0.00597093685485   0.848411301361   0.529303894446
-0.420063945785   -0.482475145653   0.768611746505
-0.960300323947   -0.23749565309   -0.146350128991
0.223315127435   -0.968861786799   0.106941322047
-0.167191205961   0.0700136220048   0.983435400578
0.152767804369   -0.102333408709   0.982949786607
0.319575551037   -0.936070471937   -0.147120628322
0.935165160123   0.336601969039   -0.110298581622
-0.350165254848   -0.247783996417   0.903320117504
0.865815810607   -0.453604037731   0.211201791607
0.357417299062   0.856064428531   0.373371796712
0.610718729156   0.537977683483   -0.581035669951
0.199338707266   -0.814592105163   -0.544704385456
-0.766346212535   0.216838188115   -0.60472628024
-0.357835613958   0.120967037125   0.925916098114
0.794373511418   0.560652053461   0.233751984089
-0.490840472226   0.819168017953   -0.29671427655
0.713039833015   -0.349648171958   -0.607717336836
0.492974167767   -0.366316440424   0.789169676794
-0.498548568907   -0.862298361765   -0.0888307058887
-0.988828346818   0.028390308792   0.146320989572
-0.148734580776   -0.25175989464   -0.956291433836
0.00968845210269   -0.967372354532   0.253171608068
0.696169876052   0.643976816396   0.317240345633
0.302394011477   -0.663857736461   0.683996468438
0.651080209172   -0.380246192562   -0.656892528394
-0.52340472734   0.388121594176   0.758557257442
-0.839240233913   -0.0808276502402   -0.537719923357
-0.147388311835   -0.91805692325   0.368032836065
0.374752289467   0.867840347287   -0.326211315146
-0.435951265099   -0.145580078802   -0.888117603845
-0.818234187117   0.475036330634   0.323779656635
0.721529814351   0.66562070243   0.190641011738
0.554043787643   -0.720181681899   0.417582311495
0.415247391605   -0.195674694316   -0.88841560753
0.59537751559   -0.803400260807   -0.00859305460597
-0.746342522503   -0.556990906627   0.364327820325
-0.297487241334   -0.210499269581   -0.931231647148
0.503828578031   -0.839444892261   0.203688313119
-0.786520020817   -0.348323943772   0.509957247029
-0.35713150645   -0.417135960808   -0.835735770468
0.611308370803   -0.703729530262   -0.36203147892
0.0508612008517   -0.421579928754   0.90536367489
-0.789756406584   -0.571869734991   -0.221922785985
-0.197739921186   -0.578759505655   -0.791161385648
0.326894924735   0.721964008395   -0.609842335454
0.924142094977   -0.379216825238   0.0464324432909
0.885017693714   0.451795148367   0.112360266087
0.339254694695   -0.46057404322   -0.820230363649
-0.318825873497   0.764037133414   -0.560889802873
-0.256985664481   0.769724614554   0.584365061018
0.638372964793   0.589177912825   -0.495327558429
-0.725560793188   0.245750788539   -0.642781663072
0.091643548192   -0.0337291006037   0.995220482283
0.872362086546   -0.479226748104   -0.0965718110342
0.480193555288   0.877042799697   -0.0144940513886
-0.000318776915222   -0.7538093362   -0.657093107366
0.968292769418   0.163920961328   -0.188517916862
0.249817893243   -0.636318612758   0.72985590004
0.0498924772193   -0.513553380763   -0.856605881576
0.995839297974   -0.0399038432516   0.0819252320402
-0.07625486118   -0.857129264546   0.509425759838
-0.395191079033   0.326930452706   0.858452391138
0.585640270831   0.809644720757   -0.0387414732219
-0.707707214842   0.487434003389   -0.511428010165
-0.0728959886983   -0.997291709744   -0.00974542556933
-0.951987411343   0.0666651849193   0.298789780189
-0.297330954137   0.0310581676411   -0.954268766851
0.45326439967   0.0497082517671   -0.88998902553
-0.222307830192   0.97319795806   -0.0588639334744
0.863209478918   0.224532455861   0.452166522005
-0.796758838345   -0.413941364685   -0.440232568167
-0.334703933397   -0.304240470494   0.891848744281
-0.503115736626   0.857947231658   0.103872707138
-0.717146864967   -0.113121419213   -0.687687524447
-0.322518869302   -0.820860142173   0.471360833614
-0.61781240333   0.559824080437   0.552184295892
0.0699949470568   -0.228894057093   -0.97093159079
0.687273678961   -0.694392273191   0.213246675238
-0.723018349403   -0.682221932306   0.108708969964
-0.884459393753   0.451300359945   0.118570818166
-0.466607533712   -0.853826969962   -0.230773474257
-0.00290917342487   -0.259435872714   0.965755950063
0.498615784645   -0.864383557183   0.064987620776
-0.55176995073   -0.258675380895   0.792866339778
-0.668529914255   -0.43119389763   -0.605920504688
-0.604280385716   -0.151485838225   -0.782238032162
-0.471399076512   -0.7235266269   0.504272887782
-0.642360653222   0.673468837814   0.365803435011
-0.349878405895   -0.894730443244   -0.277565416284
0.936544185395   -0.340936076968   -0.0815328483069
-0.0216821398214   -0.288478856214   0.957240740426
0.64280612395   0.374480554064   -0.668254879089
-0.542780182163   -0.392919532884   -0.742296331327
-0.540545967193   0.839868135054   -0.0493104407384
0.74278097892   -0.565127677699   0.359037695349
-0.495095915576   -0.824612491663   -0.273680381291
0.450729844988   0.0255269391457   -0.892299225641
-0.651028383046   -0.435070803103   -0.621994788125
-0.643953522382   -0.117253426317   0.756027049554
-0.401855672076   0.892729765905   -0.203831051028
-0.901941123986   0.225912702226   0.368058989388
0.0556665369802   -0.7843365829   0.61783413017
0.428258339507   0.577738026024   0.694848077122
0.576388140336   0.191047957945   0.794529635324
-0.335067012501   -0.83154225831   0.443020724216
0.745323259248   -0.521572567067   -0.415277179745
-0.46877950087   -0.460863487909   0.753558639456
0.428677512219   -0.864603064169   -0.262101372444
0.772322062422   0.20016589228   0.602870008318
0.743397396296   0.120974206334   0.657818783652
0.226719864613   0.87970389885   -0.417994202261
-0.629252265561   0.459876387234   0.626542332238
-0.663457513219   0.50846573234   -0.548894698396
-0.042429872896   -0.757994220679   -0.650878678437
-0.747009033933   -0.408541242953   0.524472281202
-0.594029871973   -0.348747293508   0.724916408174
-0.526258478916   0.850032143303   -0.0223016855878
-0.608424594291   -0.394741278664   -0.688475704811
0.572957732863   0.560346089085   -0.598106694759
0.112469471773   -0.776619626135   -0.619848568364
-0.811831248344   0.287878255919   -0.50799198501
0.893688626819   0.445427445448   0.0539930341911
0.43156516341   -0.886265564843   0.168192559204
0.122769567199   -0.127010306993   -0.984276432458
0.671435179522   0.737375589554   -0.0738378433397
0.332707049791   -0.210915290462   0.919141291163
0.66217883249   -0.641710163572   -0.386945999997
0.227082830109   -0.20267048914   -0.952553454179
0.782177935652   0.620674986993   0.0544081637343
0.580199178916   -0.757421444199   0.299469011019
-0.228799724366   0.214707285185   -0.949500616874
-0.380571812373   0.878020654355   0.290249584926
0.895999852334   0.42776220919   -0.119179338682
-0.183108956413   0.129965941849   -0.974489637385
0.178979914131   -0.970294121523   -0.163030440395
-0.9666888795   -0.204258630459   0.154359398979
0.555868803253   -0.818990721102   -0.142351976953
0.390147642498   0.105823589025   0.914650868516
-0.734026364408   -0.563964177031   0.378351320346
0.198356707858   0.894357608601   -0.400972681058
0.304001199051   0.332786718748   0.892656863676
0.931792838561   -0.298960654987   -0.205875308523
-0.489582008276   -0.586322404952   0.645395491097
0.140963024884   -0.783652821623   -0.604993797938
0.860487494443   -0.205217219989   0.466312244213
0.177146658325   0.47703967513   -0.860843892774
0.780900130881   0.464232174487   0.417951519214
0.599010888853   -0.74627182392   -0.290283166262
0.218187279172   0.531057995712   -0.818762308792
0.355577987587   0.738043963272   0.57345915605
0.908822649284   -0.416255347238   -0.0278007291712
0.259268694585   0.261193116941   -0.929816052234
0.771765848436   -0.634837202635   0.0368670880748
-0.580652400767   -0.727158760284   -0.366173334389
0.943932649291   0.325523799575   -0.0550036203129
0.28450438968   -0.886605832941   -0.364673785989
-0.167476549373   0.328578717883   -0.929509141366
0.727796625071   0.616243751977   0.300924777446
0.0373661539295   -0.473779651965   0.87985036879
0.684774308858   -0.629107732482   -0.36784189826
0.597619915855   0.0337290123132   0.801069811159
0.407390481981   -0.873305216566   -0.267153959527
0.690567508513   0.486004729018   -0.535645516854
-0.743892206558   0.535784269813   -0.399449218893
-0.193604429122   0.399307216291   0.896142342848
0.639641921139   0.743968406481   -0.193311344025
-0.802309462367   -0.364216094492   -0.472911477383
0.341839695694   -0.92983855895   0.13617971784
-0.489330411251   -0.0524016184495   0.870522690411
0.0439493193768   -0.965031698973   -0.258422717167
0.905522330969   -0.0707898899501   0.418351677248
-0.422016337228   -0.252393814734   0.870746562764
-0.614597897873   0.573815816257   0.541299118934
-0.646464115765   0.0268547933098   -0.762471578992
-0.452054724755   -0.818543933309   0.354446492963
0.998148141486   -0.0591327473898   0.0142690513486
0.00533417608544   -0.148583647281   -0.988885454456
0.0605956616083   0.987130292137   -0.147993066898
-0.416276968684   -0.907701030782   0.0528035254724
-0.887184277585   0.392786012763   -0.24211865461
0.199031231696   -0.147635442973   -0.96880577461
0.118336755136   -0.988621785403   -0.0928622316165
0.00595381799646   0.0942240846892   -0.99553321924
0.992955679114   0.117255294063   0.0170362392016
0.391315830421   -0.342712545162   0.854060896083
-0.849083477026   0.223418333049   0.478687240788
-0.354864976958   -0.912486896805   -0.203564426247
0.460961009613   0.197271076329   -0.865216203399
0.457456526644   0.782632579874   0.422160839734
0.760426513485   -0.590398484769   0.270520162576
-0.43606597206   0.181373875203   0.881447675287
-0.887967858848   -0.245791102514   -0.388715618339
0.146149131118   -0.95220285007   0.268235294849
-0.794326568693   0.600050645571   0.094786756321
-0.585190994043   -0.797683952216   0.145780029608
0.163085274979   0.06032859431   0.984765786281
-0.623096137195   -0.73254672994   -0.274091853067
0.731890337568   -0.669675360431   0.125981319253
-0.275839789078   -0.122106705304   0.953416152068
0.0396587684353   -0.73087421999   0.681358945426
0.833559473896   -0.351823865667   -0.425909038304
0.551004302558   0.584844235659   0.595274272904
0.993705787032   0.0925477459731   0.0631167458703
-0.0823517725167   0.221564291718   0.971662214672
0.0759407298972   -0.970744141663   0.227791189729
-0.756504552048   0.113988038884   -0.643977700201
-0.0436994426084   0.973681798474   0.223683055618
0.652526558908   0.19735875366   -0.73161349449
0.715059887269   -0.582368270618   -0.38669957944
-0.351039872629   -0.777499306244   0.521791047637
-0.604533187829   -0.237364881452   -0.76039305498
0.0423637668908   0.897729470767   -0.438505480005
0.866456880606   0.185515692024   0.463504430772
0.497451236532   -0.399581882237   -0.769984733279
-0.36312871463   0.846618532573   -0.389067967954
0.921271323597   0.388663979122   -0.0141116896055
0.139269421277   -0.363561620318   -0.921100413286
-0.975582024679   0.215668321825   -0.0415023532482
0.130878032423   0.419140628382   -0.898437960023
-0.176369529662   -0.881933672304   -0.437131049906
0.619474276547   0.719143111863   -0.314777397009
-0.776106695972   0.500807116397   -0.383210952725
-0.117940754088   0.481690172706   0.868368906361
-0.635512764293   0.208049656108   -0.743531292738
-0.366210802242   0.766569365166   0.527504544775
0.679715448557   0.607525091688   -0.410974573086
-0.823659755119   0.444889663931   -0.351693828299
0.395898013589   0.00702627090129   -0.918276722906
-0.406054337217   -0.895567174433   -0.181931974563
-0.976651277466   -0.124962063223   0.174753336269
0.185320286363   -0.0785555430971   0.979533812342
-0.108676755768   0.989047309695   0.0998783064539
-0.622921545058   0.475952328921   0.62083630045
0.631277562857   0.774544889497   0.0396080144667
-0.462014036578   0.416592770907   -0.782938717106
0.933454053074   0.358536458307   -0.0107301674085
-0.353953146643   0.915847685095   -0.189578966893
-0.0581437736051   0.180761231385   0.981806843616
0.998424894317   -0.0477413131672   -0.0294702803836
-0.00926422949913   0.377774648638   -0.925851223912
0.0553344780459   0.924665929828   0.37673732716
-0.83097775533   -0.412364278789   0.37340534066
-0.547649924512   0.488437948576   -0.679343724579
0.0977517623193   -0.769014978737   -0.631712312344
-0.354436718385   -0.755561664981   0.55090904481
-0.401275947971   -0.409249473496   -0.819446189885
0.844601574012   -0.511508567815   -0.158135441502
0.38321611994   0.238014334257   -0.892465457451
0.383768090422   0.837851553415   0.388235534193
0.840159192551   -0.491277878521   0.22973591476
0.23188593617   -0.401732225696   0.885912011945
-0.946648915091   -0.302727724575   0.110506520041
0.223796125137   -0.864272571735   -0.450497661868
0.0488400354453   -0.609270758869   -0.791456765744
0.998544327972   0.0479432997763   0.0247120176505
0.0228887467952   -0.791511592542   0.610725398033
-0.998104576543   0.0592117626566   0.0177647240828
-0.0182564407241   -0.00778240534906   -0.99981171661
-0.0590620066602   -0.998223789268   0.00883132557905
-0.644722447649   -0.135343493123   0.752339852753
0.310439138513   0.853027531006   0.419489673294
-0.698541807232   0.504010102667   -0.507950093204
-0.803959125565   0.590215251739   0.0727691025037
-0.0328798545944   -0.166295201111   0.985527575584
0.593774621238   0.78993141708   0.153100935494
-0.945868020923   -0.0149325279239   0.324207323577
0.233617640315   0.662101934404   0.712070060726
-0.225291294072   0.749264968391   -0.622772490405
-0.59788211656   0.189971568808   -0.778745518037
0.503286811337   -0.667179079073   -0.549154921223
-0.623887942143   -0.7202635247   0.303286823251
0.29033467108   -0.0915415552718   0.952536559692
0.757323737695   -0.586496619111   -0.287197521719
0.584950006595   0.804761954752   -0.100953689257
-0.205902645854   -0.820555084376   -0.53319172618
-0.24810446146   0.570837927587   -0.782680153983
0.946598246125   -0.0288686809566   -0.321120412127
0.954252345619   -0.172263890117   0.244392335585
-0.167083188503   0.37062283287   0.913631179865
-0.247963040897   -0.912668547099   0.324885307581
0.993074167086   -0.0664159069388   0.0969155622795
0.0817449008496   0.983080596971   -0.163921663089
-0.084388803117   0.170708721952   0.981701106646
0.89599681966   -0.362231375942   -0.256862105674
-0.144301729569   -0.784555296548   0.603034162808
-0.419960381335   -0.503251051616   -0.755229672229
0.835717005528   -0.54882281956   0.0192509067838
0.548807919652   0.835923048608   0.00652090062212
-0.0196710957552   0.00511542263266   0.999793418882
