-0.138590363786   -0.862022114117   0.487555707539
0.711449372452   0.255812630609   0.654522479957
-0.688935761605   0.437581719345   0.577831938062
0.770562272337   0.218319918277   -0.598807313508
0.258307154538   0.751921234205   0.606540907542
0.582675895625   -0.622053753217   0.523008537977
0.949685077503   -0.196892779954   0.24358055506
0.102174002044   0.929909969695   0.353309951197
-0.296072165034   -0.310645588268   0.903238944934
-0.609743592039   0.730941758684   -0.306490830071
0.403784916929   -0.046282633544   -0.913682375994
-0.68203388799   -0.680868481245   -0.266922602251
0.598750266348   -0.682770486721   0.418715399696
0.534527603737   0.729965569906   0.425946605707
-0.596471595572   -0.0312207067954   0.802026748667
0.228819252293   -0.949128663901   -0.216325218586
-0.819221353892   -0.0677081404955   -0.569466486647
0.525849973055   0.307523146198   -0.793039397253
0.947336909681   -0.195929581748   0.253306993937
-0.113273302542   -0.944874429434   -0.307218959152
0.29953629682   0.26234696287   -0.917308054416
-0.993839464979   0.0807159460432   0.0760480980252
-0.107335776901   -0.527709086588   -0.84262319149
-0.0278820400263   -0.845588403358   0.533110136055
-0.986012647399   0.0751083163647   -0.148811258203
0.0641421495108   0.994952196706   0.0771746635451
0.153856538409   0.066549867393   -0.985853067532
-0.890333016422   -0.220286868734   -0.398474286346
-0.454462520999   0.376552457399   0.807262271114
-0.0277827000604   0.899823456474   -0.435369479515
0.894718690563   0.0356515164483   -0.445204936402
-0.44392303722   0.180569974892   -0.877682648248
0.0490999291965   0.982915796691   0.177385860341
0.192673647852   0.685357290524   0.70225513133
-0.376142156107   0.712582310108   -0.592236048164
-0.906307874595   -0.150039470376   0.395087596059
-0.442901768835   0.803921618563   0.396933423546
0.864393332106   0.265321796776   0.427121329241
0.238055201438   0.532276707821   -0.812417003207
-0.839609030261   0.520901808447   0.154006425432
-0.484478851848   -0.846339708643   0.221335348485
0.245635736874   0.111222301421   0.962960375287
-0.0159030400345   0.598653478082   -0.800850227945
0.515711886342   0.691104474144   0.506375207091
0.856614455111   -0.404955075597   -0.31972337652
0.733051567674   -0.680008359397   0.0149678118173
0.666604213273   0.713880259104   -0.214508284187
0.135182199592   0.167223240876   0.976607475433
-0.21678605885   -0.91885126603   0.329722495641
-0.962489614609   0.257623479363   0.0851137682112
-0.163151202832   -0.298902931878   -0.94023398566
0.116395551801   0.921960569219   0.369383273486
0.869367934064   -0.27441611361   0.410974249428
0.480265227917   0.273293152636   -0.833464361392
0.917016405037   -0.0111716807632   -0.398693744201
-0.0570421087368   -0.99301258523   -0.10337552353
-0.394750181694   0.117539332069   -0.91124667815
0.815941059791   0.127641715985   0.56386858932
-0.566875151414   -0.014918025787   0.823668654465
0.113546274223   -0.991708163715   0.0601846825642
0.210028194029   -0.661030656486   -0.720365634737
0.976238840432   0.101588074452   0.191409537261
-0.0533470051266   -0.743450304801   0.666660145256
-0.505518459764   0.344348694804   -0.791122662728
-0.845558140752   -0.0152470644692   0.533665588645
0.171704751546   0.938718012122   0.298874512122
-0.2984808088   0.863853004565   0.405792181831
-0.176185327778   -0.467737628901   0.866129525866
0.938012813668   0.187028371657   0.291808850064
0.160214997631   0.747943161053   -0.644140344161
0.64167117886   -0.574795104549   -0.507816219937
-0.750062566298   -0.331964219224   -0.572026674073
-0.222258926029   0.426809216049   -0.876604134024
-0.909787272904   -0.414055310904   0.0290732491911
-0.350553894223   0.803985092431   0.480333129154
0.948912247873   0.186251241121   0.254707716653
-0.0136001693423   0.830603069704   -0.556698819537
-0.315246857455   0.524794260126   0.790702474393
-0.0839543316537   -0.845520959948   -0.527300606677
-0.0275969391363   0.530938709487   -0.846960728439
0.996087361863   -0.0565541586   -0.0679083845282
0.923206141609   -0.104713583975   0.369764094592
-0.105970422416   0.855496428979   0.506849218206
-0.369405860662   -0.507110368415   0.778703014631
-0.961445976308   -0.266267744882   -0.0687239815697
0.261286200898   -0.962452052323   0.0735896126839
-0.0857380827173   0.052795813373   0.994917877469
0.206284592079   -0.160134172829   0.965299931349
0.24457217118   -0.946767213169   -0.209324854906
0.947434094729   0.279265981619   -0.156139369259
-0.338078154592   -0.242506697221   0.909336995928
0.837698311166   -0.517898700707   0.173328009539
0.428911191074   0.820348438912   0.378237596733
0.63997150584   0.491302318478   -0.590811837511
0.190928898358   -0.846447048149   -0.497065574379
-0.744300175505   0.205304801015   -0.635505900591
-0.327623752652   0.0870736756094   0.940787380006
0.812647975303   0.533892159936   0.233586054323
-0.481939817403   0.841057281969   -0.245676007942
0.764446095569   -0.263020027879   -0.588593775654
0.502823721167   -0.328138509399   0.799683330321
-0.40347301426   -0.907273711896   -0.118591493946
-0.99062433506   -0.09512688246   0.100820458721
-0.0698565470837   -0.285886398161   -0.955899896855
0.119724481593   -0.953716638322   0.276207839412
0.744086382931   0.612105919523   0.267697286388
0.247947616978   -0.625093128758   0.740122157502
0.620368820211   -0.484339934421   -0.616893509443
-0.49378151625   0.396684026369   0.773835649572
-0.86050235664   -0.0946095777323   -0.50058439158
-0.12536157123   -0.913066712843   0.388063990276
0.386356645148   0.874072551804   -0.294492306971
-0.460629641933   -0.0937669872498   -0.882625678598
-0.79909253385   0.476660182656   0.36639622625
0.718103485453   0.673846960778   0.173948270943
0.591614664311   -0.722712195812   0.357325158866
0.366496680047   -0.153686218111   -0.917639943251
0.622073776285   -0.77596055117   0.104449394415
-0.738651321796   -0.537385475954   0.406954586556
-0.259651069273   -0.330307483623   -0.907457701585
0.472661493134   -0.8406027903   0.264533685347
-0.809973334257   -0.296137989605   0.506206983969
-0.34718052874   -0.453529780462   -0.820838869207
0.648582005794   -0.695608933673   -0.308981550091
0.0271706178476   -0.384525491063   0.922714432807
-0.760659677141   -0.606851199536   -0.230496193463
-0.161738004276   -0.565203668668   -0.808941077227
0.352554080889   0.732541796352   -0.582312755163
0.921708453661   -0.379377566154   0.080785003934
0.889065246559   0.451058352665   0.0781622748359
0.319947028831   -0.490135156941   -0.810802880208
-0.32740934235   0.745864447673   -0.580076913099
-0.227661038296   0.793449587944   0.564454053139
0.626466221932   0.56312776575   -0.538913030573
-0.745460058952   0.230921919994   -0.625271620296
0.108751718032   -0.074162740426   0.991298595774
0.881572175605   -0.453608812585   -0.130650180588
0.459351191628   0.888109710803   0.0160491056906
0.0658068118988   -0.680576961105   -0.729715353657
0.968376238281   0.219935584892   -0.117795704039
0.240659424256   -0.69888723466   0.673527791983
0.14851950465   -0.514132559335   -0.844754219446
0.982663154567   -0.0191324192533   0.18441014842
-0.110973440502   -0.85749734088   0.502377566566
-0.404084401888   0.347485447257   0.846149963816
0.522262597411   0.847081903589   -0.0984583108503
-0.750971155683   0.402126999311   -0.523771237806
-0.116077618881   -0.992996042759   0.0220163052094
-0.964469796211   0.117984139669   0.236384546898
-0.237326506792   0.00620490783091   -0.97141000747
0.465095035297   0.185085663069   -0.865696195832
-0.229678666722   0.969642235888   0.0839145060306
0.854946966896   0.159803728354   0.493486018358
-0.810429740843   -0.369111998198   -0.454928488919
-0.379777832148   -0.26025475641   0.887714049446
-0.446063219121   0.892201640976   0.0707376627166
-0.698726513995   -0.142253090459   -0.701107037386
-0.33086735459   -0.804659855429   0.493006522229
-0.634282124361   0.57644834595   0.51516515353
0.0599419864495   -0.324465954314   -0.943996256562
0.672558015575   -0.685686868395   0.278387260276
-0.73761290905   -0.651579308671   0.177120621057
-0.900153192716   0.421207229061   0.110945201457
-0.435459395485   -0.864402946038   -0.251361884673
-0.00997408761033   -0.27457631429   0.961513581807
0.48888893619   -0.866613394012   0.0998440957068
-0.541179782142   -0.21153270495   0.813866317019
-0.684187153876   -0.451923847452   -0.572409648343
-0.588032508373   -0.190673538991   -0.786044789122
-0.433248424478   -0.746398415342   0.50516408299
-0.683021677302   0.637603755937   0.356293252335
-0.343846324343   -0.888410819316   -0.304131355022
0.93625663445   -0.349208555308   -0.0384299224258
-0.0720637178762   -0.297958991492   0.951854641483
0.646601187536   0.355910286477   -0.674710887325
-0.54868490977   -0.397479595346   -0.735496347733
-0.529954510582   0.845776492767   -0.0617281839386
0.761490853495   -0.584122314352   0.280950474185
-0.521136238474   -0.809479146227   -0.270487185008
0.385420637768   0.0595602063474   -0.920818369503
-0.691854553919   -0.346347571976   -0.63354786738
-0.624995084174   -0.152106660022   0.765667193304
-0.361553157411   0.925693505179   -0.111231004167
-0.896864247375   0.192743920493   0.398214151426
0.096687548566   -0.79299926434   0.601572067832
0.431713153883   0.578002781963   0.692496325253
0.564088737801   0.149868792778   0.811999568561
-0.381199740881   -0.825056934638   0.417094781929
0.73245526276   -0.544812485642   -0.408275437124
-0.444372887721   -0.467082590154   0.764438852073
0.401493549058   -0.866659271967   -0.29615005217
0.800834461452   0.175316220899   0.572650362547
0.809931313323   0.130414350229   0.571842079162
0.170558957654   0.880464484552   -0.442370808816
-0.561178143025   0.455822759176   0.690872420672
-0.621740747182   0.531313808414   -0.575452399992
-0.02938107237   -0.750028032991   -0.660754263095
-0.782672715925   -0.393909990482   0.481932341086
-0.589491343971   -0.383232487075   0.711078691502
-0.513764125936   0.857173573438   0.0360540694275
-0.62333495615   -0.344073151918   -0.70218750642
0.566232448015   0.485681637617   -0.665953609284
0.0392847130617   -0.822939359854   -0.56676955029
-0.823308917816   0.294761528525   -0.485054874785
0.928211065664   0.354103499814   0.114171954912
0.336649978324   -0.930014045023   0.147475091656
0.158402386231   -0.0984521304176   -0.982458304618
0.683488574232   0.729935007269   -0.0061855704827
0.303467737609   -0.276430573093   0.911862653924
0.663890584621   -0.625124829578   -0.410448865618
0.20417402626   -0.162549689346   -0.965344790073
0.7965905518   0.60075877012   0.0673230422421
0.568996008782   -0.782730156394   0.252144884135
-0.315016556316   0.281130628374   -0.906493350472
-0.25218842766   0.895992105333   0.365512172872
0.914967552219   0.343749503785   -0.211354460747
-0.166636112399   0.0745051534644   -0.98320473037
-0.0488016871938   -0.996550969478   -0.0672453514389
-0.984815188267   0.0367766783484   0.169687204616
0.554533573843   -0.831764346819   -0.025701654036
0.287276470203   0.162356577649   0.943987578909
-0.781002390091   -0.530856280764   0.328978506957
0.171705644353   0.878772034338   -0.445282920793
0.392227395466   0.353645699118   0.84917158853
0.903700635239   -0.320459713827   -0.283955503158
-0.465835614416   -0.633917483485   0.617370187214
0.201215800845   -0.755304016491   -0.623721264753
0.861689924172   -0.166326903257   0.479401592435
0.168156098804   0.448392031677   -0.877877070477
0.813385007866   0.439994830712   0.38053830799
0.55689172549   -0.778041875992   -0.290727544327
0.260064856584   0.522580046682   -0.811958365659
0.370722610979   0.722409467162   0.583685973672
0.891589052458   -0.452807536336   -0.00585892505558
0.281268865   0.249364162799   -0.926663616803
0.768888200637   -0.636357009472   0.0621366391394
-0.574194112923   -0.729977767685   -0.37072065759
0.948848721242   0.29896941433   -0.10150585062
0.234070029355   -0.88185151633   -0.409329636466
-0.211889994509   0.364632444013   -0.906723474543
0.754663693887   0.560667234846   0.340785812394
-0.0364063313224   -0.482818591768   0.87496333698
0.655100982444   -0.672709828818   -0.343953831898
0.60686281004   0.0461513268149   0.793465634158
0.334952017138   -0.920183368984   -0.202658179463
0.720780690482   0.388758596717   -0.57388366522
-0.736562175851   0.523562579765   -0.428203488664
-0.209734649048   0.425085274297   0.880519070833
0.643029843493   0.738366224973   -0.203292470072
-0.760871804147   -0.453138679499   -0.464478162244
0.39953562594   -0.891167690923   0.214923236912
-0.511317816689   -0.0220465712049   0.859108887926
0.0343286946294   -0.983186899078   -0.179346319629
0.928480865109   -0.0350241620626   0.369725079268
-0.369790297343   -0.179211809308   0.911667849093
-0.633211257122   0.557894908137   0.536467028163
-0.625154353433   0.0399869309853   -0.779476193824
-0.456317471959   -0.828947750964   0.323450198838
0.989740275078   -0.140907736872   0.0236473592137
0.00256117651713   -0.1479834991   -0.988986514831
0.142855270407   0.978900350308   -0.146104339531
-0.473156164675   -0.880463018559   0.0302248400508
-0.851059928082   0.447947645893   -0.273937836041
0.227652513316   -0.155337735762   -0.961276101059
0.108946733269   -0.982008114079   -0.154242300814
-0.061968158552   0.148154711533   -0.987020841887
0.992114192421   0.11709081466   -0.0447122682227
0.344195167199   -0.281832308271   0.895600508359
-0.853826851346   0.30280116345   0.423427914928
-0.390524555537   -0.910429591586   -0.136413300859
0.367879667161   0.26299518227   -0.891906991285
0.440570234054   0.79538158955   0.416252321003
0.81887875529   -0.546078437569   0.176736865459
-0.426506741683   0.223728426234   0.87637755099
-0.897070578797   -0.22843742873   -0.378260143475
0.115569880337   -0.947503008323   0.29813027765
-0.770084786435   0.627717270501   0.113757226844
-0.623241291396   -0.778341554936   0.0758615475659
0.136161562283   -0.012478381903   0.990608055844
-0.583930760899   -0.755918149221   -0.29599453686
0.778103943598   -0.625124261953   0.0614333916856
-0.231471957548   -0.194441663061   0.953212031448
0.0322305677916   -0.742826212412   0.668708043811
0.861154269213   -0.318963442945   -0.395822814037
0.507320957896   0.588618376921   0.62940755242
0.989645531606   0.140540137199   0.0291580515207
-0.0590890168572   0.213785170479   0.975092004042
0.13080600223   -0.966718365449   0.219875916938
-0.767016258775   0.10515604874   -0.632952164254
0.0317210849178   0.991487116106   0.126281717701
0.640843202033   0.0767821910809   -0.763822402961
0.743974081657   -0.551325869494   -0.377548000038
-0.420229625635   -0.825333506887   0.377137466409
-0.51952840966   -0.121923715732   -0.845710266422
0.0891012631554   0.927612083259   -0.362762781315
0.885796206298   0.0927408012072   0.45471339558
0.455440548725   -0.361849435822   -0.813411941857
-0.415502817174   0.847675791749   -0.329855034119
0.90603612996   0.417741182761   -0.0677592935312
0.0803562235175   -0.327014591013   -0.941597555564
-0.961731616363   0.261816510547   -0.0809614442444
0.178283730139   0.373354053541   -0.910401754585
-0.20812869148   -0.889982335773   -0.405753167464
0.597992881086   0.729212935718   -0.332645465965
-0.799821440426   0.516061387995   -0.306539237644
-0.0518668977266   0.449365258072   0.891841179291
-0.643545971847   0.169023061474   -0.74651177922
-0.361552079837   0.792514344188   0.491122300548
0.674632289021   0.585962648315   -0.448908780497
-0.793651598226   0.473854106163   -0.38170719347
0.435673099255   0.00454907630862   -0.900130759775
-0.42476704917   -0.88062972933   -0.210109108396
-0.973884708017   -0.148964295744   0.171346972483
0.185915296317   -0.0900095499222   0.978434796494
-0.13032900284   0.984737928075   0.115352798263
-0.572784210591   0.520018531151   0.633639510032
0.694743110008   0.71822226284   0.0385849946082
-0.435029093865   0.462317551011   -0.772665664832
0.933711516605   0.358019975594   -0.00212142766708
-0.346278937884   0.901553945624   -0.259405820567
-0.0909598843313   0.242944807809   0.965766079133
0.997545026664   -0.0697896874586   -0.00577228374682
0.0212818995973   0.380657436965   -0.924471192552
0.0667158188494   0.922078795241   0.381208190254
-0.852181662978   -0.408299186184   0.327239597835
-0.51155886884   0.518618925818   -0.685086782851
0.110006834068   -0.751217778601   -0.650828003045
-0.343407338323   -0.796245294948   0.49806164862
-0.461758929629   -0.318647269634   -0.827794161263
0.817832908643   -0.514254715862   -0.25824786511
0.43777228108   0.307182821501   -0.844981740099
0.318122032154   0.826104334191   0.465134390004
0.840924372095   -0.472430251234   0.26392395537
0.155615889203   -0.412389490019   0.89761834494
-0.961857470881   -0.270212354428   0.0426101401846
0.224975532807   -0.870011682024   -0.438709283565
0.0344627101812   -0.601237233138   -0.798327059646
0.998349611306   0.0574283347778   -0.000153099249417
0.0459386360154   -0.797004240468   0.602224107307
-0.995966840748   0.0135851302671   -0.0888361248042
0.0887746238637   -0.00507284066983   -0.996045484116
-0.0139813802059   -0.9999014874   0.00383312710321
-0.562765982747   -0.136330555131   0.815296513234
0.336477105568   0.863115478505   0.376583093219
-0.755034821834   0.486256772094   -0.439859917907
-0.832768278245   0.545249405976   0.0959219953255
0.00406544721478   -0.16723524867   0.985908945202
0.55360763727   0.82142319262   0.137050974048
-0.929336507773   -0.0136516846575   0.368984223062
0.268885369613   0.659853478127   0.701636950542
-0.253054111546   0.751270513106   -0.609555542757
-0.577702655558   0.168315148552   -0.798705499426
0.526801100572   -0.670551497875   -0.522342952294
-0.623491029993   -0.722517522377   0.298710111783
0.301700297347   -0.103825192657   0.947732708513
0.719945091996   -0.626863926063   -0.297860278035
0.625024817049   0.772180037355   -0.114376618275
-0.248680737339   -0.810143360821   -0.530872517614
-0.218825692264   0.580911981904   -0.784000374415
0.943542903871   -0.0787972435736   -0.321741802331
0.948128539358   -0.117971452458   0.295186396729
-0.233075069768   0.373467094832   0.897885480197
-0.21616725992   -0.920111438958   0.326598606631
0.999998188084   -0.000199271470757   0.00189317728638
0.000202191932493   0.999998789815   -0.00154255842261
-0.0018928676074   0.0015429384128   0.999997018192
0.896639107509   -0.404547600064   -0.179943294631
-0.276081500564   -0.82856607395   0.487091324205
-0.346146435843   -0.387066134338   -0.854612868162
0.865754393767   -0.500468311161   0.000892395020544
0.500467779786   0.865754828088   0.000759085506854
-0.00115249354198   -0.000210566652402   0.99999931371
