-0.138824330594   -0.861562312149   0.488301356714
0.711520015694   0.256184962343   0.654300046053
-0.688815722782   0.438268941727   0.577454106359
0.770560741809   0.218231453581   -0.598841531797
0.258339568062   0.75197788414   0.606456869072
0.582663552241   -0.622016317421   0.523066816767
0.949671465964   -0.196692197719   0.243795580708
0.101841808162   0.929872990581   0.353503134667
-0.29623023466   -0.310883256972   0.903105335407
-0.609730906997   0.730960470861   -0.306473289185
0.403271359629   -0.0467800957665   -0.913884235677
-0.682349835091   -0.680814935025   -0.266252526616
0.598597369434   -0.682824751795   0.418845496209
0.534540572702   0.729919174674   0.426009830823
-0.596613415449   -0.0311184536757   0.80192523053
0.22844759602   -0.949131600776   -0.216704703376
-0.819256834903   -0.0671649254325   -0.5694797189
0.525956236318   0.307633086943   -0.792926217746
0.947258211806   -0.196780667743   0.25294132368
-0.114361547968   -0.944878071659   -0.306804881809
0.299371643227   0.261696709873   -0.917547703084
-0.993928285211   0.0807154411405   0.0748488934264
-0.10635479447   -0.528778538879   -0.842074923162
-0.0283900859281   -0.844918064717   0.534144160762
-0.986065141097   0.0768408689494   -0.147579235447
0.0662333953972   0.994943685337   0.0754998163452
0.152634488928   0.0646727592817   -0.986168727859
-0.890333687537   -0.220180095907   -0.398532765625
-0.454465405818   0.376445129099   0.807310860471
-0.0277278709095   0.899894635992   -0.435226505913
0.894639388811   0.0357414279561   -0.445357065235
-0.444074390413   0.180846090126   -0.877549222036
0.0491762239892   0.982861766295   0.17766388777
0.19268481401   0.685333956908   0.702274802145
-0.376062254477   0.712616756665   -0.592245327043
-0.906338629309   -0.149982379484   0.395038669899
-0.442946041532   0.80344366643   0.397850786563
0.864598687621   0.265375022342   0.426672434009
0.237225805636   0.532971417106   -0.812204189498
-0.839647542362   0.520902085722   0.153795394272
-0.484587949097   -0.846363650375   0.221004734162
0.245288658113   0.111038687054   0.963070030792
-0.015535681497   0.598473887799   -0.800991701808
0.515535455106   0.691191624993   0.506435928571
0.856727433477   -0.405071797144   -0.3192726412
0.733131472746   -0.679916690249   0.0152163856161
0.66655008946   0.713917041089   -0.214554042406
0.135015637284   0.167438804322   0.976593582065
-0.217279037562   -0.918860152934   0.329372386669
-0.962342516159   0.258123309166   0.0852610105902
-0.163361658122   -0.298443592128   -0.94034297831
0.116809806544   0.922365227508   0.368244885309
0.869456806945   -0.274183048785   0.410947450094
0.480007051332   0.272167839698   -0.833985173351
0.917141575928   -0.0114194348913   -0.398398057654
-0.0573784372296   -0.992960751811   -0.103627853235
-0.394409851267   0.117900863151   -0.911340903565
0.815841924492   0.127680019501   0.56400333794
-0.567010893461   -0.0149409738182   0.823574771881
0.113580805083   -0.99170286417   0.0602064902655
0.210092085409   -0.661216856211   -0.720176101744
0.976230977804   0.101764569874   0.191355918659
-0.0532393316621   -0.74326057254   0.666880280642
-0.505459806972   0.344718179187   -0.79099917239
-0.845484444418   -0.0148783421571   0.533792695865
0.172239275515   0.938588282928   0.298974304313
-0.298268334617   0.864053422836   0.405521630034
-0.175953512761   -0.467353906693   0.866383754964
0.938123910412   0.187061840053   0.291430019737
0.159571234173   0.748141519868   -0.644069697465
0.641102187478   -0.574665376982   -0.508680742805
-0.750686015691   -0.331741434162   -0.571337481117
-0.222073143161   0.426940399111   -0.876587396881
-0.909833622276   -0.413967583475   0.0288734668319
-0.350551491997   0.803960691151   0.480375769232
0.948838160605   0.186356263164   0.254906824483
-0.0135786887974   0.830607225349   -0.55669314685
-0.315470704185   0.524750401352   0.790642305478
-0.083825834533   -0.845458687086   -0.527420935109
-0.0275620043172   0.531048465887   -0.846893065809
0.996099176929   -0.0564547378709   -0.0678181179092
0.923162600597   -0.104673824181   0.369884042604
-0.106005280187   0.855584956441   0.506692476618
-0.369504661695   -0.506969205988   0.77874805536
-0.961716413935   -0.265273305567   -0.0688034209035
0.260175851194   -0.962655287781   0.0748707063536
-0.0860950859807   0.0541033230762   0.994816803575
0.206255292168   -0.15902783925   0.965489109408
0.244424303824   -0.947051977614   -0.208206857113
0.94747867192   0.278932755323   -0.156464532398
-0.337965873779   -0.242429841108   0.909399241993
0.837768968397   -0.517789873602   0.173311749108
0.428861708233   0.820439869173   0.378095387223
0.639807434681   0.490437906816   -0.591707063807
0.190380778744   -0.847060169567   -0.496230755728
-0.744581593169   0.20484253319   -0.635325458486
-0.327588313028   0.0872554856067   0.940782915213
0.812654763711   0.533940834527   0.233451196228
-0.481952537439   0.841007554207   -0.245821387244
0.764549012829   -0.26204181937   -0.588896343302
0.502950983966   -0.328866217867   0.799304311313
-0.403119245361   -0.907293314897   -0.119640161974
-0.990966772113   -0.093322579704   0.0994632494659
-0.0689655513985   -0.28660546842   -0.955771885226
0.117668154559   -0.953701756308   0.277184474684
0.744680767305   0.611465659865   0.267507652276
0.247648608812   -0.625345524972   0.740009061403
0.619774768584   -0.484822638922   -0.61711142726
-0.493940179993   0.396607970788   0.773773399477
-0.860413724587   -0.0946623450955   -0.500726776995
-0.125345038886   -0.913094299711   0.388004438989
0.386253042093   0.874050733533   -0.294692903111
-0.460505875859   -0.0940913240377   -0.882655747724
-0.799213945219   0.476636282611   0.366162434545
0.717991905552   0.674200250102   0.17303733503
0.591808690024   -0.722161888534   0.358114993048
0.366401925436   -0.154718766141   -0.917503999238
0.622108346055   -0.776059927596   0.103501223462
-0.738633932723   -0.537923668797   0.406274902435
-0.25961784975   -0.329196554808   -0.907871003493
0.472646838342   -0.840439581154   0.26507811919
-0.810006462811   -0.295832632195   0.506332805433
-0.347123362868   -0.454031595908   -0.820585850949
0.648510901243   -0.695695142669   -0.308936670462
0.0270917756134   -0.384500247332   0.922727231623
-0.760723099152   -0.606768305658   -0.23050497582
-0.16172004415   -0.565261976818   -0.808903914654
0.352527780433   0.732515962286   -0.582361170772
0.921721655166   -0.379340568308   0.0808080322815
0.889108067471   0.450991577395   0.0780604710054
0.319838172682   -0.49020659556   -0.810802675504
-0.327399424725   0.745857917052   -0.580090960437
-0.227299015361   0.793374918003   0.564704673971
0.626497767467   0.563082123939   -0.538923982567
-0.745543879781   0.231289323383   -0.62503562678
0.108932563832   -0.0739569495802   0.991294154593
0.881535248887   -0.453661373945   -0.13071732673
0.459379294583   0.888100098044   0.0157771348248
0.065675195843   -0.680786396166   -0.729531821263
0.968382452826   0.219821952949   -0.117956587053
0.2406703565   -0.698718980826   0.673698430079
0.148628228157   -0.514040822137   -0.844790918267
0.982686108004   -0.0187911017372   0.184322876298
-0.110624027884   -0.857559877074   0.502347876537
-0.403529800981   0.347313982137   0.846484935667
0.522809845098   0.84677393936   -0.09820268232
-0.750888549898   0.402922943946   -0.523277689009
-0.114526191815   -0.993207597046   0.0206069381993
-0.964926206379   0.116147852219   0.235433339676
-0.236227417915   0.00707886700898   -0.971674036626
0.465224648693   0.184868545741   -0.865672951549
-0.229741437822   0.969653849457   0.0836079222384
0.854859584958   0.159984479589   0.493578836316
-0.810570599911   -0.369066546799   -0.45471442768
-0.379681716801   -0.259985862586   0.887833972084
-0.445889134913   0.892298858059   0.0706090622239
-0.698362299997   -0.144183862314   -0.701080492603
-0.330501231656   -0.803872707258   0.494541346621
-0.634879342186   0.577072977614   0.513730132048
0.0601069693576   -0.324659262742   -0.943919267751
0.673518772279   -0.68473695391   0.278402389442
-0.736722257234   -0.65248125657   0.1775065791
-0.900154989505   0.421129039165   0.111229402536
-0.435460784797   -0.864360030876   -0.25150801653
-0.00977509695938   -0.274832148496   0.961442536441
0.488688585158   -0.86676398811   0.09951709445
-0.541033843133   -0.211586056044   0.813949453608
-0.684445647044   -0.451609921678   -0.572348341419
-0.588255535734   -0.190414173983   -0.785941184786
-0.433404757164   -0.74628590806   0.505196896136
-0.682730854777   0.637813475668   0.356475596861
-0.343727120127   -0.888524343443   -0.303934484479
0.936314175653   -0.349047294915   -0.0384936785918
-0.0718849373432   -0.297809485964   0.951914946995
0.646559996365   0.355900974771   -0.674755254667
-0.548675893047   -0.397575719221   -0.7354510577
-0.530014077108   0.845735177251   -0.0617822571876
0.761872781659   -0.583492869219   0.281223770912
-0.520418161234   -0.809919306526   -0.270559219321
0.385636714037   0.0597781337301   -0.920715994528
-0.692493261975   -0.344666374963   -0.633766249135
-0.624940557521   -0.152296317854   0.765673653166
-0.360421791986   0.926289335768   -0.109932584421
-0.897493576824   0.191634549314   0.397351594046
0.0972459302482   -0.792676973873   0.601919724065
0.430296779945   0.578826679307   0.692691601602
0.56441562706   0.150256109618   0.811700798413
-0.380901264764   -0.824954928066   0.417569093669
0.732358731171   -0.544860370195   -0.408384793671
-0.444336438238   -0.467100438272   0.764449065584
0.401669326628   -0.866610689972   -0.296053620707
0.800766473669   0.175508332719   0.572686562289
0.809792347166   0.130502480325   0.572018751621
0.170589375552   0.88045890637   -0.442370179901
-0.561369410038   0.455808308115   0.690726547752
-0.622499022522   0.530248313611   -0.575614773955
-0.0287641199026   -0.750500846428   -0.660243768091
-0.782092237201   -0.394443828459   0.482437575298
-0.590079834516   -0.382917494134   0.710760101275
-0.513214439706   0.857509169275   0.0359020627141
-0.623230830236   -0.343587269723   -0.702517655341
0.566977595324   0.484985697778   -0.665826868419
0.0383957957348   -0.822985510974   -0.56676379408
-0.822837960128   0.295777464255   -0.485235881811
0.928463200218   0.354263935801   0.1115954405
0.337159697529   -0.9299197212   0.146912371742
0.155819821947   -0.0987773779756   -0.98283981283
0.683873483248   0.729576320984   -0.00595569028393
0.303228558637   -0.276789967455   0.91183322697
0.663603435505   -0.625384509274   -0.410517701018
0.204487400924   -0.162719653554   -0.965249820021
0.79653207808   0.600820976914   0.0674596264894
0.568965332242   -0.782647089667   0.252471744387
-0.315425280284   0.281523141312   -0.906229312705
-0.252820369554   0.895533822161   0.366198075406
0.914652232839   0.344621372812   -0.211299218567
-0.166363919647   0.0729195298129   -0.983366892217
-0.0472599780685   -0.996709522465   -0.0659135301777
-0.984933600305   0.0355083252124   0.16925802278
0.554619203238   -0.831704900672   -0.0257776471375
0.287483855079   0.162452266571   0.943907979836
-0.780865264922   -0.53092014421   0.329200885003
0.171986061737   0.878861171792   -0.444998692497
0.39194656689   0.353385496026   0.849409548282
0.903769154326   -0.320502313137   -0.28368923944
-0.465685069206   -0.633919633304   0.617481653143
0.201039158429   -0.755297225494   -0.623786573947
0.861812595774   -0.166350027264   0.479173055038
0.168328355387   0.44855196742   -0.877762333023
0.813325121679   0.439904782438   0.380770323941
0.556927129162   -0.778000594905   -0.290770135897
0.260122270942   0.522659554958   -0.811888795823
0.370497450113   0.722445672682   0.583784119445
0.891665894061   -0.452657981557   -0.00571982356087
0.281315914379   0.248882730604   -0.9267787519
0.76847833872   -0.636841409052   0.0622440221278
-0.574719506791   -0.729719577494   -0.370414687585
0.94863056527   0.299464159743   -0.102084740214
0.234516018168   -0.882133272807   -0.408465540662
-0.212373054736   0.363542401537   -0.907047734382
0.754699234996   0.560572280703   0.340863296381
-0.0364851028046   -0.482887738253   0.874921878679
0.65505565106   -0.672739306586   -0.343982472502
0.606278572877   0.0451136231703   0.79397184961
0.334905345021   -0.920024012827   -0.203458644375
0.721293939282   0.389257974997   -0.572899869449
-0.736539466793   0.523717450318   -0.428053538091
-0.209720326248   0.424837293526   0.880642220308
0.643060793392   0.738399192621   -0.203075298281
-0.761108661788   -0.45345422374   -0.463781965055
0.400004985464   -0.891006288903   0.214720063857
-0.51059813527   -0.0220898436239   0.859535717699
0.034231536493   -0.98318715417   -0.179363451545
0.928430422906   -0.0351451110909   0.369840234184
-0.369925908391   -0.179186687208   0.911617768478
-0.633143628565   0.558233184121   0.536194909222
-0.625145989158   0.0396890329323   -0.779498136742
-0.456422787302   -0.82873431514   0.323848305588
0.989774789024   -0.14070791039   0.0233912507922
0.00236532501574   -0.147775824054   -0.989018033899
0.142619325119   0.978960443579   -0.145931964927
-0.47296181409   -0.880612674981   0.0288009379039
-0.850698832302   0.447896369662   -0.275137664059
0.229389786346   -0.15463037906   -0.960974076788
0.108982823946   -0.982007970806   -0.154217707767
-0.0618419477306   0.148143258144   -0.987030475755
0.992118102656   0.117106497864   -0.0445842196951
0.344327433306   -0.282278812525   0.895409005002
-0.853913760779   0.302241366331   0.423652500184
-0.390217764064   -0.910477250545   -0.136971767752
0.368293589862   0.26284075563   -0.891781688181
0.440556057143   0.795334252185   0.416357768303
0.818700313124   -0.546221720451   0.177120419808
-0.426363644991   0.223580426651   0.876484975111
-0.897141151947   -0.228301496366   -0.378174888323
0.115550301861   -0.947570728491   0.297922607273
-0.769714061675   0.628088709446   0.114215344444
-0.623709145455   -0.778027771429   0.0752329634658
0.136115663007   -0.0133292903968   0.990603279795
-0.583848348389   -0.755880477059   -0.296253084464
0.778232989681   -0.625009069185   0.0609685070086
-0.231245755477   -0.194957558138   0.953161556847
0.0327274787759   -0.742101739114   0.669487798871
0.861370255287   -0.31879953457   -0.395484676088
0.506922269524   0.58962009338   0.628790867486
0.989678309176   0.140214088071   0.0296117249495
-0.0594919671525   0.214000432334   0.975020282528
0.130374654717   -0.966718084553   0.220133197638
-0.766601821429   0.105121540249   -0.63345990172
0.0315072074245   0.991478275728   0.126404613329
0.641349577993   0.0769434348473   -0.763381139377
0.743020690576   -0.551723722802   -0.378842285832
-0.419782076465   -0.825055087618   0.378244859212
-0.521251908501   -0.122012699908   -0.844636865122
0.0885997174378   0.927198798603   -0.363940313529
0.885636837429   0.093883763065   0.454789297
0.455848172236   -0.36261315523   -0.812843336973
-0.414836420648   0.847589264429   -0.330914455147
0.906381140268   0.416874388386   -0.0684796674665
0.0799072360085   -0.328342313927   -0.941173627066
-0.961852695287   0.26110509206   -0.0817455364964
0.179201202285   0.375429166114   -0.909365635157
-0.206748956313   -0.889316063166   -0.407903551267
0.597903227839   0.729330902106   -0.332547973272
-0.799871797555   0.515891096907   -0.306694425363
-0.0521231884033   0.449369333964   0.891824182227
-0.643541172517   0.169238625566   -0.746467071885
-0.36161120375   0.79232386312   0.491386038288
0.67460517276   0.586157989725   -0.44869444998
-0.794200916765   0.473195005814   -0.381386880096
0.434825409809   0.00391233195889   -0.900544673974
-0.424613151964   -0.880988270814   -0.208919283069
-0.973822998377   -0.148565864181   0.172038276871
0.186703184629   -0.0910736715853   0.978185885748
-0.129656876247   0.984699898561   0.116427236069
-0.572766492765   0.520286109142   0.63343577629
0.694726135425   0.718257643484   0.0382302177362
-0.435079435054   0.46196138088   -0.772850268586
0.933613717638   0.358274817376   -0.00214057734249
-0.346548467966   0.901507828989   -0.259206085021
-0.0909372651206   0.242740170544   0.965819664184
0.997559625899   -0.0695599163649   -0.00601754313027
0.0209714141908   0.380724408592   -0.924450716883
0.0665957399302   0.922068514913   0.381254068415
-0.851702949977   -0.409510330844   0.326966897208
-0.512155728031   0.518428218943   -0.684784438046
0.110916965265   -0.750689353379   -0.651280637604
-0.343847753094   -0.796242259282   0.497761888459
-0.461332313556   -0.31845898743   -0.828104028407
0.817888213351   -0.514375397865   -0.257830829512
0.437926402721   0.307019957196   -0.84496106628
0.318342932354   0.826022159956   0.465129192974
0.840760509934   -0.472679737899   0.263999279613
0.155021134843   -0.412088154408   0.8978595564
-0.961787818524   -0.270574862436   0.0418737304007
0.225682569468   -0.870041705986   -0.438286182198
0.034670665843   -0.601313893195   -0.798260319485
0.998337860708   0.0576324924362   -5.28422974771e-05
0.0460375030802   -0.796931671328   0.602312589764
-0.996005846999   0.0132963453689   -0.0884550619119
0.0883945563146   -0.00507974295542   -0.996079850983
-0.0136928153404   -0.999905932735   0.00386969569185
-0.562964633154   -0.136219235057   0.815177936588
0.336476607329   0.863108106349   0.376600428886
-0.754886906113   0.48630104906   -0.440064746288
-0.832661326566   0.545472967151   0.0955766315935
0.00365904736423   -0.167165851828   0.985922172476
0.553770947027   0.821288719584   0.137196316499
-0.929430675341   -0.0129852606544   0.368769489082
0.269644576628   0.658323701791   0.702781524542
-0.251895524708   0.752623047712   -0.608364997933
-0.577706240607   0.168907090639   -0.798577757765
0.527184947943   -0.669715924783   -0.523026943093
-0.623162957122   -0.723153889065   0.297853357083
0.301730387804   -0.103771485368   0.947729003648
0.720043353757   -0.626747679827   -0.297867325428
0.624897074918   0.772281589624   -0.114388862938
-0.248592540082   -0.810186673933   -0.530847656599
-0.218975265556   0.580871336482   -0.783988712127
0.943531406054   -0.0786512622183   -0.321811113669
0.948140691768   -0.118080034226   0.295103935751
-0.232949174315   0.373515196419   0.897898137486
-0.216249646392   -0.920077979648   0.326638310302
0.999995353402   0.000844593181908   0.00292913599515
-0.000840132510122   0.999998486167   -0.00152375889394
-0.00293041851728   0.0015212909513   0.999994549146
0.896511688555   -0.404716498337   -0.18019808173
-0.275956488333   -0.828354299269   0.487521464683
-0.346575834749   -0.387341861866   -0.854313455361
0.86571352465   -0.500538760768   0.0010207553111
0.50053799714   0.865714079435   0.000919685635933
-0.0013440205533   -0.000285257473836   0.999999056118
