-0.140024906925   -0.861183527271   0.488626667777
0.710405346593   0.256377906204   0.655434705839
-0.689722648343   0.438900150881   0.575890049603
0.772290922321   0.218555346392   -0.596489974567
0.257156223319   0.751033816962   0.608127355318
0.580893627098   -0.623042345304   0.523813731734
0.949577947024   -0.194939109387   0.245561532054
0.0989053818565   0.929468614791   0.355395300154
-0.297522180405   -0.31318818235   0.901883426139
-0.610110420288   0.731579515034   -0.304230770276
0.399135145241   -0.0479087783758   -0.915639488112
-0.684438517497   -0.680070547473   -0.262769309545
0.597125090482   -0.683574495621   0.419723169501
0.534790577583   0.729246676732   0.426846957506
-0.597863419358   -0.030417033731   0.801020684945
0.2289606744   -0.948827072594   -0.217495401164
-0.81822340152   -0.0665489046084   -0.571035710524
0.527340050081   0.308704557468   -0.791589598471
0.947469646989   -0.196888750468   0.252063647994
-0.114085061525   -0.944275712898   -0.308751970579
0.298807398566   0.263776421498   -0.917134637526
-0.994196959664   0.0780596609838   0.0740545873295
-0.104384240913   -0.532756505987   -0.839808471479
-0.0261021613379   -0.842663057127   0.537809264698
-0.985985189626   0.0733588349851   -0.149868306856
0.0622830030354   0.995059658152   0.0773118761703
0.154799404402   0.0668937963769   -0.985683105919
-0.890190100552   -0.219669980369   -0.399131895222
-0.454751861653   0.375353032061   0.807657544112
-0.0276027966217   0.900474910235   -0.434030767277
0.893821787734   0.0363786377793   -0.446944298698
-0.445609177571   0.183526138632   -0.876213795053
0.0501504964095   0.982341462267   0.180250316358
0.193162046922   0.685010113029   0.702459648485
-0.37525083849   0.71309013901   -0.592190221106
-0.906573340064   -0.149209901844   0.394792573488
-0.443628280499   0.802913871442   0.39815310448
0.863987830315   0.265092788955   0.428079643969
0.238162987526   0.533906796698   -0.811310806463
-0.839946569667   0.521073342318   0.151566543538
-0.485837875848   -0.846488683457   0.217758013774
0.241767250855   0.109268321563   0.964162347312
-0.0125232212643   0.597318639122   -0.801906239914
0.514657725654   0.691435893184   0.506994903982
0.857304263187   -0.406358032524   -0.316073656995
0.733914905985   -0.679018302016   0.0174084360158
0.665984885641   0.714316187346   -0.214980263611
0.133540406675   0.169370974998   0.976463226332
-0.215433886869   -0.919677296546   0.328302260463
-0.962338605789   0.257032645502   0.0885376211276
-0.165810469563   -0.296863896025   -0.940414512637
0.115773545218   0.921654169093   0.37034734867
0.869365279208   -0.274371392252   0.411016488828
0.480424372176   0.274379546203   -0.833020386254
0.917807457581   -0.010663499701   -0.396883219602
-0.0567472648054   -0.992905434156   -0.1045532567
-0.392950058105   0.118481751015   -0.911901662174
0.814849804224   0.128416148391   0.56526904094
-0.56829037014   -0.0153198822747   0.822685451641
0.11430595356   -0.991602032051   0.060494257952
0.210525763984   -0.662833554929   -0.718561474413
0.97619249087   0.103273863358   0.190742608794
-0.0522219763995   -0.741610545031   0.66879493826
-0.504731485611   0.348156365214   -0.789957818252
-0.844848213138   -0.0111471676601   0.53488998158
0.177419576186   0.937370226217   0.299765560172
-0.29655330645   0.864564390417   0.40569027823
-0.175565405254   -0.466912976029   0.866700131842
0.938740100084   0.185797591158   0.290252144368
0.161689357859   0.74854644354   -0.643068150433
0.642225049097   -0.574584095245   -0.507349604543
-0.749269918354   -0.330960506375   -0.573640347245
-0.220012056624   0.427962372203   -0.876608792998
-0.910342326264   -0.412983692636   0.0268589505364
-0.350530479409   0.803923355918   0.480453589767
0.94821541248   0.187075946134   0.256690713717
-0.0132208199904   0.830694440479   -0.556571611227
-0.31735270922   0.52435611838   0.790150568868
-0.0828427136564   -0.844943321261   -0.528401232239
-0.0272138332463   0.531944135762   -0.846342035429
0.996190988544   -0.0557334505484   -0.0670618409337
0.922898975768   -0.104317915957   0.370641675029
-0.106123541813   0.856402648398   0.505284370014
-0.370128724542   -0.505660234859   0.779302540336
-0.96080650761   -0.267356884017   -0.0733049123163
0.261914897427   -0.962093425036   0.0760216304076
-0.090850977468   0.0538423472059   0.994407918589
0.20666409455   -0.1587835703   0.965441892197
0.245912044873   -0.946639330116   -0.208331523387
0.947004506638   0.280468421133   -0.156589884284
-0.336733587681   -0.241921931305   0.909991383002
0.83892981728   -0.515917176375   0.173280934216
0.427559703037   0.821768397809   0.376682124134
0.638884045337   0.490296800787   -0.592820615036
0.189092178995   -0.847036614118   -0.496762939573
-0.745701939328   0.20527619791   -0.633869515
-0.327233514172   0.0888011965203   0.940761685299
0.812754249876   0.534303001893   0.232273163094
-0.482025653196   0.840615631832   -0.247015393426
0.763465465611   -0.266695172808   -0.58821269136
0.50163325546   -0.328789616661   0.800163408256
-0.406797938161   -0.905964175725   -0.117236352537
-0.991481248342   -0.0897597792453   0.0979551180448
-0.0685707750625   -0.286125744202   -0.955967488315
0.113798382803   -0.954211177852   0.277092708816
0.744498225416   0.610959864869   0.269166222371
0.24821477355   -0.627572508987   0.737931091426
0.619767567672   -0.482577364804   -0.618875893794
-0.495252340811   0.396283773678   0.773100387872
-0.859643282396   -0.0950361829168   -0.501977581614
-0.125453043162   -0.913196165198   0.387729628873
0.385455164466   0.873680700387   -0.296827127307
-0.459459851657   -0.0972386573028   -0.882859715198
-0.800200571388   0.47668298247   0.363940068
0.719166471984   0.672756484222   0.173776324929
0.590372791958   -0.723510405274   0.357759868572
0.366414334715   -0.154696056774   -0.917501535989
0.620373683498   -0.777413641524   0.103752458755
-0.740226542067   -0.53663814819   0.40507328512
-0.259231960114   -0.328097134811   -0.908378396838
0.472016727163   -0.841476924727   0.262900760449
-0.810087688277   -0.296352651708   0.505898291135
-0.347790399515   -0.451765125727   -0.821553505476
0.648003122996   -0.696325765243   -0.308581224871
0.0263196478873   -0.38444029612   0.922774566099
-0.76118277688   -0.606082545832   -0.230791457141
-0.161844831073   -0.565845278715   -0.808470996687
0.35231140473   0.732147719864   -0.582954874821
0.921782461336   -0.379181793518   0.0808594250762
0.88957925887   0.450195070015   0.0772860375742
0.318867351519   -0.490890424887   -0.810771283634
-0.327066269745   0.745889308922   -0.580238449091
-0.229041559545   0.794708979216   0.562118996578
0.62720943698   0.562101043691   -0.539120392178
-0.744411479038   0.229085384632   -0.627193473737
0.110560616336   -0.0721000198136   0.991250669831
0.881193028032   -0.454152186145   -0.131318554002
0.459646767253   0.888001859469   0.0133227248822
0.0641299901707   -0.682639358055   -0.727936029352
0.968479814519   0.218507163515   -0.11958878742
0.240695253097   -0.697322117849   0.675135292466
0.149584431061   -0.512899337829   -0.845315769855
0.982934953152   -0.0154384323998   0.183304427133
-0.107067078892   -0.858309911622   0.501837350721
-0.401264257344   0.346507039985   0.847891499439
0.52431103321   0.845918375186   -0.0975707795898
-0.75105596598   0.405407187672   -0.521114274303
-0.117097652547   -0.992961927928   0.0177892395659
-0.963244124926   0.117915763853   0.241366892468
-0.24176559547   0.0111279230306   -0.970272424592
0.466265899844   0.18239086728   -0.865638317381
-0.230261252714   0.969809105081   0.0803122407321
0.854152141298   0.16187610091   0.49418646386
-0.810440389209   -0.365833462982   -0.457970283256
-0.384089352397   -0.258961870844   0.886386775232
-0.44277112864   0.894076072431   0.0691333149994
-0.697983250988   -0.141919769588   -0.701916473171
-0.330095969382   -0.806068268503   0.491222676918
-0.635503428242   0.574562308475   0.515767381472
0.0585258108755   -0.325201350456   -0.943831913109
0.672715228791   -0.685699587099   0.277974931954
-0.737583093281   -0.651198835613   0.17863690208
-0.900126875996   0.420518300372   0.113735265387
-0.435552724761   -0.863919337489   -0.2528575717
-0.00807313405934   -0.27714163647   0.960795156403
0.487936260226   -0.867260182967   0.0988837172474
-0.541244531741   -0.211728871856   0.813772242025
-0.684815720729   -0.450589258715   -0.572710026802
-0.59010226627   -0.187739768017   -0.785196561329
-0.435167306054   -0.745234650021   0.505227998435
-0.680006820671   0.639827862918   0.358065985154
-0.3427784267   -0.889450008868   -0.302294073809
0.936787073613   -0.347696687671   -0.0392054526237
-0.0702353475583   -0.296623954746   0.952408120549
0.646357204008   0.355690447709   -0.675060490923
-0.548440011123   -0.398533544664   -0.735108531328
-0.530505339461   0.845372878699   -0.0625201507996
0.76223472315   -0.582380721616   0.28254491271
-0.518516371297   -0.810637806613   -0.272052373438
0.387478651419   0.0608639161295   -0.919870413352
-0.690972982244   -0.346980313638   -0.634162747175
-0.625960896591   -0.151592950018   0.764979398525
-0.361566983968   0.925540483272   -0.112450186627
-0.896691417253   0.194070310586   0.397887485101
0.0963138279252   -0.791752011215   0.603227813147
0.432089554145   0.579220909976   0.691235969001
0.564915288182   0.148977826313   0.811588769978
-0.381174494549   -0.825217308755   0.41680022536
0.731831079549   -0.544813757556   -0.409391333096
-0.443552279449   -0.466913844341   0.765018082379
0.402378414875   -0.866460037586   -0.295530697938
0.800845063447   0.176743441586   0.572196547993
0.808497060385   0.13090074625   0.573757352534
0.171151017809   0.880506661909   -0.442058082654
-0.563062904176   0.45560181515   0.689483251848
-0.62337147838   0.528897479069   -0.575912807994
-0.0275480617918   -0.750929192627   -0.659807976689
-0.781440471225   -0.395440157856   0.482677848273
-0.59086166305   -0.38163531832   0.710800211675
-0.513361195844   0.857511941466   0.0336682259409
-0.622368652575   -0.345003986421   -0.702587694841
0.56636422194   0.486682503592   -0.665110398793
0.0409323378612   -0.822635983303   -0.567093594555
-0.823138047719   0.293957041021   -0.485832760133
0.927923100838   0.355548296213   0.112002053909
0.338522944688   -0.929540143037   0.146171914466
0.15608096277   -0.0977211426422   -0.982903071204
0.685129048645   0.728384602186   -0.00735295472925
0.302635151264   -0.275452076172   0.912435285992
0.662578417898   -0.627361185604   -0.409155005441
0.207208221392   -0.16422234134   -0.964414728979
0.796002451021   0.601391425112   0.0686181367611
0.568722115656   -0.781894732895   0.255334635502
-0.313143715159   0.280496136166   -0.90733838207
-0.254182531618   0.895780882232   0.364647572744
0.915058611567   0.344816660393   -0.209210936091
-0.16723814038   0.0726122923238   -0.983242265288
-0.0428131267386   -0.99688387689   -0.0663376211588
-0.984989813868   0.0310015935983   0.169819273665
0.553453844359   -0.832411756349   -0.0279196091301
0.289105544257   0.16056700071   0.94373524479
-0.781093349711   -0.530385610542   0.329521281463
0.174318683284   0.879725793143   -0.442374799519
0.38923473074   0.351104204979   0.851599737365
0.904493924112   -0.320637360852   -0.281215802218
-0.465050147759   -0.633667239618   0.618218483156
0.199635869193   -0.755404517485   -0.624106897065
0.862481178468   -0.166822446534   0.477803781581
0.171155266301   0.450078713597   -0.876433155995
0.813103514613   0.437827312043   0.38362736299
0.556388892669   -0.778290710903   -0.291024136741
0.260200652484   0.523425461862   -0.811370078677
0.368919553373   0.722665491125   0.584510864245
0.892297025567   -0.451420395148   -0.00506385528184
0.281579115915   0.248098528682   -0.926909031212
0.769023752509   -0.636071976883   0.0633638538731
-0.573860348999   -0.730656985162   -0.369898267394
0.948777619693   0.298774228246   -0.10273749562
0.234135241063   -0.883227948559   -0.406311740563
-0.212136091608   0.361445019557   -0.907940487694
0.754794076848   0.560045942984   0.341517867012
-0.036975282856   -0.483483978279   0.874571971214
0.654918880625   -0.672749467575   -0.344222993888
0.607962079921   0.043096352339   0.792795778333
0.334368653566   -0.91955823769   -0.206426447699
0.720125020562   0.390585431387   -0.573466920973
-0.736432603701   0.524924222658   -0.42675715565
-0.209681879451   0.42264635716   0.881704936969
0.643195630319   0.73879946326   -0.201183488257
-0.760730475591   -0.452971835645   -0.464871838831
0.400578568665   -0.891194045397   0.212861840315
-0.510711386942   -0.0242872157326   0.859409113128
0.035442624644   -0.983233145429   -0.178875299587
0.928063699053   -0.0340158674904   0.370864746051
-0.37073111762   -0.179152089281   0.911297407349
-0.6335399336   0.558204328753   0.535756586921
-0.625391209386   0.0382376445697   -0.779373942101
-0.45553597914   -0.828821955406   0.324870981619
0.990085857442   -0.138870200512   0.0210965079974
0.000644424269859   -0.14569970534   -0.989328671694
0.140462023185   0.97953392148   -0.144165726563
-0.472941104915   -0.880615079436   0.0291733179084
-0.850734972987   0.447770837015   -0.275234474841
0.229312028348   -0.154987393918   -0.960939439157
0.109175457705   -0.982039277175   -0.153881623852
-0.0604977428111   0.147955534126   -0.987141915174
0.992179781687   0.117081149905   -0.0432580372896
0.344888380203   -0.285718139783   0.894101309872
-0.853421833888   0.301135679078   0.425427407337
-0.390798133516   -0.909770548033   -0.139979902661
0.372001911519   0.261286209304   -0.890698656064
0.440485219438   0.794949062231   0.417167544671
0.817060187834   -0.54752671688   0.180629857455
-0.42831369378   0.220033929873   0.876431694512
-0.896059437466   -0.228706969203   -0.380487402292
0.116725875323   -0.948302825304   0.295121761286
-0.770364106141   0.62743991032   0.113393674029
-0.622708803269   -0.778590169705   0.0776589695264
0.137013549341   -0.0107855530556   0.990510453347
-0.585194327733   -0.755460801485   -0.294663511882
0.777006504175   -0.626357636956   0.062745616243
-0.231966593037   -0.192237086191   0.953538883671
0.0338323462191   -0.740689584176   0.670995012149
0.860479346355   -0.319910730617   -0.396525422708
0.508360758647   0.590792735442   0.6265247645
0.989863684673   0.138590944497   0.0310231466541
-0.060717894198   0.21550370413   0.974613498851
0.128387004207   -0.966618169145   0.221734241131
-0.76553346862   0.107209470291   -0.634400737972
0.0313817450592   0.99106763466   0.129615307266
0.642630028038   0.079316273743   -0.762059863063
0.741973756654   -0.553570430626   -0.378199228295
-0.419577043404   -0.823398950705   0.382058637859
-0.522905328521   -0.124793735622   -0.843205826585
0.0896379885529   0.926685989293   -0.364990522987
0.884793877991   0.094162883098   0.456369497952
0.457279780978   -0.363849422756   -0.811485518641
-0.411867016114   0.848886292635   -0.331299811612
0.907596212087   0.414647359758   -0.0658596080866
0.0814654454483   -0.327811583611   -0.941225593
-0.961670223918   0.261832062912   -0.0815247415971
0.179589931679   0.376639583931   -0.908787033338
-0.207243260689   -0.888588986177   -0.409229051323
0.597171014037   0.730242760311   -0.331861855148
-0.800253896584   0.514242729132   -0.308460883112
-0.0545937806954   0.449777641087   0.89147046651
-0.643625309289   0.171125052683   -0.745964156492
-0.362082363852   0.79062010917   0.493777465102
0.674271954195   0.58790818977   -0.446901729579
-0.793583839466   0.472404645075   -0.383632733496
0.437347845425   0.00430806458025   -0.899317763572
-0.423163189562   -0.881407640701   -0.210074825999
-0.973885520463   -0.145766926488   0.174063936062
0.188514249841   -0.0919186767843   0.977759133845
-0.126525208168   0.985039364367   0.116997821633
-0.573446014614   0.520054179711   0.633011795265
0.694010514302   0.718959319575   0.0380396186357
-0.43532710554   0.461130411828   -0.773207441076
0.932778595013   0.360440792416   -0.00255495153731
-0.348923800613   0.90115044033   -0.257254864198
-0.0904227514508   0.240853314179   0.966340212882
0.99767515784   -0.0676400728968   -0.00831263996845
0.0181576467607   0.381404432047   -0.92422992985
0.0656854573619   0.921930303171   0.381745911485
-0.852364987054   -0.410179417399   0.324398061303
-0.510668318538   0.519171223951   -0.685332773752
0.112690394787   -0.74981063468   -0.651990354354
-0.343187635582   -0.796895354835   0.497172098654
-0.458108395187   -0.32008159263   -0.829267463981
0.819974999922   -0.51235302478   -0.255216436233
0.439046220168   0.305444906087   -0.844950790304
0.320678780408   0.825223608835   0.464942059829
0.839287524324   -0.475088842795   0.264361606285
0.154851979519   -0.411995335607   0.897931313611
-0.961388065605   -0.272134951202   0.0409323764593
0.227494588591   -0.869598939493   -0.438228008951
0.0349079807149   -0.599710103812   -0.799455560514
0.99821347302   0.0597355363055   -0.0012238258994
0.0484898353434   -0.797984603144   0.600723976694
-0.996024920217   0.0146775946604   -0.0880046602659
0.087876710354   -0.0091534567818   -0.996095873592
-0.015425167451   -0.999856926677   0.00781419541563
-0.56483200502   -0.135310782236   0.814036778861
0.336261587101   0.86310999438   0.376788122896
-0.7535867768   0.486551268342   -0.442012336849
-0.832222086388   0.545911759417   0.0968870066395
0.00461742356398   -0.167916553534   0.985790509478
0.554423502862   0.820843834177   0.137222959106
-0.92928268583   -0.0119787649093   0.369173378198
0.270435499136   0.658711532159   0.70211362551
-0.251589178594   0.75230008076   -0.608889530029
-0.577535399153   0.166883802576   -0.799125710454
0.527991226478   -0.670230901956   -0.52155057303
-0.622637430157   -0.723145581403   0.298969499777
0.301827937137   -0.103388743694   0.947739775601
0.721135189538   -0.6254783229   -0.297894189939
0.623589570942   0.773361285343   -0.114229586422
-0.247908139704   -0.810756417964   -0.530297623966
-0.220507088159   0.580239833944   -0.784027011094
0.943354738858   -0.0774322980619   -0.322623712671
0.948320979559   -0.119054099743   0.294131672093
-0.231644986396   0.373752105408   0.898136936946
-0.216859215787   -0.919856227116   0.326858677422
0.99998401163   -0.0016626921898   0.00540480707653
0.00168906255195   0.999986675224   -0.0048781596099
-0.00539662418074   0.00488721067338   0.999973495458
0.895371457063   -0.406163322679   -0.182596052143
-0.274602818242   -0.826371661062   0.491633327119
-0.350575605485   -0.390053062327   -0.851443194763
0.865298383514   -0.501252580528   0.00213442325145
0.501247178669   0.865300193713   0.00261503275832
-0.00315770877973   -0.00119290997391   0.999994302904
