-0.140204795689   -0.860086246593   0.490504070848
0.711014167206   0.257303937398   0.654410822568
-0.689058378607   0.440506888804   0.575458273272
0.772623845919   0.218643457608   -0.596026368094
0.256927342133   0.750825063872   0.608481770192
0.58055209403   -0.623262996043   0.523929866022
0.949565156041   -0.19458168615   0.245894250182
0.0983077002656   0.929375945192   0.355803245012
-0.297760996314   -0.313685065802   0.9016318924
-0.610186559339   0.731678623687   -0.303838957376
0.398125369082   -0.0483844694028   -0.916053882332
-0.684958327836   -0.679930082054   -0.261775990552
0.596800339147   -0.683777382554   0.419854545864
0.534867653666   0.729061004272   0.427067489588
-0.598118668524   -0.0303074035406   0.800834262744
0.228986391218   -0.94878420008   -0.217654915683
-0.818001476653   -0.0663460388478   -0.571376961759
0.527672914631   0.308879571864   -0.791299213352
0.947488266432   -0.197060155662   0.251859719641
-0.114218416603   -0.944164056548   -0.309046610736
0.298697466738   0.264051035501   -0.917092293184
-0.99432761075   0.078310185476   0.0719967135042
-0.102703272001   -0.530380831597   -0.841516980018
-0.0277137118578   -0.844136425342   0.535412401633
-0.985983415168   0.0729801528491   -0.150071501101
0.0618843719699   0.995083276409   0.0773280310575
0.154977039133   0.0669566813055   -0.985651952515
-0.890132437978   -0.219640337317   -0.399273815976
-0.454860337464   0.375114179013   0.807706942762
-0.0276320701857   0.900581231321   -0.433806180098
0.893638800503   0.0364734073096   -0.44730234703
-0.445947446961   0.184107838382   -0.875919639984
0.0504041034915   0.982229113659   0.180791128371
0.193323361391   0.684917414223   0.702505664882
-0.375067508186   0.713220801314   -0.592149011057
-0.906614823285   -0.149010813993   0.394772511934
-0.443838060852   0.802756285478   0.398240623341
0.863828635026   0.265065276118   0.428419507191
0.238355485067   0.534158713267   -0.811090621261
-0.839993746855   0.521152550536   0.151031138835
-0.486155247134   -0.846487464944   0.217052822004
0.240963610349   0.108898443173   0.964405342816
-0.011959275913   0.596984238734   -0.802163829098
0.514362306704   0.691618331085   0.507045861736
0.857489596119   -0.406538936838   -0.315337444584
0.734077251452   -0.678831058048   0.0178600458108
0.665865106083   0.714397271227   -0.21508183768
0.1332450641   0.169779065345   0.976432702064
-0.214959276619   -0.919832640771   0.328177315798
-0.962374144677   0.2566973356   0.0891203660688
-0.166218059454   -0.296672120301   -0.940402623951
0.116580848758   0.922175122764   0.368787890954
0.867889000442   -0.2751294174   0.413613565416
0.48288730411   0.271846540422   -0.832420939033
0.91835940462   -0.00905687276992   -0.395644250727
-0.0552659957555   -0.992881518375   -0.105553919577
-0.391869965411   0.118802076078   -0.912323010672
0.814639852559   0.128620631464   0.56552510658
-0.568550535075   -0.0154149764986   0.822503909195
0.114508524031   -0.991574064171   0.0605696729759
0.210573495935   -0.663157453919   -0.718248551876
0.976193556403   0.103555388212   0.190584386961
-0.0520089549724   -0.741281633003   0.669176063685
-0.504545778824   0.348880752227   -0.789756733674
-0.844721332887   -0.0103077968832   0.535107060095
0.178547885519   0.937110407968   0.29990781734
-0.29611664145   0.864717819965   0.405682225534
-0.175388878906   -0.46673474687   0.866831854699
0.938910920926   0.18553116989   0.289869781745
0.163698646366   0.746833012577   -0.644552122071
0.64062385368   -0.577339845309   -0.506248719503
-0.750205348446   -0.330041117479   -0.572950921634
-0.219510724031   0.428149062279   -0.876643271735
-0.91046197426   -0.412749775658   0.0263935603536
-0.350533933928   0.8039440323   0.480416439697
0.948095678255   0.18717574927   0.25705995959
-0.0131096537882   0.83072300085   -0.556531607175
-0.317714842141   0.524275244212   0.790058696305
-0.0826756535109   -0.844848341993   -0.528579251363
-0.0271300130849   0.53210650422   -0.846242657112
0.996207161353   -0.0556232986914   -0.0669130016963
0.922869791253   -0.104238312052   0.370736730012
-0.106117937074   0.856573091891   0.504996556633
-0.370203095761   -0.505387883789   0.779443875867
-0.960956941503   -0.266534575553   -0.0743237393024
0.261046639352   -0.962338463994   0.0759096600225
-0.091757017565   0.0535438552608   0.994340843866
0.209137730897   -0.157930846224   0.965049033326
0.242588822832   -0.947645059887   -0.207654611902
0.947318558854   0.277538506551   -0.1598764581
-0.33652544645   -0.241815049058   0.910096689961
0.839141007656   -0.515566722064   0.173300857805
0.427308872244   0.822019647025   0.376418346014
0.63874777149   0.490189035237   -0.593056694685
0.188793082535   -0.847076555346   -0.496809575494
-0.74589456719   0.205371108118   -0.633612759032
-0.327162606795   0.0891012334825   0.940757977669
0.812773243487   0.534374436399   0.232042252935
-0.482041758593   0.840538471854   -0.247246426736
0.763327311907   -0.267326032676   -0.5881056139
0.501378769121   -0.328915863943   0.800271027671
-0.407370532466   -0.905732399834   -0.117038870688
-0.990977504121   -0.091377098044   0.101683297564
-0.0717767513595   -0.285621294699   -0.9558960002
0.116350182702   -0.954221824937   0.276020331262
0.744484528587   0.610799450963   0.26956781427
0.248254735558   -0.628071976445   0.737492446862
0.619767990509   -0.482130224742   -0.619223719838
-0.49550437353   0.396277428381   0.772942208832
-0.859488009699   -0.0950929082089   -0.502232746049
-0.125522187764   -0.913193062707   0.387714621924
0.385320661609   0.873577166811   -0.297306122906
-0.459236751779   -0.0979174000971   -0.882900790169
-0.800393405087   0.476733817861   0.363449134939
0.719431580962   0.672482613374   0.173739238961
0.590045098115   -0.723705585006   0.357906322246
0.366421847923   -0.154975120658   -0.917451720925
0.620066352214   -0.777686135859   0.103547691189
-0.740467445941   -0.536488765525   0.404831196165
-0.25927940867   -0.327695910836   -0.908509899975
0.47185988576   -0.841636533639   0.262671303009
-0.81013887634   -0.296334355508   0.505827045346
-0.347883988167   -0.451479727125   -0.821670770839
0.647924434183   -0.696425609654   -0.308521104859
0.0261514145976   -0.384462916261   0.922769889311
-0.761255545425   -0.605953410192   -0.2308903842
-0.161927092285   -0.565983524778   -0.808357786163
0.352271297714   0.732040126305   -0.583114222456
0.921783376709   -0.379183218647   0.0808426120028
0.889687866788   0.45000158208   0.0771626973668
0.318680658513   -0.491033987592   -0.810757881657
-0.3269528156   0.7459117112   -0.580273782028
-0.229294968255   0.794909234063   0.561732299599
0.627346928136   0.561941398383   -0.539126807071
-0.744217507568   0.228781974696   -0.627534202038
0.110876137019   -0.071722377574   0.99124283791
0.881126079226   -0.454250831634   -0.13142672197
0.459699136023   0.887982010682   0.0128308944526
0.0637404383361   -0.68302047985   -0.727612677382
0.968506924935   0.218180225379   -0.119965614676
0.240689676834   -0.697051243781   0.675416947224
0.149766589948   -0.51261036589   -0.845458785093
0.982993612744   -0.0147113308775   0.183049461556
-0.106270888842   -0.858495288777   0.501689468946
-0.400745484094   0.346289157543   0.848225729681
0.524610221061   0.845749611302   -0.0974254190531
-0.751123947882   0.405945089498   -0.520597169042
-0.117361968829   -0.992940945286   0.0171712472718
-0.96300415482   0.118012901188   0.242273135273
-0.242589303883   0.0118976237016   -0.970056487531
0.466451946829   0.181774308432   -0.865667763531
-0.230348671328   0.9698526977   0.0795313402613
0.854026970089   0.162307871838   0.494261149695
-0.810371987066   -0.365434059712   -0.458317674474
-0.384671518418   -0.258596122108   0.88620785562
-0.442295111493   0.89431229917   0.0688099101202
-0.70176981668   -0.139586268823   -0.698606359765
-0.329707591693   -0.805652763819   0.492172282553
-0.631528365418   0.575722437716   0.5193458684
0.0583392558187   -0.325220136734   -0.943837091474
0.67266380897   -0.685788159543   0.277881467825
-0.737644896058   -0.651096438879   0.178755386216
-0.900112896769   0.420416564447   0.114223333413
-0.435588031309   -0.863820390753   -0.253135691978
-0.00775400142862   -0.277604978182   0.96066401902
0.487816155182   -0.867344346164   0.098738160452
-0.54129984629   -0.21180762154   0.81371500138
-0.684857587794   -0.450390288795   -0.572816546801
-0.590418036381   -0.190900609578   -0.784197575689
-0.432157353248   -0.745831873831   0.506929388208
-0.68165159905   0.638196160955   0.357851507895
-0.342605764297   -0.889624936535   -0.301974831863
0.936876313732   -0.347436696197   -0.0393770434371
-0.0698863330917   -0.296403864812   0.952502310057
0.646350555103   0.355626933195   -0.675100328322
-0.548362322234   -0.398738060635   -0.735055615673
-0.530593754645   0.845303187599   -0.0627121646673
0.762462609422   -0.582593133942   0.281489679559
-0.518954029576   -0.810466066608   -0.271725502711
0.386442640765   0.0611005230734   -0.920289242102
-0.693167700398   -0.348095461831   -0.631146914016
-0.623944386944   -0.148592150199   0.767210953901
-0.360846615087   0.925607257555   -0.114192082848
-0.896415069015   0.192617564456   0.399220561763
0.0976009285013   -0.792792359575   0.601656700675
0.432380205175   0.578286434714   0.691836991892
0.565070435303   0.148857294531   0.811502846571
-0.381130592017   -0.825252468102   0.416770526752
0.731734129282   -0.544793269053   -0.40959166444
-0.443436690499   -0.466873453317   0.76510993358
0.402570201697   -0.866423624524   -0.29537688489
0.800812877382   0.17702951734   0.572153234762
0.808227657085   0.130913239886   0.574133938456
0.171314534713   0.880532592197   -0.441943079039
-0.563399845457   0.455548107818   0.689243453198
-0.623602672055   0.528548033718   -0.575983346039
-0.0273507891256   -0.751095580674   -0.659626792061
-0.781262934739   -0.395591388332   0.482841301209
-0.590999913592   -0.381347171271   0.710839906665
-0.513416609967   0.85749835368   0.0331655287597
-0.622191628483   -0.345356196776   -0.7025714242
0.566444824747   0.486898719109   -0.664883355497
0.0412784803281   -0.822550258357   -0.567192268505
-0.823065201639   0.293837743865   -0.486027757107
0.928823373804   0.353842433955   0.109922002317
0.336810764338   -0.929946441421   0.147522383229
0.154420930209   -0.0999993823009   -0.982933954095
0.685408160735   0.728119410265   -0.00760244974405
0.302497423876   -0.275224943126   0.912549515851
0.662352611073   -0.627768615596   -0.408895673586
0.207748458297   -0.164539287828   -0.964244471358
0.795897428848   0.601505464131   0.0688364672739
0.568672014905   -0.781740365617   0.25591822904
-0.313961065682   0.281654244686   -0.906696979051
-0.25604807732   0.894483714036   0.366521859565
0.914258118624   0.347231591144   -0.208716038379
-0.166652496011   0.0747304688531   -0.983180064862
-0.0431706328553   -0.996721241211   -0.0684421342372
-0.98507054538   0.0310384649277   0.169331507155
0.553439385409   -0.832405039325   -0.0284024807365
0.289558610663   0.16032035235   0.943638279545
-0.780935760096   -0.530470774066   0.329757641398
0.174753038242   0.879917993975   -0.44182089998
0.388639703226   0.350648166824   0.852059299929
0.904665996297   -0.320609097498   -0.280694236494
-0.464903876761   -0.633546367557   0.618452364294
0.199214189975   -0.755473534487   -0.624158132966
0.862657541124   -0.166969064767   0.477434055382
0.171630420352   0.450446643691   -0.876151113252
0.813001909118   0.437517042556   0.384196175805
0.556390912791   -0.778252290019   -0.291122744538
0.26017603988   0.523597198541   -0.81126713168
0.368581282909   0.722721781656   0.584654640015
0.892443960792   -0.451131005232   -0.00495323572596
0.281631259237   0.247922912746   -0.926940177848
0.769054890185   -0.636015757091   0.0635499904373
-0.573793028762   -0.730765526511   -0.369788267664
0.948810274117   0.298647424626   -0.102804503672
0.234102657485   -0.883453326341   -0.405839461545
-0.212025932304   0.360997837325   -0.908143744993
0.754779131766   0.55999096126   0.341641003604
-0.0370373277298   -0.483600222875   0.874505002269
0.654932583089   -0.672711591951   -0.344270779576
0.606608347897   0.0406641043057   0.793960164545
0.334713892572   -0.918925935121   -0.208666566304
0.721105347632   0.392328378269   -0.571038983987
-0.736432098931   0.525140599694   -0.426491555473
-0.209682359014   0.422199544322   0.881918834525
0.643195930222   0.738901125269   -0.200808555248
-0.760757272399   -0.452817658344   -0.464979311476
0.40066631659   -0.891261560142   0.212416204312
-0.510603657017   -0.0247044408091   0.8594612809
0.0355438459644   -0.983219566005   -0.178929818263
0.927952168328   -0.0339964794311   0.37114548308
-0.371000496139   -0.179230246719   0.911172402362
-0.633577355248   0.558235392024   0.535679959235
-0.625476673196   0.0379378553052   -0.779320006189
-0.455366558853   -0.82881480914   0.32512662825
0.990148726186   -0.138490929992   0.0206340082862
0.000303635523598   -0.145241033768   -0.989396252665
0.140019312216   0.979655704466   -0.143768173784
-0.473019498745   -0.880569889556   0.0292335289861
-0.850715472709   0.447843504005   -0.27517520876
0.229218485519   -0.155031869722   -0.960953256819
0.109185658491   -0.982052842917   -0.15378787937
-0.0601717297159   0.147899302693   -0.987170281705
0.992198498823   0.117038522962   -0.0429433378894
0.344992160027   -0.28644629228   0.893828249208
-0.853333611368   0.300879356517   0.425785590395
-0.390899175175   -0.909626375452   -0.140633231234
0.372763219926   0.260935909611   -0.890483035098
0.440485663277   0.794873756495   0.417310546973
0.816712902536   -0.547803033254   0.181361173657
-0.428643558451   0.219350466195   0.876441682164
-0.895869782504   -0.228785954519   -0.380886172416
0.116970004921   -0.948442047002   0.294577114641
-0.770402925575   0.627414525053   0.113272199254
-0.622627555826   -0.778616203366   0.0780511423634
0.13716597281   -0.0103955688266   0.990493528181
-0.585453601842   -0.755343664676   -0.2944489525
0.776760946721   -0.626631760287   0.0630494253546
-0.2321350233   -0.19180392755   0.953585124118
0.0340267538781   -0.740398174453   0.671306717654
0.860279375386   -0.320181801162   -0.396740458223
0.508686113615   0.591011115101   0.626054545687
0.989902496878   0.138237843743   0.0313583308511
-0.0610133833374   0.215845373792   0.974519428751
0.127946916377   -0.966592493513   0.222100233266
-0.765338476193   0.107635255769   -0.634563911564
0.0313302910478   0.990978996913   0.130303641365
0.642864775055   0.079845336781   -0.761806598222
0.741615542536   -0.553977216035   -0.3783058568
-0.41940530613   -0.823032058483   0.383034245777
-0.523550634003   -0.125400511813   -0.842714207312
0.0897190182828   0.926515348323   -0.365403513947
0.884606011279   0.0944450882547   0.456675214401
0.457627166471   -0.364210592874   -0.811127525864
-0.411909936428   0.84809553623   -0.333263550856
0.90749388933   0.414864854156   -0.0658951534764
0.0823739869814   -0.329577444388   -0.940528480976
-0.962494715631   0.258475250904   -0.0825492717818
0.179563409988   0.378666501965   -0.907950971869
-0.203422760268   -0.888711725024   -0.410883156048
0.597035995869   0.730397357695   -0.331764553961
-0.800318405874   0.513885556715   -0.308888464535
-0.0551223059262   0.449934811031   0.891358624318
-0.643661575084   0.171503647755   -0.745846047177
-0.362170830776   0.790271318605   0.494270714055
0.674189970718   0.588266732226   -0.44655366934
-0.795189815987   0.470821256614   -0.382239593383
0.434644873119   0.00284977319564   -0.900630294857
-0.42292268407   -0.882257580338   -0.206953229415
-0.973511208687   -0.148217655207   0.174090277054
0.188960068439   -0.0928852800611   0.977581915442
-0.12872447481   0.984583077018   0.11843209541
-0.57296389117   0.521107053455   0.632581993474
0.694808399376   0.718207032256   0.0376825646277
-0.43468819605   0.461114005816   -0.773576257716
0.932615969303   0.360860378797   -0.00269103709693
-0.349402247613   0.901088103179   -0.256823482068
-0.0902525569134   0.240457935183   0.966454581348
0.997687001889   -0.0673867717857   -0.00892576364376
0.0175148162519   0.381717631045   -0.924113025021
0.0656801147988   0.921819220233   0.382014985808
-0.852425627681   -0.410284594899   0.324101668173
-0.510523961192   0.519306991913   -0.685336980175
0.112874377841   -0.749658617329   -0.652131585749
-0.343066699432   -0.797004613529   0.497080266231
-0.457396093259   -0.320469826594   -0.829510585242
0.820423036569   -0.511940077716   -0.2546042212
0.439228351022   0.305091477376   -0.84498381706
0.321222491008   0.82505330214   0.464868972355
0.838984250109   -0.475611438698   0.264384557056
0.154859706227   -0.411930021292   0.897960010862
-0.961286928898   -0.272517183254   0.0407664531195
0.227916572189   -0.869510276494   -0.438184896998
0.0350453439559   -0.59952255131   -0.799590229732
0.998193124521   0.0600734308226   -0.00129235557747
0.0488089251104   -0.798100178232   0.600544581866
-0.996179680682   0.0163486938447   -0.0859862894888
0.0859246331721   -0.00444714159886   -0.996300522137
-0.0166697085972   -0.999865237522   0.00300789246074
-0.565229803643   -0.135153190551   0.81378676798
0.33617502326   0.863119912213   0.376842636376
-0.753327048758   0.486577469616   -0.442425973148
-0.832016157603   0.546453548479   0.0955956710558
0.00274461472875   -0.168264779269   0.98573830439
0.554745419143   0.820412126316   0.138498685601
-0.92933276769   -0.0119106767716   0.369051204984
0.270419025978   0.658609104512   0.702216210688
-0.251424355443   0.752390983427   -0.608846156754
-0.577486655055   0.166648704687   -0.799211783344
0.528195712844   -0.670186973977   -0.521402852462
-0.622511489327   -0.723242597507   0.298999205633
0.301813806966   -0.103323146753   0.947751390071
0.721398763306   -0.62517732076   -0.297887582518
0.623291420074   0.773613285087   -0.114149908522
-0.247790439093   -0.810908101228   -0.530120762501
-0.220844529298   0.580057489432   -0.784066978938
0.943306771602   -0.0772100054684   -0.322817328039
0.948374485383   -0.119263169355   0.293874348128
-0.231327240354   0.37376767156   0.898212359392
-0.216964383995   -0.919822825945   0.326882903299
0.999979692773   -0.00199665246316   0.00605205912791
0.00203022406652   0.999982559447   -0.00554607893623
-0.00604087998442   0.00555825334691   0.999966306227
0.895147656422   -0.406433189273   -0.183092185454
-0.27427279389   -0.825948240771   0.492528330202
-0.351404496626   -0.390668381338   -0.850819203177
0.865199255145   -0.501422710894   0.0023478723854
0.501415721895   0.865201270055   0.0030057844901
-0.0035385507833   -0.00142334236675   0.999992726351
